0.0 -8.580516730604998 -5.828060738202823 2.500176192263181 0.129948530109 0.414859605766 0.802972697558 0.40772507159
20.0 -8.393676298020962 -5.713970840566452 2.4195797032615345 0.125821509636 0.422882511016 0.812786225123 0.38041803564
40.0 -8.777119402096819 -5.94069407024187 2.564118730464661 0.127629926114 0.414880613631 0.793436246571 0.426665678279
60.0 -8.185628944918982 -5.601211750145384 2.3453987281333597 0.125941783364 0.427326214407 0.818911463329 0.361821764013
80.0 -7.9574505552309756 -5.491603324182869 2.2709313734831724 0.125315075784 0.431056961726 0.822356302655 0.349594249113
100.0 -7.71921366192156 -5.383793445740561 2.1960469929872883 0.125981963785 0.43225130852 0.823707716333 0.344663530326
120.0 -7.482424632992254 -5.280606676339868 2.1264438260532894 0.130068469278 0.432041764154 0.823512589079 0.343873702041
140.0 -7.240196028356301 -5.184425324911527 2.0588716707177137 0.13384998393 0.432222714761 0.821503577286 0.346986425026
160.0 -6.999892304243037 -5.091441873080356 1.994487822581786 0.136484847534 0.432037280651 0.819119415536 0.351794055682
180.0 -6.760234001853181 -5.003624309793742 1.9345844149271902 0.136791716554 0.431026541226 0.816787402111 0.358277108946
200.0 -6.519240704211361 -4.919379032058271 1.8811172156411278 0.137916512143 0.428261422386 0.814213951813 0.36691529056
220.0 -6.275148117499364 -4.830752424896527 1.824861918736598 0.136583286191 0.424649990191 0.811082372088 0.378368573553
240.0 -6.031186928307522 -4.746163003235597 1.771289582279924 0.13368336467 0.421939196858 0.808208224626 0.388452748493
260.0 -5.785529690923452 -4.657771375079638 1.7248151403885543 0.132493790799 0.418825622095 0.805449540596 0.397846115012
280.0 -5.5325915254509965 -4.557761106491798 1.6803275771469857 0.131028922588 0.413419071262 0.803056160342 0.408677007305
300.0 -5.285934692986056 -4.461364350937417 1.6369635009691466 0.130376551191 0.411366113065 0.799752523697 0.417343715372
320.0 -5.06363717157241 -4.360629164278003 1.5861346120678859 0.129987336758 0.416883793721 0.797913985605 0.415505073846
340.0 -4.860451791714933 -4.245319153214702 1.5321702812482132 0.132848658832 0.423832392418 0.800915126959 0.401562319438
360.0 -4.660251231449075 -4.121748125827985 1.4796961179502797 0.138946670795 0.424245570329 0.805120279472 0.390500773769
380.0 -4.469165621684665 -4.033223216499484 1.4379703463331996 0.142313496393 0.422261176272 0.806673024859 0.388228024133
400.0 -4.320032002542911 -4.0397770503394 1.4231847362341894 0.135276079481 0.439311047908 0.805932537789 0.373066924344
420.0 -4.200342639889052 -4.094168973571192 1.4334616680213215 0.129224472297 0.455396848718 0.809271285502 0.347842970892
440.0 -3.9769097039117596 -4.231175265965505 1.5386696753079474 0.135253641302 0.430362330928 0.834531615212 0.316309500085
460.0 -4.0943878458089 -4.153231701996282 1.477089514061043 0.130582010139 0.449516507175 0.822323383158 0.323523572429
480.0 -3.83798524982174 -4.344802407394169 1.5748185243708863 0.133978562894 0.426812789796 0.836447844254 0.316600048947
500.0 -3.691118926527786 -4.4310716071695015 1.5749057125372932 0.136992269995 0.428667872319 0.832730291419 0.322548035114
520.0 -3.573666595857095 -4.482370652565397 1.5504208540729338 0.144858664923 0.43085192146 0.829596043039 0.324273024387
540.0 -3.520031772266317 -4.469033283962902 1.5146060423889005 0.163930761493 0.418686695636 0.825338159828 0.341533421886
560.0 -3.493713876936981 -4.418821924671733 1.4979562163730167 0.170423486826 0.394435601025 0.823066264262 0.371400479827
580.0 -3.4798756405547486 -4.347761962612887 1.4817300354264746 0.14977191031 0.377239887888 0.820743042526 0.402043903092
600.0 -3.4726116069379462 -4.262243252122743 1.4420874872656064 0.126051374313 0.373730975327 0.812049985814 0.430129084874
620.0 -3.4788640789555605 -4.146694982223516 1.3743951639613827 0.118171900896 0.376482203982 0.802496269065 0.447544735262
640.0 -3.4930808456703817 -4.005013375442325 1.293571459871105 0.123753476878 0.380670028416 0.793917239874 0.457679825486
660.0 -3.5218673741443043 -3.852020950392266 1.2213553114630615 0.13109831383 0.385114637207 0.783970467022 0.468924572994
680.0 -3.5571027882501065 -3.6848227042824164 1.1585905011854216 0.134182217177 0.387226954595 0.774607113126 0.481699323772
700.0 -3.597977744579025 -3.498873611697773 1.0979018629398913 0.134828220324 0.387833021367 0.768529454348 0.490682561685
720.0 -3.642924558742738 -3.3081078589891253 1.0333773057109525 0.133920168545 0.389953501576 0.765313378252 0.494264188602
740.0 -3.6968142175204437 -3.1032713237253127 0.964998481424114 0.131546691263 0.393650624142 0.766866735087 0.489540667103
760.0 -3.7528706041721263 -2.8810659431477204 0.8828174047401478 0.128143958127 0.400272715555 0.773566713442 0.474294654231
780.0 -3.8137378946409646 -2.6516958543542035 0.790474754102982 0.13044651806 0.40278183513 0.784073059225 0.453850126158
800.0 -3.848452937881145 -2.465994446699481 0.6863992554057473 0.126688952692 0.411636330114 0.795433257234 0.42636999693
820.0 -3.8459371633981796 -2.3408457539036354 0.5912030148328563 0.122784460312 0.420985174858 0.803130887722 0.403331422088
840.0 -3.8306268698217707 -2.239595409591856 0.4994331601411911 0.130011540155 0.424363991991 0.809178137069 0.385023303473
860.0 -3.8084504917956608 -2.1576968004136763 0.4262189264019586 0.139876155427 0.424423154675 0.811965346887 0.375515542119
880.0 -3.842448635898606 -2.1007224821539174 0.39548301294917165 0.143089457987 0.430454990344 0.813005583569 0.365042229593
900.0 -3.913281576733527 -2.0592154692522766 0.3987658462791249 0.141641774054 0.44025641513 0.815433815547 0.34810858829
920.0 -4.000436551448327 -2.0201971990263976 0.4351881678476073 0.140932085232 0.442908085771 0.823477765352 0.325353569031
940.0 -4.098592016436246 -1.990112666221463 0.4956017024878452 0.142250839592 0.439200357695 0.835375077705 0.298355868027
960.0 -4.202642983571578 -2.0011081643524995 0.542243799318342 0.141781528399 0.435775616817 0.845050361619 0.275476852602
980.0 -4.297387090421521 -2.059369039525775 0.5893920009160986 0.140855057092 0.432044294151 0.849328137346 0.268587594456
1000.0 -4.362948432254528 -2.1286854026871262 0.6287658191248467 0.139812693464 0.428731377827 0.85025887499 0.271480500061
1020.0 -4.290581978283851 -2.1244357432713397 0.6244014450658212 0.132743075431 0.429218480234 0.844832664496 0.290531480484
1040.0 -4.099047486120498 -2.076126598372463 0.5798262431811689 0.125711920338 0.428363712747 0.833987715642 0.324292357055
1060.0 -3.8221469246626825 -1.9977906892151447 0.48943555382993215 0.117959163726 0.426395846597 0.822493584174 0.357458419527
1080.0 -3.4915635814573833 -1.8806646244366356 0.39718017021891133 0.114814879298 0.424961166537 0.812277950981 0.38266183606
1100.0 -3.1409275156147496 -1.7428430809353095 0.30130824479152923 0.115164290524 0.420910664113 0.805696983848 0.400529361273
1120.0 -2.793497157206972 -1.603677326716454 0.2229384923561471 0.121662222457 0.41433716455 0.799624939184 0.417280450458
1140.0 -2.4495917159248575 -1.4668182192837687 0.15031879205767845 0.127483759881 0.410564631462 0.792854513026 0.43193320726
1160.0 -2.1087838041816163 -1.336115707918759 0.08347644092956828 0.126223381734 0.416002815233 0.784545655323 0.44215091353
1180.0 -1.7739567654452788 -1.2029525768497085 0.024252503270756738 0.123895379477 0.422471704403 0.780534394675 0.443772072862
1200.0 -1.4483126781697093 -1.0628801155699965 -0.03634873034079774 0.126554357474 0.427304533063 0.781624380071 0.436415122456
1220.0 -1.1358876753378675 -0.9048337604963108 -0.10954136211213673 0.13278113043 0.429324952903 0.785774727516 0.424979215744
1240.0 -0.8312041576185527 -0.7460372166500772 -0.18391504600435887 0.135799436164 0.432517306624 0.788867521156 0.414940148303
1260.0 -0.5226096341976333 -0.5832664189191648 -0.27014554439839805 0.131656829984 0.435144143014 0.79236740317 0.406779980226
1280.0 -0.21384085889983384 -0.4124382472155944 -0.35639304658365095 0.127033947636 0.434974315021 0.795697654989 0.401901683581
1300.0 0.11069011807121223 -0.2410607031306608 -0.43797281283123435 0.123188967617 0.434023586168 0.798261619981 0.399031816993
1320.0 0.4510602993591315 -0.06975538876102667 -0.5182838562936545 0.118764651588 0.434456507596 0.798422665909 0.399579462813
1340.0 0.7975515447339755 0.0982626768003223 -0.588471444450715 0.120525801703 0.434899004473 0.795144280991 0.405070314191
1360.0 1.137807155656931 0.26972494009983 -0.6594963939294376 0.123877773883 0.439115343216 0.793214716625 0.403289506211
1380.0 1.4601440532162444 0.4482615584654812 -0.7237810652522392 0.128528444878 0.444243155929 0.793148773866 0.396287117859
1400.0 1.7816092597908746 0.6288311853942202 -0.7895567567992677 0.131733033789 0.446401108412 0.795669513714 0.387662847283
1420.0 2.0936489346317817 0.8200420564873514 -0.8636284731039524 0.134912583805 0.449715813661 0.799446495242 0.374752695681
1440.0 2.397849282488598 1.0115973457187606 -0.9406474709959013 0.137353509911 0.452056723666 0.802567761331 0.364230312269
1460.0 2.70367269155149 1.2064155636395442 -1.0264751908910703 0.136437887653 0.453561516466 0.805702954672 0.355681602598
1480.0 3.006198845167793 1.398948282702781 -1.1082656030443183 0.133564452834 0.454582632959 0.807795350774 0.35068766448
1500.0 3.3089352493028112 1.6040431312042385 -1.1953446977003226 0.128157301613 0.451702816698 0.810774299216 0.349550149709
1520.0 3.6102074083520805 1.8027048544648958 -1.2693740226122656 0.122107524576 0.450321410835 0.812018424551 0.350608695808
1540.0 3.9095028875517954 2.0030069196002622 -1.3337877364889112 0.122185848015 0.445408073529 0.811742762637 0.357429648864
1560.0 4.216785342420298 2.1877123523298545 -1.3885827913843556 0.124716237098 0.43885007686 0.809274009982 0.370043304238
1580.0 4.5310341901477225 2.3569905883061293 -1.435964846001939 0.124579142686 0.435416029564 0.804685025374 0.383894423436
1600.0 4.856407186645007 2.5167877948306345 -1.4746117400256982 0.125111558698 0.432669787832 0.799661872989 0.397095506731
1620.0 5.181146273323159 2.668524247875222 -1.5085974540149505 0.126013853576 0.432235369457 0.796440171946 0.403703042605
1640.0 5.478584552724832 2.7991428420616855 -1.530373134275819 0.129264008324 0.428451100902 0.794442109299 0.41058763408
1660.0 5.6830772118003665 2.909299119266767 -1.5417953363912387 0.135597669039 0.43069390025 0.796655287937 0.401816361838
1680.0 5.795280558336458 3.0325929279570865 -1.550820027765195 0.141588859601 0.442858931967 0.810282840934 0.356749602525
1700.0 5.846885762718235 3.154940652722934 -1.5601854852769985 0.143466741429 0.451218634976 0.832213096375 0.288514124049
1720.0 5.853383531129445 3.2560148629725365 -1.5651173421825786 0.143107221496 0.459313711185 0.851888883916 0.206969967225
1740.0 5.827730485850141 3.334166976187194 -1.5703211591255035 0.140719736235 0.466591313602 0.865367692945 0.116744412767
1760.0 5.780236162373444 3.3818257786029764 -1.561640757364627 0.140736858907 0.471964954844 0.870106700028 0.0188824921578
1780.0 5.749770225750515 3.4098038985916195 -1.5372577177756888 -0.150927516794 -0.468426192735 -0.868449284045 0.0599468737799
1800.0 5.752879447217475 3.4262359196578887 -1.5102291360035762 -0.161370505207 -0.462589100679 -0.864441763451 0.112744496912
1820.0 5.764591609850359 3.429154794191087 -1.494284565409398 -0.159001955975 -0.460793192415 -0.85907190025 0.156152111802
1840.0 5.782084835997917 3.4244933379062923 -1.4855820824678199 -0.151238776938 -0.460942673919 -0.852858712335 0.193108002176
1860.0 5.802527375771404 3.4136145975199375 -1.4793334802811537 -0.149965173564 -0.459587519162 -0.84599743589 0.224895747882
1880.0 5.824369167209767 3.4002931026676224 -1.474284352744635 -0.15297943886 -0.456651977087 -0.83888805681 0.253639687846
1900.0 5.846932715094038 3.387015160241045 -1.468028444723952 -0.153228145644 -0.453396109006 -0.831888795437 0.280916599273
1920.0 5.8726367326377735 3.3845700355845034 -1.4721385452326083 -0.147141219286 -0.449828420799 -0.823435681376 0.31298168008
1940.0 5.901021766647435 3.413333798835473 -1.4920596149849865 -0.138239345647 -0.445503471643 -0.811235213515 0.352581860597
1960.0 5.922845307462248 3.481232700812512 -1.5201932819619524 -0.130513996002 -0.436231041851 -0.79598563904 0.398842622364
1980.0 5.931593970328773 3.5744516018566874 -1.5475717991113132 -0.124393230018 -0.422785102619 -0.776981518258 0.449531758184
2000.0 5.9169399108297505 3.6897844968298275 -1.567117800130243 -0.127552406054 -0.409233763331 -0.757327388122 0.492659454248
2020.0 5.8334967782463085 3.8580835822896926 -1.5771521096464307 -0.129855367503 -0.396739283311 -0.742821466941 0.523404043602
2040.0 5.7515326547019265 3.956192761832717 -1.5584010238114745 -0.120724067997 -0.377768609983 -0.718206753233 0.57174787829
2060.0 5.7077858202425595 3.968425199133125 -1.511350977100836 -0.111937123544 -0.361695260341 -0.673839389506 0.634497514707
2080.0 5.7205449955733565 3.928054087489398 -1.4534008683624546 -0.0983812792417 -0.336162681197 -0.611282990714 0.709682239406
2100.0 5.8024327833169105 3.880532187905879 -1.4001708138872728 -0.0713554668083 -0.288392959305 -0.534993274825 0.790898283139
2120.0 5.942846140164894 3.8364141285364735 -1.3402176522802558 -0.0477295133774 -0.224582549843 -0.437631940914 0.869346223406
2140.0 6.096843748256002 3.837628774846764 -1.2718964392460892 -0.0439382003647 -0.167141035653 -0.334296893335 0.926487396491
2160.0 6.191429984621427 3.9125193307355155 -1.2138376746504855 -0.0397194905634 -0.122146830649 -0.248516414554 0.960074010443
2180.0 6.2165841338414625 4.009133588314825 -1.1742752242830432 -0.0284906384431 -0.0776341371103 -0.180161893648 0.980154536975
2200.0 6.180993246724879 4.1009251725377425 -1.135072006440248 -0.0159750401216 -0.0368813865447 -0.121353614328 0.991795272074
2220.0 6.100039220085617 4.166235733337704 -1.0923431882155812 -0.00718811685469 -0.00854347267463 -0.0674210597199 0.997662137578
2240.0 5.962567481739395 4.204914907924139 -1.038700761209492 -0.00110073667941 0.00168567086081 -0.0282239831346 0.999599596673
2260.0 5.785414030305299 4.216007430618908 -0.9915693031218291 0.00148989106435 0.000203346340895 -0.000215075582678 0.999998846308
2280.0 5.614615258217262 4.2011766195453815 -0.9486953996221741 0.00117958153535 -0.0124143479047 0.0221087501708 0.999677795952
2300.0 5.523577944077581 4.1576373327645335 -0.9106580535402921 -0.00212067601167 -0.0277216969262 0.0456396093471 0.998570997131
2320.0 5.469233057132439 4.098351071431624 -0.9111177103942865 0.00621324236612 -0.0189795568495 0.0620878144443 0.997870871074
2340.0 5.430472392456802 4.029466913125761 -0.9412724114661988 0.0195176028871 0.00481833626851 0.070520755137 0.997307710743
2360.0 5.393856084376168 3.959461620948915 -0.9739661648521907 0.0244523674493 0.0213415354398 0.0734277658538 0.996772282817
2380.0 5.356502362502599 3.895720558935546 -0.9954938910143348 0.0188740578763 0.0165443982783 0.0712189183522 0.997144883401
2400.0 5.330361354333168 3.828947435381456 -1.017837731380482 0.0126801180283 0.0069347743441 0.0693232791259 0.997489552067
2420.0 5.30282483930066 3.7563319821140526 -1.0551988050645151 0.0128234956401 0.00116433691981 0.0603326929262 0.998095270224
2440.0 5.246924740234951 3.6858713801716494 -1.089673180506667 0.0110864160063 -0.0133545830531 0.0303474663707 0.999388702046
2460.0 5.210129504019826 3.6272302019107916 -1.1218396928398664 0.00940445415636 -0.0225663390609 0.0070839662472 0.99967601452
2480.0 5.201134138054078 3.567022892137267 -1.1473666331955656 0.00687847747925 -0.0234713077228 -0.00231144381637 0.999698175195
2500.0 5.200524648661087 3.494148677651301 -1.152162066684444 0.00610995184271 -0.02157171276 -0.00229703008969 0.999745994416
2520.0 5.144344252503116 3.3656825593778854 -1.1011271994517617 0.00167494394857 -0.0342239730147 -0.0170577585549 0.999267205059
2540.0 5.020944967380725 3.2309190169646134 -1.0326279225024055 -0.0080839905436 -0.0596403369211 -0.0583549559972 0.996479993989
2560.0 4.886854297328687 3.168533898942178 -1.0226704911158802 -0.00623186222095 -0.0700409444142 -0.105380623438 0.991942717198
2580.0 4.767911494608268 3.1580486929964424 -1.0389473295746257 -0.000316213895209 -0.0768060984281 -0.131452412642 0.988342545104
2600.0 4.672097662732225 3.183582005682945 -1.0593946671686187 -0.000201643437868 -0.0754390863302 -0.131831760959 0.988397334272
2620.0 4.604990223690247 3.236300546498196 -1.0773288876328986 -0.00527406138659 -0.0632117215021 -0.111781127932 0.991706328496
2640.0 4.5650805908343015 3.3073490062725797 -1.1097211187415676 -0.00531698200996 -0.0317980420184 -0.0690018188059 0.997095463447
2660.0 4.509498820721837 3.40049919464759 -1.1439097408659173 -0.00761750481589 -0.0107559271219 -0.0229083330717 0.999650684954
2680.0 4.411418598139796 3.4833050506487577 -1.1595127880687048 -0.0168918348954 -0.0176171788475 -0.000969243729948 0.999701636234
2700.0 4.302748823223818 3.48023537646077 -1.1395482481598254 -0.0205873371612 -0.037871083187 -0.00145162825097 0.999069484762
2720.0 4.144725874270915 3.389667769266975 -1.0979000860461088 -0.0119197080112 -0.0528654185778 -0.0279201464727 0.998140087112
2740.0 3.9516204850007535 3.2503680215698147 -1.048641333479364 -0.00234106149221 -0.0632795950006 -0.065637717797 0.995832266142
2760.0 3.7577130963796903 3.1109750170677284 -0.9464423540497101 0.00184485037728 -0.0649886915013 -0.093249560303 0.993517783438
2780.0 3.575997507804544 2.9519607202614186 -0.8157127523541503 -0.00709001424524 -0.0620133624041 -0.101983075325 0.992826030545
2800.0 3.387568350023975 2.7736795895271342 -0.6730312202389144 -0.0166038213008 -0.0619674576159 -0.0996955104902 0.992947708846
2820.0 3.20600407651543 2.5829472925444956 -0.5358214141084303 -0.0149975238325 -0.0557551242305 -0.0895053822761 0.994311433578
2840.0 3.0476576838075338 2.3917631665641177 -0.4275996066339832 -0.00385308054457 -0.0477672280481 -0.0720097583156 0.996251996436
2860.0 2.878944124092652 2.1670822850072233 -0.33631103046225613 0.00703784195819 -0.0405093629935 -0.0521010143852 0.997795041374
2880.0 2.705184155501636 1.9363104950586667 -0.25870455959740185 0.0171498515407 -0.0468993323361 -0.0427594424687 0.997836642592
2900.0 2.547486159918617 1.7075774534901602 -0.20823691172071265 0.0321845665414 -0.0443567079159 -0.027592787902 0.99811586211
2920.0 2.397318881722753 1.5146119326352834 -0.16295642877571753 0.0350985136369 -0.0511503662636 -0.0179076457223 0.99791334824
2940.0 2.234807731358046 1.3223491241784537 -0.11687107871139342 0.0296003156979 -0.0521134440273 -0.017679432361 0.998045814546
2960.0 2.0663829178228186 1.135775941841028 -0.0770784904384525 0.0239233450423 -0.0444698540882 -0.0249882241631 0.998411585616
2980.0 1.891235480443361 1.0029393688084158 -0.06656190860560754 0.0203562309596 -0.0381297033722 -0.0359202839203 0.99841949239
3000.0 1.707709414648871 0.9386981796612024 -0.08062036366178901 0.0162082362378 -0.0430266577627 -0.0441619475942 0.997965792091
3020.0 1.5131811914739124 0.9238995950367936 -0.11489901333146821 0.0129915756771 -0.0512946101952 -0.0509091027342 0.997300529021
3040.0 1.315210217855776 0.9486157849758876 -0.16280987577032144 0.00924126950433 -0.0488246233152 -0.0575315785827 0.997106249385
3060.0 1.1200845519045408 1.0026921647654046 -0.20946431300339982 0.00801070528575 -0.041525338991 -0.0618634519257 0.997188241075
3080.0 0.9142846376831741 1.0760980432585632 -0.2446090603202801 0.00603602528554 -0.0380221894447 -0.0670881916097 0.997004039137
3100.0 0.6974112790673809 1.1636614856518235 -0.27526087627842394 0.00173566120108 -0.0423579760529 -0.0743390470461 0.996331518838
3120.0 0.48774677975898206 1.2657947785717598 -0.30815773420537995 -0.000458882590854 -0.0442353446966 -0.0765572706166 0.996083333874
3140.0 0.29209495196848956 1.382560821700428 -0.34891559147082196 0.00338882835724 -0.0417794278146 -0.0736614300354 0.996402021766
3160.0 0.1057885833894489 1.508764022453324 -0.38700736502151567 0.00897906164772 -0.0379710796913 -0.0649792353667 0.997123499136
3180.0 -0.07920176933057768 1.642373623202097 -0.420123994428398 0.00820213750181 -0.0372818380347 -0.0539258093282 0.997815011203
3200.0 -0.25632449395663215 1.7514077068957097 -0.42477293714552256 -0.00274131748184 -0.0479908190482 -0.045324004664 0.997815163779
3220.0 -0.43636037044786397 1.7362815573912407 -0.357595037165916 -0.0131077376404 -0.0614163237387 -0.0439460164043 0.9970581578
3240.0 -0.6226822024765919 1.627767916555749 -0.25694675144639095 -0.00886392810371 -0.0575657171285 -0.041942402443 0.997420901058
3260.0 -0.7901176368680787 1.4705067864699557 -0.16078979161881535 0.00569544460787 -0.046512148243 -0.0375840265819 0.99819418097
3280.0 -0.9422378470454271 1.2959495534948662 -0.07115894773940691 0.0175538553585 -0.0505859793231 -0.0353093421343 0.997940965797
3300.0 -1.0939169721591837 1.1076469885254225 0.012182396979503645 0.0234740245749 -0.0645127119696 -0.042118412643 0.996751282658
3320.0 -1.234288083336099 0.9107203084510543 0.07219839035394017 0.0304878924034 -0.0736650370708 -0.0506150835357 0.995531046251
3340.0 -1.3628303467721057 0.7066963892098689 0.11514083257957373 0.0375653295762 -0.0719769542559 -0.0578573508309 0.995017935027
3360.0 -1.4831762929294603 0.5204108946261478 0.18369625205884935 0.0368244400993 -0.0709733983723 -0.0658659274867 0.994619734839
3380.0 -1.613735015505926 0.3501303978814211 0.2909904586316517 0.0178103415386 -0.0777507091548 -0.0792874060306 0.993655436359
3400.0 -1.7666165902825368 0.16263121491472393 0.3943871214064013 0.00252652925804 -0.082361779003 -0.0975088489151 0.991817613472
3420.0 -1.9195644823389375 -0.02728403851679562 0.48338478888579384 0.00427116632774 -0.0814054643906 -0.112024154083 0.99035624722
3440.0 -2.066442281086883 -0.23497531387780998 0.5712471506628825 0.00999076429535 -0.0787175407241 -0.109710294799 0.990791292163
3460.0 -2.1830834242539887 -0.45274778939263594 0.6459718403423435 0.0165680222701 -0.0727021627247 -0.0873390871531 0.993384004315
3480.0 -2.284906414484802 -0.6693253191445478 0.7054334699395649 0.0222723909553 -0.0667887356629 -0.063049733087 0.995523950765
3500.0 -2.381777735301127 -0.873746184889148 0.7581541342668016 0.0254638442905 -0.0614026892394 -0.0414383040677 0.996927364126
3520.0 -2.482213582937342 -1.076344475730405 0.8036839808921583 0.0292872051952 -0.0506553061293 -0.0221046950769 0.998041923983
3540.0 -2.6233925772202973 -1.2884607741165512 0.8584433155598032 0.0278798148488 -0.0523722471724 -0.0243502617764 0.997941345171
3560.0 -2.7876187391889538 -1.505914998933441 0.916802967240099 0.0232016087224 -0.0581590428826 -0.0392441961432 0.99726581419
3580.0 -2.957591111221976 -1.718814652887586 0.9681241580792949 0.0224197688378 -0.0587846370224 -0.0544750461981 0.996531078169
3600.0 -3.1121979636137542 -1.8488005559911642 0.9734149040283987 0.0242034798784 -0.0567172913306 -0.0655579197914 0.995941514136
3620.0 -3.250512853508958 -1.9174729012402805 0.9606199972481103 0.020898605227 -0.0611553051102 -0.0653376323117 0.995768181235
3640.0 -3.3752589343251236 -1.97049198349819 0.9496527761958761 0.0130903374425 -0.0685352059715 -0.0610045404023 0.995695744019
3660.0 -3.4858466339319376 -2.049207760453796 0.9551636173173148 0.00612059448541 -0.0668008433024 -0.0519571969254 0.996393815389
3680.0 -3.608562189943268 -2.0992726046796437 0.9424417755926177 0.00707547802986 -0.0534194661486 -0.0489570795507 0.997346230057
3700.0 -3.753773473470905 -2.129097074839132 0.940169387915684 0.00437094599052 -0.0481748060806 -0.0539085562089 0.997373526046
3720.0 -3.9071944992821064 -2.177305193276678 0.9710901290655202 -0.00317071341717 -0.0574516458404 -0.0627843889348 0.996367088714
3740.0 -4.108555282621876 -2.304052783139511 1.0461044691895869 -0.00740280564321 -0.0732666695661 -0.0868108575928 0.993499405437
3760.0 -4.324155733087543 -2.4817735573610005 1.1469342763201253 -0.00682114777727 -0.0709537472812 -0.104719862536 0.991943944021
3780.0 -4.514201449962504 -2.6781095550428033 1.2807493726901866 -0.0095969600469 -0.0584912234593 -0.103552604154 0.992856250073
3800.0 -4.648982442256578 -2.8747571130633838 1.4135445134392748 -0.00760210170696 -0.0393402528197 -0.0732358461149 0.996509439695
3820.0 -4.765485140130131 -3.0640568586861794 1.5368796956329593 -0.00142909149398 -0.0253290562754 -0.0342421057726 0.999091524735
3840.0 -4.886052493779223 -3.2227716187524065 1.6323532347707888 0.0087917760856 -0.0171153635799 -0.00597163535198 0.999797033689
3860.0 -5.026920610389366 -3.353145477104923 1.6904608714121159 0.0179330318728 -0.0160874841751 0.00636482708404 0.999689495892
3880.0 -5.194269141380678 -3.4689230774080646 1.7086702559715627 0.0185018851878 -0.0351353433462 -0.00116379301118 0.999210605167
3900.0 -5.359677270726156 -3.597988353384642 1.7398489520069431 0.0151149380881 -0.0641488954834 -0.0225722869669 0.99757052368
3920.0 -5.513663137201015 -3.791770237314242 1.7883660911393116 0.019139258719 -0.076515475603 -0.0435589963519 0.995932570311
3940.0 -5.667912902866024 -4.007559668260846 1.8289025390912115 0.0280567120328 -0.072032643943 -0.0645579487344 0.994915267936
3960.0 -5.8055826733524025 -4.201319975255199 1.8712061517644198 0.031490363983 -0.0682118241499 -0.07627929319 0.994251966783
3980.0 -5.9234359832316175 -4.314998836668579 1.9051761922743107 0.0239670758927 -0.0699655477077 -0.0789319314345 0.994132864162
