1662135958175187456.000000 0.014032737 -0.030704316 0.020440498 -0.004256781 0.011343657 0.004741325 0.999915361
1662135958226188544.000000 0.019264419 -0.040912542 0.029245799 -0.001258836 0.023222307 0.009749063 0.999682009
1662135958268189184.000000 0.033290263 -0.063344263 0.042675678 -0.006809586 0.031768385 0.012121166 0.999398589
1662135958310190080.000000 0.038914762 -0.068498351 0.044957101 -0.003493234 0.037698183 0.012644692 0.999203086
1662135958352190976.000000 0.046215896 -0.080452956 0.053958587 -0.000306352 0.049621392 0.013473781 0.998677194
1662135958394191872.000000 0.052178144 -0.090667978 0.063687176 0.002073136 0.060694829 0.015752213 0.998029947
1662135958445192960.000000 0.057810973 -0.098580427 0.070221908 0.003295943 0.069074154 0.015957300 0.997478485
1662135958487194112.000000 0.063634463 -0.112220645 0.074504711 0.003421586 0.080419615 0.017277854 0.996605456
1662135958529194752.000000 0.067979991 -0.118369311 0.080994979 0.007091143 0.090007596 0.018323848 0.995747268
1662135958565195520.000000 0.071818501 -0.125000775 0.086348459 0.007635856 0.099283949 0.020199632 0.994824827
1662135958610196480.000000 0.074481867 -0.129570499 0.089846842 0.008008542 0.103938378 0.021165324 0.994326293
1662135958652197376.000000 0.079590395 -0.138368592 0.095946588 0.012621620 0.116509907 0.021032007 0.992886603
1662135958694198272.000000 0.084572613 -0.146221295 0.102971531 0.014615926 0.128208965 0.023136916 0.991369545
1662135958739199488.000000 0.088139549 -0.152697667 0.110641845 0.018151129 0.139689758 0.023128787 0.989758730
1662135958781200128.000000 0.091022752 -0.156570435 0.115485653 0.023597002 0.150171891 0.022948280 0.988111854
1662135958826201088.000000 0.095560007 -0.161583647 0.117877826 0.026653530 0.157843381 0.024200756 0.986807704
1662135958868201984.000000 0.097103789 -0.157626241 0.123673968 0.034200530 0.168433204 0.022698991 0.984858096
1662135958910202880.000000 0.102859721 -0.169847026 0.125161022 0.036642846 0.176016673 0.024845060 0.983391166
1662135958952204032.000000 0.098118700 -0.166485086 0.120784469 0.042507827 0.184720770 0.020173518 0.981664062
1662135958994204672.000000 0.100386024 -0.170867264 0.121026471 0.043519553 0.189362168 0.012122269 0.980867505
1662135959039205888.000000 0.102524236 -0.173761711 0.129925415 0.042646009 0.198837996 0.011447924 0.979037166
1662135959084206592.000000 0.105376497 -0.175338671 0.130141065 0.045023963 0.207621798 0.016507175 0.977033019
1662135959129207552.000000 0.106998853 -0.176643655 0.132199928 0.051354237 0.217201382 0.015586593 0.974650443
1662135959174208768.000000 0.104976095 -0.176342085 0.133185014 0.058377534 0.229850292 0.006658570 0.971450746
1662135959216209408.000000 0.104936689 -0.174913630 0.132691786 0.061381571 0.233427569 0.008060741 0.970401406
1662135959261210368.000000 0.104889430 -0.176038951 0.132989466 0.067923725 0.247458160 0.008165696 0.966480315
1662135959306211584.000000 0.107645392 -0.175009549 0.135093421 0.075702630 0.254780501 0.008545785 0.963993311
1662135959351212544.000000 0.109017052 -0.172335878 0.136813909 0.086163171 0.263126254 0.007533856 0.960876584
1662135959396213248.000000 0.110719129 -0.166847125 0.140250579 0.105976246 0.271198928 0.004095709 0.956662655
1662135959438214400.000000 0.111493520 -0.168806151 0.139518991 0.106073603 0.276673436 0.004844473 0.955079496
1662135959483215104.000000 0.110652074 -0.166750446 0.141206786 0.117185004 0.288836539 0.007443822 0.950150371
1662135959531216128.000000 0.109559454 -0.162710220 0.141552448 0.132253125 0.299493134 0.008787381 0.944846928
1662135959573217280.000000 0.109271467 -0.161747381 0.142949134 0.139888361 0.307754517 0.010879168 0.941063285
1662135959615217920.000000 0.109615937 -0.163130596 0.142656907 0.138783664 0.314632177 0.013234687 0.938919902
1662135959654219008.000000 0.109930485 -0.163942546 0.144274354 0.140550241 0.323292136 0.016581785 0.935656428
1662135959696219648.000000 0.109649196 -0.163625702 0.144793153 0.143655166 0.330470443 0.016362693 0.932676136
1662135959738220800.000000 0.110115491 -0.163768336 0.145932078 0.149095133 0.336921453 0.019978754 0.929438293
1662135959780221440.000000 0.110367298 -0.164019316 0.147099704 0.155158222 0.345886290 0.023346156 0.925064087
1662135959825222400.000000 0.110457286 -0.164095417 0.147871971 0.159700796 0.352194995 0.025240738 0.921855330
1662135959870223616.000000 0.110623516 -0.164252549 0.148822486 0.162715659 0.360728592 0.027848486 0.917945027
1662135959909224192.000000 0.110637985 -0.164176732 0.149723232 0.168748111 0.367183149 0.029270837 0.914245009
1662135959951225344.000000 0.110779196 -0.164127856 0.150480583 0.175463513 0.373897344 0.032069907 0.910156488
1662135959999226368.000000 0.110779844 -0.164099634 0.151211321 0.178174421 0.381806791 0.030944878 0.906377375
1662135960041227008.000000 0.110892318 -0.164184213 0.152102798 0.180796713 0.387581289 0.034670174 0.903267026
1662135960083228160.000000 0.110883154 -0.164189354 0.152627319 0.181082949 0.392754197 0.031341344 0.901094317
1662135960125228800.000000 0.110924080 -0.164372936 0.153217822 0.186622038 0.398490846 0.036096431 0.897259355
1662135960167229952.000000 0.111004330 -0.164407700 0.153798908 0.192817479 0.404203713 0.039350439 0.893248200
1662135960218231040.000000 0.111149758 -0.164662153 0.154004365 0.193216369 0.407016248 0.042555995 0.891736627
1662135960260231680.000000 0.111317500 -0.164820299 0.154424340 0.201184943 0.413467109 0.048603762 0.886683345
1662135960299232768.000000 0.111778155 -0.164760500 0.154916182 0.204374254 0.416642278 0.049980704 0.884388149
1662135960347233536.000000 0.112279147 -0.164841011 0.155663908 0.209699690 0.421258152 0.051275820 0.880873680
1662135960392234496.000000 0.112319082 -0.164870441 0.155729115 0.212454602 0.423647583 0.053157378 0.878953993
1662135960440235520.000000 0.112372920 -0.164890572 0.155774683 0.216106147 0.425296932 0.054843161 0.877161860
1662135960485236736.000000 0.112414144 -0.164907768 0.155837208 0.216377974 0.431357026 0.058847263 0.873870015
1662135960539237632.000000 0.112631395 -0.165012613 0.156231791 0.225308046 0.436638683 0.061330426 0.868804693
1662135960584238848.000000 0.112693369 -0.165031344 0.156306356 0.229278147 0.438213527 0.062609099 0.866879761
1662135960635239936.000000 0.112833612 -0.165087029 0.156467080 0.231007248 0.441949785 0.064684615 0.864367962
1662135960680240640.000000 0.112852737 -0.165115371 0.156492919 0.229769990 0.442979842 0.065718174 0.864092529
1662135960725241600.000000 0.112907045 -0.165140897 0.156573504 0.238139212 0.448308915 0.066203125 0.859026194
1662135960776242688.000000 0.112950176 -0.165194705 0.156652212 0.237638727 0.453253061 0.064402133 0.856704175
1662135960818243840.000000 0.113017492 -0.165190503 0.156735450 0.238923982 0.453445703 0.068014041 0.855965197
1662135960863244544.000000 0.113057829 -0.165223286 0.156779185 0.243488297 0.455810666 0.071715988 0.853116035
1662135960908245504.000000 0.113115661 -0.165239245 0.156849325 0.249060214 0.456962943 0.070763424 0.850967944
1662135960950246656.000000 0.113142133 -0.165259272 0.156883836 0.250631630 0.458211005 0.072547697 0.849684238
1662135961001247744.000000 0.113176495 -0.165304184 0.156948715 0.251213342 0.461485565 0.072700746 0.847724974
1662135961043248384.000000 0.113198012 -0.165321529 0.156975299 0.253620625 0.462583423 0.074582204 0.846245110
1662135961085249536.000000 0.113219373 -0.165351152 0.157006249 0.255325139 0.464074165 0.076266974 0.844764829
1662135961127250176.000000 0.113231972 -0.165354043 0.157023206 0.259351552 0.464879394 0.077047125 0.843023002
1662135961178251264.000000 0.113282487 -0.165384308 0.157095864 0.261054754 0.465504050 0.079271436 0.841945648
1662135961220252160.000000 0.113306470 -0.165404037 0.157140926 0.264742225 0.467137933 0.079580858 0.839857519
1662135961265253376.000000 0.113310739 -0.165408820 0.157147303 0.265019715 0.466500163 0.080105662 0.840074539
1662135961307254016.000000 0.113331363 -0.165440336 0.157196283 0.266255081 0.469807357 0.081415474 0.837711692
1662135961352255232.000000 0.113364361 -0.165483102 0.157244459 0.266611546 0.470401406 0.082600340 0.837148726
1662135961400256256.000000 0.113376178 -0.165527761 0.157280982 0.263790369 0.473368078 0.082862645 0.836343944
1662135961448257280.000000 0.113387659 -0.165534258 0.157300964 0.265856236 0.472887516 0.082661577 0.835981429
1662135961490257920.000000 0.113418743 -0.165552512 0.157337964 0.269743949 0.471620083 0.084611252 0.835256636
1662135961535259136.000000 0.113437533 -0.165578485 0.157373935 0.270861328 0.472295731 0.085784011 0.834393263
1662135961580260096.000000 0.113447748 -0.165614203 0.157406718 0.271679342 0.474239677 0.086845249 0.832913518
1662135961619260672.000000 0.113466024 -0.165629327 0.157434464 0.273383737 0.472854346 0.086029828 0.833228052
1662135961658261504.000000 0.113484815 -0.165638566 0.157472834 0.276769549 0.472474992 0.086285941 0.832298517
1662135961700262656.000000 0.113484472 -0.165655777 0.157482684 0.275246382 0.473664194 0.085803576 0.832177520
1662135961742263296.000000 0.113500670 -0.165696040 0.157492727 0.274426818 0.471673340 0.085942790 0.833563447
1662135961784264448.000000 0.113516375 -0.165722370 0.157539845 0.272487968 0.473188609 0.084421262 0.833496213
1662135961826265088.000000 0.113507107 -0.165743783 0.157581046 0.272884727 0.478155762 0.082287915 0.830740511
1662135961868265984.000000 0.113548398 -0.165757760 0.157613441 0.279195607 0.470757693 0.083628185 0.832732439
1662135961907266816.000000 0.113552377 -0.165792406 0.157623351 0.275964350 0.470576435 0.080139711 0.834253669
1662135961949267968.000000 0.113563187 -0.165804893 0.157658711 0.278262824 0.470615596 0.080879942 0.833396256
1662135961991268608.000000 0.113573655 -0.165826112 0.157683402 0.276293814 0.470684737 0.079893321 0.834107161
1662135962039269632.000000 0.113584831 -0.165862828 0.157708272 0.276287317 0.469147682 0.078405552 0.835115790
1662135962081270784.000000 0.113595083 -0.165874511 0.157739624 0.279210180 0.468244344 0.079020537 0.834592521
1662135962123271424.000000 0.113605626 -0.165891901 0.157754675 0.279536337 0.466579914 0.078167520 0.835495353
1662135962165272576.000000 0.113607131 -0.165916517 0.157787725 0.278492153 0.467579067 0.076822303 0.835410237
1662135962210273280.000000 0.113623857 -0.165960193 0.157817289 0.273095042 0.465847522 0.073781200 0.838428020
1662135962252274176.000000 0.113634467 -0.165964723 0.157833770 0.276684135 0.463736832 0.075679764 0.838252187
1662135962303275264.000000 0.113648981 -0.165983960 0.157847226 0.277178884 0.460324109 0.074747637 0.840051413
1662135962345276416.000000 0.113657668 -0.165994078 0.157862753 0.273824066 0.458674133 0.071608908 0.842324615
1662135962387277056.000000 0.113673732 -0.166013122 0.157909438 0.279631227 0.455739975 0.069450170 0.842190146
1662135962432278272.000000 0.113680415 -0.166020826 0.157923594 0.281437725 0.453749835 0.068784155 0.842717469
1662135962477279232.000000 0.113696620 -0.166052312 0.157982826 0.282391131 0.451302171 0.064810559 0.844026804
1662135962528280320.000000 0.113708787 -0.166065633 0.158025727 0.283743441 0.449052036 0.062321682 0.844960332
1662135962570280960.000000 0.113719165 -0.166080624 0.158039227 0.284720689 0.445873588 0.061707594 0.846358716
1662135962615282176.000000 0.113736600 -0.166098848 0.158063978 0.286974698 0.441184759 0.060962711 0.848106802
1662135962657282816.000000 0.113741666 -0.166105196 0.158079326 0.287255466 0.438767225 0.058908477 0.849410057
1662135962699283712.000000 0.113753900 -0.166122794 0.158101290 0.286678582 0.436403066 0.057167795 0.850940466
1662135962741284608.000000 0.113762051 -0.166131124 0.158123106 0.291139781 0.432513535 0.057308264 0.851402044
1662135962792285696.000000 0.113773063 -0.166145980 0.158141717 0.289718837 0.429511338 0.055623561 0.853515744
1662135962837286656.000000 0.113777779 -0.166154996 0.158159211 0.290837735 0.427224725 0.052608214 0.854473412
1662135962882287616.000000 0.113792874 -0.166178524 0.158185661 0.292366713 0.420695513 0.049461380 0.857374251
1662135962924288512.000000 0.113796994 -0.166193590 0.158221036 0.292201519 0.419371784 0.046911683 0.858221948
1662135962972289536.000000 0.113798425 -0.166207805 0.158260122 0.291385263 0.418438375 0.044641633 0.859075785
1662135963014290688.000000 0.113815024 -0.166218087 0.158279225 0.292137086 0.412832320 0.041840747 0.861669719
1662135963065291520.000000 0.113835439 -0.166243970 0.158321664 0.292010128 0.407634825 0.038513042 0.864338338
1662135963113292800.000000 0.113840029 -0.166239053 0.158346713 0.297916234 0.403631240 0.037772905 0.864234328
1662135963164293888.000000 0.113849372 -0.166244924 0.158355951 0.297325879 0.399425954 0.036200713 0.866455853
1662135963212294912.000000 0.113859765 -0.166265592 0.158400998 0.300224036 0.394566357 0.032588847 0.867825449
1662135963254295552.000000 0.113867491 -0.166270629 0.158424258 0.303440183 0.389590532 0.029976102 0.869048238
1662135963299296512.000000 0.113874674 -0.166283414 0.158452123 0.302973926 0.387010276 0.028882343 0.870399714
1662135963341297664.000000 0.113875374 -0.166297629 0.158467546 0.301206082 0.384916574 0.028074320 0.871966720
1662135963386298368.000000 0.113882273 -0.166311115 0.158497006 0.302511573 0.380025327 0.024729786 0.873759687
1662135963425299456.000000 0.113898531 -0.166325927 0.158521369 0.302005202 0.374858171 0.022216158 0.876231015
1662135963467300096.000000 0.113904268 -0.166328326 0.158532798 0.304451227 0.371049374 0.022068374 0.877009034
1662135963512301312.000000 0.113912381 -0.166333541 0.158549070 0.303541720 0.366876125 0.019660188 0.879134774
1662135963554301952.000000 0.113914885 -0.166352466 0.158585876 0.303070039 0.363918722 0.015138337 0.880614936
1662135963596303104.000000 0.113917746 -0.166365489 0.158605337 0.302473634 0.360794067 0.014453629 0.882115901
1662135963644304128.000000 0.113922358 -0.166374326 0.158620209 0.301747292 0.355895430 0.010024670 0.884413183
1662135963686304768.000000 0.113928966 -0.166391701 0.158649385 0.299670339 0.352972925 0.008811978 0.886301398
1662135963728305920.000000 0.113934912 -0.166406900 0.158672959 0.298579782 0.348068416 0.004161545 0.888640106
1662135963773306880.000000 0.113941215 -0.166404605 0.158685714 0.302890480 0.342873067 0.004697294 0.889198184
1662135963815307520.000000 0.113946259 -0.166407064 0.158708334 0.305020064 0.338849425 0.002792860 0.890020251
1662135963857308672.000000 0.113957010 -0.166414872 0.158741206 0.306375653 0.333361179 0.000827600 0.891629755
1662135963902309376.000000 0.113961056 -0.166427314 0.158760518 0.305782586 0.328681529 -0.002384982 0.893565774
1662135963947310336.000000 0.113961682 -0.166445255 0.158790737 0.303738981 0.326831043 -0.005852235 0.894924521
1662135963995311616.000000 0.113959342 -0.166440934 0.158801109 0.307413638 0.323492795 -0.004808657 0.894888937
1662135964040312576.000000 0.113961011 -0.166444466 0.158803731 0.309937984 0.317508548 -0.005555688 0.896156251
1662135964088313344.000000 0.113960885 -0.166431025 0.158835217 0.317953914 0.313376904 -0.007624835 0.894786060
1662135964139314688.000000 0.113969415 -0.166429639 0.158840403 0.320757985 0.305346310 -0.008348270 0.896553576
1662135964181315328.000000 0.113969997 -0.166437745 0.158849016 0.318947911 0.300827950 -0.012909887 0.898670197
1662135964223316480.000000 0.113974489 -0.166444108 0.158874035 0.321126699 0.296734869 -0.012557667 0.899259925
1662135964271317248.000000 0.113975160 -0.166441113 0.158881605 0.325568706 0.293107718 -0.010517484 0.898878396
1662135964313318144.000000 0.113979749 -0.166449994 0.158907011 0.322389424 0.289625257 -0.015874323 0.901071727
1662135964358319360.000000 0.113982268 -0.166453168 0.158916473 0.323763192 0.283136547 -0.018112307 0.902597964
1662135964406320384.000000 0.113986149 -0.166460261 0.158938468 0.326182395 0.277575523 -0.020077609 0.903412282
1662135964445320960.000000 0.113988504 -0.166462794 0.158946797 0.327000678 0.272693515 -0.021040184 0.904580653
1662135964487321856.000000 0.113988645 -0.166470215 0.158960477 0.324638158 0.269828945 -0.024540866 0.906200945
1662135964532322816.000000 0.113993406 -0.166472018 0.158968613 0.326822877 0.262430042 -0.025211222 0.907569170
1662135964574323968.000000 0.113990828 -0.166478023 0.158985391 0.326626033 0.261310011 -0.027911754 0.907884061
1662135964619324672.000000 0.113991529 -0.166481629 0.158992410 0.325312048 0.256729633 -0.030358719 0.909582555
1662135964667325696.000000 0.113991335 -0.166483283 0.158998951 0.325849801 0.256533891 -0.030831913 0.909429371
1662135964709326848.000000 0.113992877 -0.166486889 0.159015596 0.326977283 0.248289973 -0.033402599 0.911220193
1662135964754327808.000000 0.113994807 -0.166497231 0.159035653 0.324350357 0.244350761 -0.036960836 0.913084626
1662135964796328448.000000 0.113993153 -0.166501269 0.159042537 0.322592258 0.241664425 -0.040061679 0.914290786
1662135964835329280.000000 0.113994747 -0.166504622 0.159054935 0.324133933 0.237515658 -0.041193105 0.914782286
1662135964883330304.000000 0.113995180 -0.166506156 0.159064054 0.326254874 0.232224122 -0.043288250 0.915290117
1662135964928331264.000000 0.113994256 -0.166514412 0.159081101 0.324144095 0.228949741 -0.045276754 0.916767478
1662135964970332160.000000 0.113993913 -0.166518793 0.159087628 0.322281837 0.225593194 -0.049016867 0.918062925
1662135965012333056.000000 0.113992922 -0.166522533 0.159100592 0.323160559 0.222246677 -0.049595695 0.918539047
1662135965057334272.000000 0.113992870 -0.166525677 0.159110248 0.322773337 0.217937365 -0.051893234 0.919580281
1662135965108335360.000000 0.113990732 -0.166531384 0.159122735 0.321823061 0.215341702 -0.053205736 0.920449376
1662135965144335872.000000 0.113991968 -0.166534871 0.159128621 0.320447028 0.211201340 -0.054222099 0.921828449
1662135965186336768.000000 0.113988757 -0.166537032 0.159136713 0.320520580 0.211041525 -0.055801723 0.921745181
1662135965234337792.000000 0.113988958 -0.166541994 0.159148663 0.318257570 0.205621958 -0.059068345 0.923548996
1662135965276338688.000000 0.113987312 -0.166545510 0.159161359 0.319346488 0.202801734 -0.059459034 0.923771560
1662135965327339776.000000 0.113986328 -0.166547731 0.159169376 0.319085658 0.198814958 -0.060331613 0.924671352
1662135965369340672.000000 0.113984637 -0.166553482 0.159181908 0.317631334 0.195641086 -0.062483016 0.925705552
1662135965414341632.000000 0.113983981 -0.166556761 0.159187853 0.315450370 0.192967057 -0.064169116 0.926896513
1662135965459342592.000000 0.113980442 -0.166559771 0.159201324 0.316205889 0.190721780 -0.065457635 0.927013695
1662135965507343872.000000 0.113979042 -0.166563302 0.159209043 0.314987421 0.186473548 -0.067356467 0.928156018
1662135965549344512.000000 0.113976642 -0.166564927 0.159216180 0.315245181 0.185502678 -0.067941256 0.928220451
1662135965591345664.000000 0.113975905 -0.166566089 0.159225106 0.316199481 0.181931809 -0.069014184 0.928523421
1662135965633346304.000000 0.113972373 -0.166570172 0.159234971 0.314491004 0.180054799 -0.070006654 0.929394841
1662135965678347264.000000 0.113972694 -0.166573271 0.159241527 0.313370943 0.176023692 -0.070470981 0.930509686
1662135965720348416.000000 0.113969110 -0.166576982 0.159253865 0.312446922 0.174464673 -0.072330169 0.930971205
1662135965765349120.000000 0.113965869 -0.166578650 0.159259439 0.311991870 0.173375472 -0.072753400 0.931294262
1662135965810350080.000000 0.113962084 -0.166581094 0.159269392 0.311965197 0.170667574 -0.074048631 0.931701183
1662135965852351232.000000 0.113961592 -0.166583344 0.159275413 0.311362565 0.167389885 -0.074622288 0.932451427
1662135965894351872.000000 0.113958098 -0.166584209 0.159281582 0.310811818 0.167172432 -0.075472653 0.932605684
1662135965933352704.000000 0.113954827 -0.166587532 0.159292161 0.309190810 0.165516242 -0.077112556 0.933305442
1662135965972353792.000000 0.113954574 -0.166589841 0.159298003 0.309514076 0.162072957 -0.077128664 0.933801234
1662135966017354496.000000 0.113954157 -0.166593686 0.159303382 0.307470620 0.158925503 -0.077737987 0.934965968
1662135966065355520.000000 0.113947488 -0.166594118 0.159314200 0.308244705 0.159178078 -0.078910328 0.934569836
1662135966107356672.000000 0.113948032 -0.166596860 0.159320593 0.307810694 0.156052426 -0.077663891 0.935344160
1662135966152357632.000000 0.113942914 -0.166599259 0.159327731 0.307262957 0.154940695 -0.078449301 0.935643494
1662135966191358208.000000 0.113939099 -0.166600436 0.159335345 0.307207048 0.153923228 -0.078379542 0.935835540
1662135966239359488.000000 0.113939032 -0.166602045 0.159338728 0.305977523 0.152881041 -0.078437097 0.936404228
1662135966284360448.000000 0.113934308 -0.166602239 0.159347385 0.307367295 0.150523901 -0.077974603 0.936369538
1662135966329361152.000000 0.113927424 -0.166606069 0.159356892 0.305920035 0.150803223 -0.078977957 0.936714411
1662135966371362304.000000 0.113924481 -0.166608468 0.159361765 0.304984272 0.149130493 -0.078120537 0.937358975
1662135966419363328.000000 0.113921195 -0.166610837 0.159368485 0.303188860 0.148173302 -0.078718625 0.938042998
1662135966464364032.000000 0.113917209 -0.166611359 0.159377187 0.304582208 0.147236302 -0.078339763 0.937770784
1662135966512365056.000000 0.113914303 -0.166613519 0.159382075 0.303367823 0.145538539 -0.078517728 0.938414395
1662135966551366144.000000 0.113909416 -0.166614339 0.159388348 0.302517772 0.147256553 -0.079344943 0.938351154
1662135966596366848.000000 0.113905378 -0.166616365 0.159396589 0.302380294 0.145566985 -0.078324057 0.938744783
1662135966638368000.000000 0.113901533 -0.166617319 0.159400970 0.302925944 0.145286292 -0.077801287 0.938655794
1662135966680368640.000000 0.113896549 -0.166618004 0.159407884 0.302735895 0.146227852 -0.078249112 0.938533723
1662135966719369728.000000 0.113896549 -0.166621193 0.159410164 0.300219089 0.143821672 -0.077902630 0.939741969
1662135966761370368.000000 0.113892287 -0.166622087 0.159417287 0.301239192 0.143088564 -0.077237375 0.939582348
1662135966803371520.000000 0.113889068 -0.166625023 0.159421399 0.299348950 0.142611235 -0.075551078 0.940395832
1662135966848372224.000000 0.113883682 -0.166627273 0.159428731 0.298595726 0.142836779 -0.076046705 0.940561056
1662135966890373120.000000 0.113880113 -0.166628212 0.159433678 0.298165321 0.143028826 -0.076335609 0.940645039
1662135966932374016.000000 0.113876656 -0.166628063 0.159438312 0.299647450 0.142738879 -0.075533323 0.940282822
1662135966974374912.000000 0.113871127 -0.166631430 0.159444422 0.297559470 0.142883807 -0.074560605 0.941001236
1662135967025376000.000000 0.113869689 -0.166633919 0.159447402 0.296343088 0.140912220 -0.072605468 0.941834927
1662135967067377152.000000 0.113870546 -0.166635737 0.159450471 0.295134157 0.138481528 -0.071884014 0.942630112
1662135967115378176.000000 0.113862261 -0.166635945 0.159456253 0.295505017 0.142711744 -0.072894774 0.941804886
1662135967160378880.000000 0.113857716 -0.166637555 0.159464493 0.295234054 0.142328456 -0.072792992 0.941955745
1662135967202380032.000000 0.113855109 -0.166641638 0.159467623 0.294041336 0.142263457 -0.069842353 0.942561865
1662135967250381056.000000 0.113846079 -0.166642517 0.159474671 0.293115616 0.144501388 -0.070175968 0.942484975
1662135967295381760.000000 0.113840699 -0.166645005 0.159479409 0.293201298 0.145566270 -0.067264423 0.942506731
1662135967340382720.000000 0.113837272 -0.166647568 0.159483492 0.292354912 0.145020887 -0.065997943 0.942943156
1662135967382383872.000000 0.113833539 -0.166648909 0.159487680 0.291666895 0.145065933 -0.065895945 0.943156421
1662135967424384512.000000 0.113830321 -0.166649193 0.159491882 0.291222066 0.145801827 -0.066322342 0.943150520
1662135967466385664.000000 0.113825597 -0.166651294 0.159496129 0.290452570 0.146693513 -0.064568564 0.943371236
1662135967505386240.000000 0.113821954 -0.166653171 0.159498841 0.290589243 0.147430286 -0.063446507 0.943290412
1662135967550387456.000000 0.113817729 -0.166656941 0.159503087 0.288933396 0.147629514 -0.061982751 0.943865001
1662135967592388096.000000 0.113815479 -0.166656747 0.159504712 0.289338350 0.147992224 -0.061914127 0.943688631
1662135967646389248.000000 0.113810353 -0.166657940 0.159510881 0.289852053 0.148891151 -0.060379833 0.943489015
1662135967685390336.000000 0.113804676 -0.166661426 0.159516901 0.287452728 0.150442287 -0.059770767 0.944015622
1662135967733391360.000000 0.113799214 -0.166664392 0.159520581 0.286694467 0.151874140 -0.058174215 0.944116712
1662135967775392000.000000 0.113795839 -0.166666403 0.159523994 0.285884917 0.151588544 -0.056819931 0.944490492
1662135967817393152.000000 0.113793842 -0.166668728 0.159526095 0.285618454 0.151893005 -0.054839619 0.944639206
1662135967874394112.000000 0.113786317 -0.166670620 0.159532636 0.285454184 0.154035255 -0.054413866 0.944366574
1662135967919395328.000000 0.113783076 -0.166671544 0.159537107 0.285569787 0.154824570 -0.054217026 0.944213867
1662135967961395968.000000 0.113780960 -0.166673556 0.159538791 0.284738392 0.154093698 -0.052590784 0.944676340
1662135968012397056.000000 0.113774315 -0.166677579 0.159543723 0.282962769 0.156491071 -0.051241405 0.944889963
1662135968054397952.000000 0.113771163 -0.166679338 0.159547091 0.281900942 0.157470584 -0.050383162 0.945090771
1662135968096399104.000000 0.113768078 -0.166680977 0.159549579 0.281951040 0.158000588 -0.049547292 0.945031464
1662135968141399808.000000 0.113765001 -0.166682690 0.159554094 0.282285303 0.159239873 -0.047118310 0.944847941
1662135968186400768.000000 0.113763191 -0.166683495 0.159554169 0.281690240 0.159655005 -0.048059508 0.944908082
1662135968225401600.000000 0.113757715 -0.166688100 0.159558699 0.279130727 0.161231428 -0.046433475 0.945481062
1662135968264402688.000000 0.113753237 -0.166690826 0.159562945 0.278828740 0.162749052 -0.045201972 0.945369840
1662135968312403456.000000 0.113750502 -0.166692510 0.159566224 0.280012369 0.162987977 -0.043211758 0.945071816
1662135968360404480.000000 0.113746591 -0.166694924 0.159571528 0.279414624 0.164135709 -0.042947154 0.945062220
1662135968402405376.000000 0.113744400 -0.166697353 0.159574613 0.278107673 0.164802507 -0.042871162 0.945335090
1662135968447406592.000000 0.113739960 -0.166699305 0.159578070 0.278089643 0.166780785 -0.041365985 0.945060432
1662135968492407296.000000 0.113739714 -0.166700542 0.159578443 0.278537720 0.165486604 -0.041078743 0.945168555
1662135968534408448.000000 0.113733567 -0.166705310 0.159585029 0.277857661 0.166867152 -0.039439816 0.945195735
1662135968582409472.000000 0.113732286 -0.166706115 0.159587294 0.278516829 0.166418731 -0.038875628 0.945104182
1662135968624410112.000000 0.113729119 -0.166710570 0.159589618 0.276288986 0.167472675 -0.038125299 0.945602357
1662135968666411264.000000 0.113725998 -0.166712269 0.159594968 0.276578575 0.168397248 -0.037259880 0.945387959
1662135968708411904.000000 0.113723986 -0.166713953 0.159597099 0.277554870 0.168287903 -0.036191627 0.945162833
1662135968747412992.000000 0.113721132 -0.166717187 0.159601286 0.276323378 0.169501245 -0.036346156 0.945300877
1662135968789413632.000000 0.113718592 -0.166719824 0.159603789 0.275929004 0.170012176 -0.036352344 0.945324063
1662135968834414848.000000 0.113716841 -0.166722924 0.159606799 0.274105310 0.170640856 -0.035395391 0.945777535
1662135968879415808.000000 0.113713861 -0.166727856 0.159611613 0.273178548 0.170804873 -0.033655670 0.946079552
1662135968921416448.000000 0.113711879 -0.166730896 0.159614086 0.272949159 0.171434820 -0.033056587 0.946052969
1662135968963417600.000000 0.113709874 -0.166733429 0.159618631 0.272600740 0.171514183 -0.032810930 0.946147561
1662135969008418304.000000 0.113707319 -0.166735798 0.159621239 0.272771716 0.172059700 -0.033327419 0.945981145
1662135969050419456.000000 0.113705836 -0.166737109 0.159624413 0.274067760 0.171942830 -0.033067368 0.945636928
1662135969092420096.000000 0.113704398 -0.166736782 0.159629300 0.276696682 0.171819404 -0.033268139 0.944886386
1662135969137421056.000000 0.113703385 -0.166737512 0.159633934 0.277478099 0.172124356 -0.035710577 0.944512486
1662135969182422272.000000 0.113700613 -0.166745633 0.159634918 0.273476541 0.171877787 -0.033227954 0.945814192
1662135969227423232.000000 0.113698438 -0.166746348 0.159642488 0.273977816 0.174039960 -0.032036867 0.945314705
1662135969269423872.000000 0.113698781 -0.166752681 0.159642905 0.271539003 0.172002688 -0.033977367 0.946323037
1662135969311425024.000000 0.113697335 -0.166762233 0.159643412 0.266606122 0.171439156 -0.029463341 0.947977722
1662135969356425728.000000 0.113694742 -0.166763097 0.159648851 0.270162821 0.171413720 -0.032016411 0.946891963
1662135969404426752.000000 0.113693394 -0.166765332 0.159649774 0.270205677 0.171285108 -0.031767938 0.946911395
1662135969452427776.000000 0.113690868 -0.166770294 0.159656301 0.270423353 0.170800820 -0.033421606 0.946879864
1662135969497428992.000000 0.113691829 -0.166773334 0.159659609 0.269732177 0.169763133 -0.032979004 0.947278976
1662135969548430080.000000 0.113689899 -0.166779652 0.159663096 0.269344777 0.168989316 -0.032806601 0.947533548
1662135969596431104.000000 0.113688178 -0.166784406 0.159667209 0.269054562 0.168361336 -0.032071676 0.947752893
1662135969641431808.000000 0.113688260 -0.166782588 0.159671158 0.271350950 0.167252481 -0.034998242 0.947190762
1662135969695433216.000000 0.113686383 -0.166788220 0.159676000 0.269233882 0.166412264 -0.033989254 0.947979391
1662135969740433920.000000 0.113684498 -0.166794568 0.159681961 0.265631109 0.166680261 -0.033334889 0.948971331
1662135969779435008.000000 0.113682851 -0.166802615 0.159684032 0.266321748 0.166673958 -0.033812590 0.948762000
1662135969821435648.000000 0.113683090 -0.166802526 0.159687400 0.268975466 0.164515585 -0.036122780 0.948304832
1662135969863436800.000000 0.113678992 -0.166808113 0.159688771 0.266331971 0.164984092 -0.036931973 0.948938191
1662135969908437504.000000 0.113679498 -0.166805074 0.159693256 0.270019054 0.163561687 -0.036487725 0.948159277
1662135969953438464.000000 0.113677926 -0.166808620 0.159694150 0.269415587 0.163198724 -0.037465889 0.948355317
1662135970004439552.000000 0.113678470 -0.166812345 0.159696996 0.269995183 0.161544457 -0.038519572 0.948431492
1662135970043440640.000000 0.113675520 -0.166813865 0.159701914 0.269986868 0.161179006 -0.038316835 0.948504269
1662135970088441344.000000 0.113677107 -0.166818887 0.159704372 0.269802123 0.159005776 -0.041155349 0.948804677
1662135970130442496.000000 0.113675922 -0.166830495 0.159714073 0.265978545 0.156130388 -0.040538050 0.950387001
1662135970178443520.000000 0.113677189 -0.166839600 0.159719229 0.264673293 0.153979361 -0.043682706 0.950962782
1662135970223444224.000000 0.113676876 -0.166837215 0.159720644 0.267815709 0.153230324 -0.046019305 0.950093389
1662135970265445120.000000 0.113675706 -0.166829824 0.159716606 0.270847231 0.152548045 -0.047193032 0.949285865
1662135970307446016.000000 0.113677248 -0.166830465 0.159716308 0.272274792 0.150578231 -0.046827815 0.949210107
1662135970358447360.000000 0.113676228 -0.166836098 0.159729451 0.271511257 0.149119213 -0.050227478 0.949485302
1662135970400448000.000000 0.113677517 -0.166838050 0.159730464 0.270099372 0.148364753 -0.050460353 0.949993670
1662135970445449216.000000 0.113676727 -0.166839257 0.159732744 0.271986216 0.146223098 -0.052270476 0.949689507
1662135970487449856.000000 0.113674395 -0.166837558 0.159732923 0.273002476 0.145645604 -0.054139212 0.949381888
1662135970526450944.000000 0.113673702 -0.166831940 0.159730569 0.274977267 0.146014586 -0.052056238 0.948871613
1662135970565451520.000000 0.113669686 -0.166831255 0.159733966 0.274264723 0.144307807 -0.052064106 0.949338436
1662135970607452672.000000 0.113670573 -0.166829973 0.159735382 0.275114715 0.143115118 -0.049724992 0.949398458
1662135970649453312.000000 0.113669530 -0.166828677 0.159733295 0.276971400 0.141280755 -0.054984983 0.948843122
1662135970691454464.000000 0.113667995 -0.166831017 0.159732223 0.272363394 0.140544727 -0.050180435 0.950551033
1662135970736455168.000000 0.113674045 -0.166835740 0.159743458 0.272866011 0.133689374 -0.053025272 0.951241076
1662135970781456128.000000 0.113677122 -0.166839153 0.159749046 0.273667425 0.131088629 -0.056060612 0.951198816
1662135970829457408.000000 0.113675497 -0.166837975 0.159746811 0.271980524 0.129632354 -0.053381585 0.952035964
1662135970871458048.000000 0.113674805 -0.166838273 0.159746528 0.271967649 0.128341034 -0.055500772 0.952093422
1662135970913458944.000000 0.113675617 -0.166838884 0.159747958 0.272845417 0.125792325 -0.053507287 0.952296495
1662135970958460160.000000 0.113676637 -0.166839078 0.159749463 0.273854941 0.122884043 -0.055529084 0.952270746
1662135971006461184.000000 0.113676332 -0.166839302 0.159749359 0.274903804 0.119658366 -0.062430423 0.951951861
1662135971063462144.000000 0.113675959 -0.166836664 0.159748644 0.281408072 0.114236787 -0.070371523 0.950161755
1662135971105463040.000000 0.113676503 -0.166838363 0.159749448 0.279129982 0.110334478 -0.067146987 0.951527238
1662135971150464000.000000 0.113676220 -0.166840121 0.159750193 0.275132537 0.110024959 -0.062486708 0.953043640
1662135971198465024.000000 0.113676347 -0.166840762 0.159749717 0.274848402 0.106120534 -0.060805857 0.953676820
1662135971240466176.000000 0.113675974 -0.166839421 0.159748837 0.272838533 0.101325482 -0.057846423 0.954958737
1662135971285466880.000000 0.113675982 -0.166840106 0.159748614 0.270807624 0.096543998 -0.054909814 0.956204712
1662135971336467968.000000 0.113677353 -0.166840389 0.159751371 0.275127381 0.095652722 -0.053558759 0.955137134
1662135971381468928.000000 0.113678940 -0.166841239 0.159751520 0.275261045 0.090918809 -0.055824928 0.955431223
1662135971426470144.000000 0.113677837 -0.166841626 0.159752622 0.276492000 0.089184567 -0.058390986 0.955085754
1662135971468470784.000000 0.113678358 -0.166842222 0.159753352 0.276300073 0.084103957 -0.061031461 0.955437124
1662135971510471936.000000 0.113677986 -0.166841820 0.159753248 0.279272974 0.084029354 -0.063391164 0.954425097
1662135971552472576.000000 0.113678262 -0.166842476 0.159753665 0.279579908 0.080625258 -0.063235499 0.954639196
1662135971600473600.000000 0.113678738 -0.166843161 0.159754604 0.277754426 0.075086601 -0.067049973 0.955363154
1662135971642474752.000000 0.113679133 -0.166843608 0.159754992 0.278322816 0.069207780 -0.070156261 0.955418646
1662135971690475776.000000 0.113679208 -0.166843981 0.159755304 0.278394401 0.065652959 -0.073529318 0.955395043
1662135971741476864.000000 0.113679349 -0.166844085 0.159755543 0.279593915 0.063331798 -0.077033401 0.954925239
1662135971786477568.000000 0.113679543 -0.166844517 0.159756243 0.278481215 0.058536455 -0.081257574 0.955206215
1662135971831478528.000000 0.113679588 -0.166844785 0.159756377 0.278314412 0.055171732 -0.085094661 0.955121040
1662135971876479744.000000 0.113679707 -0.166845202 0.159756809 0.279611349 0.051572394 -0.087880917 0.954690933
1662135971918480384.000000 0.113679841 -0.166845396 0.159756899 0.279440880 0.048211563 -0.091714680 0.954555929
1662135971960481280.000000 0.113679864 -0.166845784 0.159757301 0.280082345 0.044266663 -0.095458567 0.954191804
1662135972014482432.000000 0.113679931 -0.166846082 0.159757555 0.279903531 0.040903509 -0.099288695 0.954003513
1662135972068483584.000000 0.113680072 -0.166846454 0.159758031 0.280294955 0.036752321 -0.103859834 0.953570724
1662135972116484608.000000 0.113680229 -0.166846797 0.159758359 0.280103147 0.033388451 -0.107684039 0.953326643
1662135972164485632.000000 0.113680243 -0.166847095 0.159758613 0.279905230 0.030022424 -0.111504912 0.953057408
1662135972209486848.000000 0.113680303 -0.166847363 0.159758851 0.280089974 0.026598493 -0.113783188 0.952835500
1662135972254487808.000000 0.113680385 -0.166847438 0.159759045 0.279886365 0.023231098 -0.117598578 0.952520132
1662135972296488448.000000 0.113680482 -0.166847795 0.159759268 0.280216724 0.019410215 -0.120982461 0.952084601
1662135972344489472.000000 0.113680542 -0.166848049 0.159759492 0.280005455 0.016041845 -0.124790050 0.951717973
1662135972395490560.000000 0.113680594 -0.166848317 0.159759805 0.279206812 0.013141960 -0.128004640 0.951570094
1662135972443491584.000000 0.113680676 -0.166848466 0.159760058 0.278983891 0.009768077 -0.131802157 0.951157629
1662135972488492800.000000 0.113680817 -0.166848868 0.159760326 0.279641449 0.005561444 -0.136130944 0.950388372
1662135972533493504.000000 0.113680869 -0.166849092 0.159760430 0.279407680 0.002188512 -0.139921442 0.949920297
1662135972575494400.000000 0.113680981 -0.166849434 0.159760728 0.278804123 -0.000860422 -0.143110305 0.949624658
1662135972620495616.000000 0.113681093 -0.166849717 0.159760892 0.278559864 -0.004236060 -0.146890655 0.949109912
1662135972662496256.000000 0.113681234 -0.166849881 0.159761146 0.279371291 -0.007655705 -0.150507957 0.948282897
1662135972704497408.000000 0.113681361 -0.166850135 0.159761310 0.279114962 -0.011027626 -0.154283285 0.947718322
1662135972749498112.000000 0.113681503 -0.166850507 0.159761518 0.278266072 -0.015219552 -0.158409625 0.947229028
1662135972797499136.000000 0.113681652 -0.166850775 0.159761742 0.277996659 -0.018594176 -0.162173793 0.946610689
1662135972842500096.000000 0.113681771 -0.166850969 0.159761891 0.276989490 -0.022027608 -0.165563807 0.946245313
1662135972887501312.000000 0.113681905 -0.166851282 0.159762025 0.276708007 -0.025405474 -0.169316679 0.945578754
1662135972926501888.000000 0.113682091 -0.166851521 0.159762219 0.277731240 -0.028782291 -0.173576847 0.944408834
1662135972974503168.000000 0.113682196 -0.166851714 0.159762338 0.277433991 -0.032153416 -0.177324697 0.943690896
1662135973016503808.000000 0.113682404 -0.166852042 0.159762621 0.277385503 -0.035073422 -0.180198416 0.943056583
1662135973070505216.000000 0.113682598 -0.166852370 0.159762621 0.277077019 -0.038442489 -0.183938310 0.942293644
1662135973115505920.000000 0.113682762 -0.166852668 0.159762979 0.276970297 -0.042418025 -0.188129395 0.941326499
1662135973160506880.000000 0.113682836 -0.166852847 0.159763157 0.276648372 -0.045784201 -0.191858992 0.940510333
1662135973205508096.000000 0.113683075 -0.166853234 0.159763351 0.275788218 -0.049441241 -0.195725441 0.939780831
1662135973262509056.000000 0.113683231 -0.166853532 0.159763530 0.275452405 -0.052807242 -0.199442700 0.938914299
1662135973304510208.000000 0.113683343 -0.166853711 0.159763664 0.275129288 -0.055596370 -0.202762157 0.938136697
1662135973346510848.000000 0.113683492 -0.166854113 0.159763873 0.274780095 -0.058960125 -0.206469119 0.937224746
1662135973391511808.000000 0.113683715 -0.166854307 0.159764096 0.275430501 -0.062382419 -0.210120514 0.935999930
1662135973433512960.000000 0.113683805 -0.166854545 0.159764111 0.275070965 -0.065738365 -0.213818014 0.935038149
1662135973472513792.000000 0.113683984 -0.166854888 0.159764260 0.274704754 -0.069092602 -0.217509538 0.934051991
1662135973514514432.000000 0.113684133 -0.166855082 0.159764528 0.273665816 -0.072384372 -0.220271662 0.933460236
1662135973556515328.000000 0.113684326 -0.166855425 0.159764767 0.273289859 -0.075738013 -0.223949239 0.932428718
1662135973598516224.000000 0.113684528 -0.166855678 0.159764946 0.272906691 -0.079089515 -0.227620885 0.931372941
1662135973649517312.000000 0.113684788 -0.166856050 0.159765065 0.272478074 -0.082943134 -0.232171521 0.930038989
1662135973700518656.000000 0.113684952 -0.166856423 0.159765154 0.272077620 -0.086289734 -0.235830277 0.928930581
1662135973748519424.000000 0.113685101 -0.166856647 0.159765452 0.271515548 -0.089688294 -0.239397123 0.927860081
1662135973793520384.000000 0.113685280 -0.166857094 0.159765571 0.271102607 -0.093031958 -0.243042514 0.926703215
1662135973835521536.000000 0.113685474 -0.166857302 0.159765854 0.270682544 -0.096372940 -0.246681079 0.925522447
1662135973883522560.000000 0.113685742 -0.166857734 0.159765720 0.270281762 -0.099186227 -0.250423104 0.924336612
1662135973928523264.000000 0.113685787 -0.166858137 0.159766138 0.269847900 -0.102518134 -0.254045933 0.923110425
1662135973976524288.000000 0.113686204 -0.166858494 0.159766212 0.268873721 -0.106546871 -0.258120924 0.921807051
1662135974018525440.000000 0.113686495 -0.166858852 0.159766167 0.268426508 -0.109872758 -0.261726707 0.920529425
1662135974060526080.000000 0.113686591 -0.166859210 0.159766585 0.268984944 -0.113197468 -0.265152425 0.918981850
1662135974108527104.000000 0.113686800 -0.166859522 0.159766853 0.268526018 -0.116511233 -0.268746138 0.917657077
1662135974150528256.000000 0.113687009 -0.166859865 0.159766972 0.268064827 -0.120147571 -0.272366047 0.916254640
1662135974192528896.000000 0.113687232 -0.166860312 0.159767121 0.267592788 -0.123453878 -0.275944471 0.914881408
1662135974237530112.000000 0.113687426 -0.166860715 0.159767270 0.266919434 -0.126240402 -0.278969735 0.913779676
1662135974282531072.000000 0.113687530 -0.166860998 0.159767419 0.266434580 -0.129539460 -0.282532096 0.912363887
1662135974324531712.000000 0.113687694 -0.166861326 0.159767643 0.265836596 -0.132323816 -0.285188466 0.911311626
1662135974369532928.000000 0.113687918 -0.166861862 0.159767881 0.265341192 -0.135615155 -0.288734764 0.909854352
1662135974411533568.000000 0.113688082 -0.166862205 0.159768030 0.264407098 -0.139003545 -0.292314440 0.908470809
1662135974456534528.000000 0.113688372 -0.166862652 0.159768194 0.263897926 -0.142287716 -0.295841932 0.906967282
1662135974501535744.000000 0.113688350 -0.166862920 0.159768313 0.263277262 -0.144651115 -0.298996419 0.905738592
1662135974543536384.000000 0.113688618 -0.166863337 0.159768611 0.262752771 -0.147927120 -0.302506685 0.904194832
1662135974585537536.000000 0.113688767 -0.166863814 0.159768730 0.262254179 -0.151800781 -0.306367457 0.902395844
1662135974627538176.000000 0.113688894 -0.166864276 0.159768879 0.261715502 -0.155067176 -0.309859931 0.900802970
1662135974681539584.000000 0.113689147 -0.166864708 0.159768984 0.261189401 -0.158206582 -0.313459724 0.899162829
1662135974729540352.000000 0.113689303 -0.166865230 0.159769207 0.260636508 -0.161463380 -0.316935688 0.897524416
1662135974771541248.000000 0.113689512 -0.166865692 0.159769282 0.259920180 -0.164322883 -0.320568144 0.895921648
1662135974813542400.000000 0.113689758 -0.166866139 0.159769416 0.259352505 -0.167570308 -0.324025929 0.894239187
1662135974858543104.000000 0.113690011 -0.166866571 0.159769624 0.259126812 -0.171482474 -0.327328950 0.892358065
1662135974906544128.000000 0.113690212 -0.166867048 0.159769788 0.258548021 -0.174719006 -0.330767184 0.890628636
1662135974945544960.000000 0.113690436 -0.166867360 0.159769982 0.257704675 -0.178205341 -0.333539814 0.889147043
1662135974987545856.000000 0.113690645 -0.166867808 0.159770191 0.257116586 -0.181434214 -0.336957544 0.887373805
1662135975035547136.000000 0.113690868 -0.166868448 0.159770250 0.256993502 -0.184312716 -0.341239959 0.885177076
1662135975083548160.000000 0.113691084 -0.166868836 0.159770444 0.256388485 -0.187528402 -0.344638228 0.883358717
1662135975134549248.000000 0.113691263 -0.166869417 0.159770608 0.255483180 -0.190740407 -0.347769529 0.881704509
1662135975176549888.000000 0.113691367 -0.166869953 0.159770697 0.254866481 -0.193947390 -0.351147145 0.879842699
1662135975218551040.000000 0.113691606 -0.166870460 0.159770817 0.254537582 -0.197596148 -0.354576290 0.877748311
1662135975263552000.000000 0.113691747 -0.166871101 0.159771264 0.253910005 -0.200789973 -0.357933998 0.875840425
1662135975311552768.000000 0.113691926 -0.166871518 0.159771264 0.253707945 -0.203632012 -0.360988379 0.873987257
1662135975359553792.000000 0.113691986 -0.166872278 0.159771711 0.253070295 -0.206813619 -0.364327461 0.872037351
1662135975401554944.000000 0.113692231 -0.166872829 0.159771711 0.251597285 -0.210143119 -0.367796540 0.870209455
1662135975452555776.000000 0.113692321 -0.166873381 0.159771904 0.250947356 -0.213316649 -0.371111065 0.868215501
1662135975494556672.000000 0.113692835 -0.166873902 0.159771696 0.250885874 -0.216343492 -0.374112278 0.866193831
1662135975542557696.000000 0.113692805 -0.166874588 0.159772113 0.250225216 -0.219503835 -0.377406448 0.864158392
1662135975587558656.000000 0.113693103 -0.166875139 0.159772128 0.249302149 -0.222620815 -0.380471319 0.862281859
1662135975632559872.000000 0.113693178 -0.166875780 0.159772485 0.248630896 -0.225770846 -0.383741617 0.860204995
1662135975677560576.000000 0.113693334 -0.166876197 0.159772709 0.248013660 -0.228916898 -0.386627287 0.858257294
1662135975725561600.000000 0.113693438 -0.166876882 0.159773067 0.247332245 -0.232055619 -0.389875084 0.856139243
1662135975767562752.000000 0.113693476 -0.166877717 0.159773126 0.246546239 -0.235138088 -0.393261254 0.853973448
1662135975818563584.000000 0.113693848 -0.166878492 0.159772992 0.245850310 -0.238264024 -0.396486044 0.851813793
1662135975866564864.000000 0.113693997 -0.166879088 0.159773082 0.245283887 -0.241669372 -0.399934471 0.849402249
1662135975908565504.000000 0.113694087 -0.166879758 0.159773275 0.244576335 -0.244782537 -0.403138041 0.847197592
1662135975950566656.000000 0.113694176 -0.166880310 0.159773186 0.243873775 -0.247555122 -0.405734837 0.845352769
1662135975995567616.000000 0.113694161 -0.166880980 0.159773558 0.243157908 -0.250655621 -0.408914685 0.843110263
1662135976040568320.000000 0.113694161 -0.166881800 0.159773692 0.242558494 -0.253901541 -0.412157267 0.840729296
1662135976085569280.000000 0.113694265 -0.166882426 0.159773767 0.241831973 -0.256987900 -0.415314913 0.838443816
1662135976127570432.000000 0.113694400 -0.166882917 0.159774005 0.241085291 -0.259774655 -0.418449730 0.836238503
1662135976169571072.000000 0.113694280 -0.166883498 0.159774289 0.240347475 -0.262846798 -0.421583444 0.833913743
1662135976211572224.000000 0.113694280 -0.166884378 0.159774512 0.239422828 -0.266100138 -0.424677193 0.831574857
1662135976256572928.000000 0.113694280 -0.166884840 0.159774810 0.238673016 -0.269158334 -0.427784383 0.829210222
1662135976295574016.000000 0.113694474 -0.166885540 0.159774542 0.238146007 -0.272357374 -0.430855811 0.826723158
1662135976340574720.000000 0.113694444 -0.166886151 0.159774959 0.237383723 -0.275399536 -0.433939844 0.824317992
1662135976385575680.000000 0.113694683 -0.166886806 0.159774765 0.236297205 -0.278229058 -0.436971128 0.822075725
1662135976430576896.000000 0.113694504 -0.166887611 0.159775123 0.235524938 -0.281254649 -0.440030247 0.819632411
1662135976472577536.000000 0.113694653 -0.166888162 0.159774885 0.235025018 -0.284435362 -0.443138182 0.816999614
1662135976520578560.000000 0.113694847 -0.166888624 0.159774780 0.234053597 -0.287224978 -0.446041554 0.814719379
1662135976559579648.000000 0.113694936 -0.166889340 0.159774810 0.233263820 -0.290228009 -0.449066222 0.812216222
1662135976607580416.000000 0.113694653 -0.166890234 0.159775510 0.232295066 -0.293291986 -0.451968879 0.809779584
1662135976649581312.000000 0.113694593 -0.166890740 0.159775943 0.231494457 -0.296275944 -0.454966009 0.807240248
1662135976697582592.000000 0.113694519 -0.166891471 0.159776255 0.230981693 -0.299359381 -0.458090842 0.804477572
1662135976745583616.000000 0.113694355 -0.166892081 0.159776658 0.229877189 -0.302220643 -0.460925072 0.802101791
1662135976787584256.000000 0.113694385 -0.166892737 0.159777105 0.229276404 -0.305272371 -0.463902920 0.799396753
1662135976829585408.000000 0.113694012 -0.166893482 0.159777477 0.228454381 -0.308224499 -0.466853708 0.796777189
1662135976871586048.000000 0.113693953 -0.166894108 0.159777701 0.227660552 -0.310956657 -0.470054716 0.794056237
1662135976913587200.000000 0.113693878 -0.166894525 0.159778014 0.226826578 -0.313892215 -0.472981721 0.791397333
1662135976955587840.000000 0.113693595 -0.166895151 0.159778178 0.225783363 -0.316875309 -0.475749165 0.788843870
1662135977006588928.000000 0.113693252 -0.166895837 0.159778804 0.225092515 -0.319940150 -0.478639334 0.786050975
1662135977048589824.000000 0.113692999 -0.166896254 0.159779072 0.224412262 -0.322775513 -0.481401414 0.783395052
1662135977093591040.000000 0.113692865 -0.166896611 0.159779310 0.223559588 -0.325678140 -0.484280288 0.780658364
1662135977138591744.000000 0.113692701 -0.166897342 0.159779310 0.222597778 -0.328570127 -0.487028092 0.778007448
1662135977183592704.000000 0.113692448 -0.166897774 0.159779698 0.221821859 -0.331481576 -0.489975184 0.775138319
1662135977228593920.000000 0.113692343 -0.166898370 0.159779578 0.220767483 -0.334583730 -0.492780715 0.772322893
1662135977276594944.000000 0.113692179 -0.166898787 0.159779415 0.220084682 -0.337282628 -0.495619982 0.769521952
1662135977318595584.000000 0.113691926 -0.166899279 0.159779459 0.218944550 -0.340184748 -0.498821497 0.766495168
1662135977360596736.000000 0.113691673 -0.166899681 0.159779772 0.218145519 -0.343250304 -0.501361191 0.763694167
1662135977405597440.000000 0.113691315 -0.166900113 0.159780085 0.217255801 -0.346093088 -0.504150629 0.760823071
1662135977453598464.000000 0.113690972 -0.166900635 0.159780487 0.216343626 -0.348629534 -0.507380188 0.757771969
1662135977495599616.000000 0.113690704 -0.166901067 0.159780800 0.215440795 -0.351453513 -0.510143757 0.754863679
1662135977540600576.000000 0.113690317 -0.166901380 0.159781158 0.214514062 -0.353867739 -0.512636900 0.752306283
1662135977582601216.000000 0.113689899 -0.166901723 0.159781575 0.213600844 -0.356675386 -0.515375376 0.749363542
1662135977624602368.000000 0.113689676 -0.166902095 0.159781814 0.212714896 -0.359728515 -0.517934442 0.746385753
1662135977681603328.000000 0.113689169 -0.166902602 0.159782186 0.211737126 -0.362746418 -0.520828128 0.743182659
1662135977723604480.000000 0.113688752 -0.166902885 0.159782484 0.210808903 -0.365525246 -0.523525655 0.740183651
1662135977765605120.000000 0.113688245 -0.166903123 0.159782678 0.209585547 -0.367913961 -0.526518226 0.737218976
1662135977810606336.000000 0.113687828 -0.166903377 0.159783170 0.208973572 -0.370505452 -0.528573453 0.734619558
1662135977858607360.000000 0.113687336 -0.166903675 0.159783602 0.207800061 -0.373833984 -0.531066656 0.731461227
1662135977900608000.000000 0.113687143 -0.166903779 0.159783944 0.207161203 -0.376106143 -0.533397913 0.728776455
1662135977945609216.000000 0.113686502 -0.166903749 0.159784511 0.206225470 -0.378799975 -0.536088467 0.725665748
1662135977996610048.000000 0.113685980 -0.166904077 0.159784883 0.205268815 -0.381523371 -0.538707197 0.722564340
1662135978041611264.000000 0.113685519 -0.166904330 0.159785122 0.203994796 -0.384577155 -0.541651011 0.719097257
1662135978086611968.000000 0.113685071 -0.166904360 0.159785584 0.203027368 -0.387280583 -0.544240296 0.715958178
1662135978131612928.000000 0.113685668 -0.166905493 0.159785211 0.202642977 -0.389570117 -0.546421289 0.713158369
1662135978173614080.000000 0.113685861 -0.166905537 0.159784958 0.202643141 -0.389569551 -0.546420813 0.713158906
1662135978212614656.000000 0.113686040 -0.166905776 0.159784853 0.202215806 -0.389745444 -0.546775103 0.712912500
1662135978257615872.000000 0.113686249 -0.166905940 0.159784630 0.202215075 -0.389741957 -0.546775401 0.712914407
1662135978299616512.000000 0.113686219 -0.166906133 0.159784660 0.202611953 -0.389721960 -0.546188951 0.713262081
1662135978341617664.000000 0.113686338 -0.166906521 0.159784779 0.202612489 -0.389718145 -0.546186626 0.713265896
1662135978383618304.000000 0.113686398 -0.166906655 0.159784734 0.202291742 -0.389850557 -0.546582043 0.712981582
1662135978425619456.000000 0.113686338 -0.166906744 0.159784928 0.202292755 -0.389846146 -0.546578825 0.712986171
1662135978470620160.000000 0.113686547 -0.166906834 0.159784764 0.202004850 -0.389933497 -0.546334803 0.713207006
1662135978509621248.000000 0.113686562 -0.166907042 0.159784675 0.202006489 -0.389929533 -0.546330929 0.713211775
1662135978563622144.000000 0.113686651 -0.166906908 0.159784585 0.202175379 -0.389600873 -0.546289086 0.713375509
1662135978608623360.000000 0.113686815 -0.166906953 0.159784496 0.202177197 -0.389596939 -0.546285152 0.713380158
1662135978650624000.000000 0.113686696 -0.166907161 0.159784779 0.202229574 -0.389782459 -0.546179950 0.713344455
1662135978698625024.000000 0.113686591 -0.166907251 0.159784928 0.202231795 -0.389778823 -0.546175539 0.713349223
1662135978737626112.000000 0.113686711 -0.166907296 0.159784839 0.202264011 -0.389972985 -0.545928538 0.713423014
1662135978785626880.000000 0.113686740 -0.166907370 0.159784809 0.202266321 -0.389969289 -0.545923710 0.713428080
1662135978824627968.000000 0.113686770 -0.166907489 0.159784928 0.202425078 -0.389707357 -0.546115339 0.713379502
1662135978869628672.000000 0.113686591 -0.166907638 0.159785077 0.202427357 -0.389703780 -0.546110332 0.713384688
1662135978911629568.000000 0.113686845 -0.166907609 0.159784943 0.202133715 -0.390156507 -0.546071827 0.713249922
1662135978956630784.000000 0.113686800 -0.166907668 0.159785002 0.202136040 -0.390153050 -0.546066642 0.713255167
1662135978998631424.000000 0.113686919 -0.166907609 0.159784809 0.202036425 -0.390126497 -0.545966923 0.713374197
1662135979043632384.000000 0.113687009 -0.166907668 0.159784809 0.202038616 -0.390123099 -0.545961499 0.713379622
1662135979091633664.000000 0.113687024 -0.166907862 0.159784928 0.202377930 -0.390166938 -0.545921683 0.713289976
1662135979133634304.000000 0.113687024 -0.166907892 0.159784898 0.202380195 -0.390163392 -0.545916140 0.713295519
1662135979175635456.000000 0.113687128 -0.166907877 0.159784853 0.202287972 -0.389951646 -0.545772672 0.713547111
1662135979220636416.000000 0.113687262 -0.166907892 0.159784809 0.202290282 -0.389948010 -0.545767069 0.713552773
1662135979262637056.000000 0.113687232 -0.166907936 0.159784719 0.202275410 -0.390216053 -0.545810997 0.713376760
1662135979304638208.000000 0.113687307 -0.166907981 0.159784675 0.202277869 -0.390212387 -0.545805275 0.713382423
1662135979346638848.000000 0.113687381 -0.166908070 0.159784719 0.202265620 -0.390231073 -0.545734465 0.713429928
1662135979388640000.000000 0.113687426 -0.166908115 0.159784719 0.202267945 -0.390227437 -0.545728624 0.713435709
1662135979439641088.000000 0.113687500 -0.166908115 0.159784690 0.201991484 -0.390380204 -0.545928955 0.713277161
1662135979484641792.000000 0.113687500 -0.166908234 0.159784660 0.201993778 -0.390376598 -0.545923114 0.713282943
1662135979529642752.000000 0.113687515 -0.166908368 0.159784779 0.202136293 -0.390114516 -0.545814276 0.713469267
1662135979571643904.000000 0.113687500 -0.166908413 0.159784839 0.202138558 -0.390110761 -0.545808375 0.713475168
1662135979613644544.000000 0.113687500 -0.166908517 0.159784913 0.202210709 -0.390039176 -0.545651793 0.713613629
1662135979658645504.000000 0.113687620 -0.166908532 0.159784824 0.202212960 -0.390035272 -0.545645952 0.713619590
1662135979700646400.000000 0.113687575 -0.166908592 0.159784883 0.202164769 -0.390143305 -0.545774937 0.713475525
1662135979742647296.000000 0.113687634 -0.166908622 0.159784794 0.202167019 -0.390139431 -0.545769036 0.713481486
1662135979784648192.000000 0.113687649 -0.166908681 0.159784764 0.202169254 -0.390135527 -0.545763195 0.713487566
1662135979829649152.000000 0.113687664 -0.166908681 0.159784794 0.202183589 -0.390043586 -0.545625687 0.713638842
1662135979877650176.000000 0.113687620 -0.166908696 0.159784853 0.202185810 -0.390039802 -0.545619369 0.713645160
1662135979919651328.000000 0.113687709 -0.166908771 0.159784794 0.202124029 -0.390068263 -0.545677066 0.713602960
1662135979964652032.000000 0.113687545 -0.166908801 0.159784913 0.202125922 -0.390064687 -0.545670569 0.713609397
1662135980009652992.000000 0.113687679 -0.166908771 0.159784824 0.202128142 -0.390060991 -0.545663834 0.713615894
1662135980054654208.000000 0.113687664 -0.166908845 0.159784973 0.202178940 -0.390001476 -0.545660138 0.713636816
1662135980105655296.000000 0.113687605 -0.166909009 0.159784883 0.202181727 -0.389997214 -0.545652747 0.713644028
1662135980147655936.000000 0.113687709 -0.166909054 0.159784824 0.202184454 -0.389993429 -0.545645356 0.713650942
1662135980189657088.000000 0.113687605 -0.166909248 0.159784749 0.202164054 -0.390013963 -0.545633137 0.713654876
1662135980234658048.000000 0.113687620 -0.166909307 0.159784749 0.202164233 -0.390013725 -0.545633137 0.713654935
1662135980276658688.000000 0.113687560 -0.166909397 0.159784794 0.202164203 -0.390013695 -0.545633137 0.713654995
1662135980318659840.000000 0.113687560 -0.166909412 0.159784794 0.202180937 -0.390012234 -0.545616806 0.713663518
1662135980363660544.000000 0.113687515 -0.166909575 0.159784719 0.202180833 -0.390012383 -0.545616686 0.713663578
1662135980408661504.000000 0.113687530 -0.166909620 0.159784794 0.202180609 -0.390012294 -0.545616567 0.713663876
1662135980465662720.000000 0.113687351 -0.166909575 0.159785032 0.202180564 -0.390012294 -0.545616448 0.713663876
1662135980465662720.000000 0.113687351 -0.166909575 0.159785032 0.202180564 -0.390012294 -0.545616448 0.713663876
1662135980465662720.000000 0.113687351 -0.166909575 0.159785032 0.202180564 -0.390012294 -0.545616448 0.713663876
1662135980465662720.000000 0.113687351 -0.166909575 0.159785032 0.202180564 -0.390012294 -0.545616448 0.713663876
1662135980465662720.000000 0.113687351 -0.166909575 0.159785032 0.202180564 -0.390012294 -0.545616448 0.713663876
1662135980465662720.000000 0.113687351 -0.166909575 0.159785032 0.202180564 -0.390012294 -0.545616448 0.713663876
1662135980465662720.000000 0.113687351 -0.166909575 0.159785032 0.202180564 -0.390012294 -0.545616448 0.713663876
1662135980465662720.000000 0.113687351 -0.166909575 0.159785032 0.202180564 -0.390012294 -0.545616448 0.713663876
1662135980465662720.000000 0.113687351 -0.166909575 0.159785032 0.202180564 -0.390012294 -0.545616448 0.713663876
1662135980465662720.000000 0.113687351 -0.166909575 0.159785032 0.202180564 -0.390012294 -0.545616448 0.713663876
1662135980465662720.000000 0.113687351 -0.166909575 0.159785032 0.202180564 -0.390012294 -0.545616448 0.713663876
1662135980465662720.000000 0.113687351 -0.166909575 0.159785032 0.202180564 -0.390012294 -0.545616448 0.713663876
1662135980465662720.000000 0.113687351 -0.166909575 0.159785032 0.202180564 -0.390012294 -0.545616448 0.713663876
1662135980465662720.000000 0.113687351 -0.166909575 0.159785032 0.202180564 -0.390012294 -0.545616448 0.713663876
1662135980465662720.000000 0.113687351 -0.166909575 0.159785032 0.202180564 -0.390012294 -0.545616448 0.713663876
1662135980465662720.000000 0.113687351 -0.166909575 0.159785032 0.202180564 -0.390012294 -0.545616448 0.713663876
1662135980465662720.000000 0.113687351 -0.166909575 0.159785032 0.202180564 -0.390012294 -0.545616448 0.713663876
1662135980465662720.000000 0.113687351 -0.166909575 0.159785032 0.202180564 -0.390012294 -0.545616448 0.713663876
1662135980465662720.000000 0.113687351 -0.166909575 0.159785032 0.202180564 -0.390012294 -0.545616448 0.713663876
1662135980465662720.000000 0.113687351 -0.166909575 0.159785032 0.202180564 -0.390012294 -0.545616448 0.713663876
1662135980465662720.000000 0.113687351 -0.166909575 0.159785032 0.202180564 -0.390012294 -0.545616448 0.713663876
1662135980465662720.000000 0.113687351 -0.166909575 0.159785032 0.202180564 -0.390012294 -0.545616448 0.713663876
1662135980465662720.000000 0.113687351 -0.166909575 0.159785032 0.202180564 -0.390012294 -0.545616448 0.713663876
1662135980465662720.000000 0.113687351 -0.166909575 0.159785032 0.202180564 -0.390012294 -0.545616448 0.713663876
1662135980465662720.000000 0.113687351 -0.166909575 0.159785032 0.202180564 -0.390012294 -0.545616448 0.713663876
1662135980465662720.000000 0.113687351 -0.166909575 0.159785032 0.202180564 -0.390012294 -0.545616448 0.713663876
1662135980465662720.000000 0.113687351 -0.166909575 0.159785032 0.202180564 -0.390012294 -0.545616448 0.713663876
1662135980465662720.000000 0.113687351 -0.166909575 0.159785032 0.202180564 -0.390012294 -0.545616448 0.713663876
1662135980465662720.000000 0.113687351 -0.166909575 0.159785032 0.202180564 -0.390012294 -0.545616448 0.713663876
1662135980465662720.000000 0.113687351 -0.166909575 0.159785032 0.202180564 -0.390012294 -0.545616448 0.713663876
1662135980465662720.000000 0.113687351 -0.166909575 0.159785032 0.202180564 -0.390012294 -0.545616448 0.713663876
1662135980465662720.000000 0.113687351 -0.166909575 0.159785032 0.202180564 -0.390012294 -0.545616448 0.713663876
1662135980465662720.000000 0.113687351 -0.166909575 0.159785032 0.202180564 -0.390012294 -0.545616448 0.713663876
1662135980465662720.000000 0.113687351 -0.166909575 0.159785032 0.202180564 -0.390012294 -0.545616448 0.713663876
1662135980465662720.000000 0.113687351 -0.166909575 0.159785032 0.202180564 -0.390012294 -0.545616448 0.713663876
1662135980465662720.000000 0.113687351 -0.166909575 0.159785032 0.202180564 -0.390012294 -0.545616448 0.713663876
1662135980465662720.000000 0.113687351 -0.166909575 0.159785032 0.202180564 -0.390012294 -0.545616448 0.713663876
1662135980465662720.000000 0.113687351 -0.166909575 0.159785032 0.202180564 -0.390012294 -0.545616448 0.713663876
1662135980465662720.000000 0.113687351 -0.166909575 0.159785032 0.202180564 -0.390012294 -0.545616448 0.713663876
1662135980465662720.000000 0.113687351 -0.166909575 0.159785032 0.202180564 -0.390012294 -0.545616448 0.713663876
1662135980465662720.000000 0.113687351 -0.166909575 0.159785032 0.202180564 -0.390012294 -0.545616448 0.713663876
1662135980465662720.000000 0.113687351 -0.166909575 0.159785032 0.202180564 -0.390012294 -0.545616448 0.713663876
1662135980465662720.000000 0.113687351 -0.166909575 0.159785032 0.202180564 -0.390012294 -0.545616448 0.713663876
1662135980465662720.000000 0.113687351 -0.166909575 0.159785032 0.202180564 -0.390012294 -0.545616448 0.713663876
1662135980465662720.000000 0.113687351 -0.166909575 0.159785032 0.202180564 -0.390012294 -0.545616448 0.713663876
1662135980465662720.000000 0.113687351 -0.166909575 0.159785032 0.202180564 -0.390012294 -0.545616448 0.713663876
1662135980465662720.000000 0.113687351 -0.166909575 0.159785032 0.202180564 -0.390012294 -0.545616448 0.713663876
1662135980465662720.000000 0.113687351 -0.166909575 0.159785032 0.202180564 -0.390012294 -0.545616448 0.713663876
1662135980465662720.000000 0.113687351 -0.166909575 0.159785032 0.202180564 -0.390012294 -0.545616448 0.713663876
1662135980465662720.000000 0.113687351 -0.166909575 0.159785032 0.202180564 -0.390012294 -0.545616448 0.713663876
1662135980465662720.000000 0.113687351 -0.166909575 0.159785032 0.202180564 -0.390012294 -0.545616448 0.713663876
1662135980465662720.000000 0.113687351 -0.166909575 0.159785032 0.202180564 -0.390012294 -0.545616448 0.713663876
1662135980465662720.000000 0.113687351 -0.166909575 0.159785032 0.202180564 -0.390012294 -0.545616448 0.713663876
1662135980465662720.000000 0.113687351 -0.166909575 0.159785032 0.202180564 -0.390012294 -0.545616448 0.713663876
1662135980465662720.000000 0.113687351 -0.166909575 0.159785032 0.202180564 -0.390012294 -0.545616448 0.713663876
1662135980465662720.000000 0.113687351 -0.166909575 0.159785032 0.202180564 -0.390012294 -0.545616448 0.713663876
1662135980465662720.000000 0.113687351 -0.166909575 0.159785032 0.202180564 -0.390012294 -0.545616448 0.713663876
1662135980465662720.000000 0.113687351 -0.166909575 0.159785032 0.202180564 -0.390012294 -0.545616448 0.713663876
1662135980465662720.000000 0.113687351 -0.166909575 0.159785032 0.202180564 -0.390012294 -0.545616448 0.713663876
1662135980465662720.000000 0.113687351 -0.166909575 0.159785032 0.202180564 -0.390012294 -0.545616448 0.713663876
1662135980465662720.000000 0.113687351 -0.166909575 0.159785032 0.202180564 -0.390012294 -0.545616448 0.713663876
1662135980465662720.000000 0.113687351 -0.166909575 0.159785032 0.202180564 -0.390012294 -0.545616448 0.713663876
1662135980465662720.000000 0.113687351 -0.166909575 0.159785032 0.202180564 -0.390012294 -0.545616448 0.713663876
1662135980465662720.000000 0.113687351 -0.166909575 0.159785032 0.202180564 -0.390012294 -0.545616448 0.713663876
1662135980465662720.000000 0.113687351 -0.166909575 0.159785032 0.202180564 -0.390012294 -0.545616448 0.713663876
1662135980465662720.000000 0.113687351 -0.166909575 0.159785032 0.202180564 -0.390012294 -0.545616448 0.713663876
1662135980465662720.000000 0.113687351 -0.166909575 0.159785032 0.202180564 -0.390012294 -0.545616448 0.713663876
1662135980465662720.000000 0.113687351 -0.166909575 0.159785032 0.202180564 -0.390012294 -0.545616448 0.713663876
