1662135930415595008.000000 -0.018308267 0.004247416 0.014415845 0.002179864 0.015473205 0.001852589 0.999876201
1662135930460595968.000000 -0.023896325 0.004843649 0.021449661 0.001408912 0.023543086 0.003427169 0.999715984
1662135930511597056.000000 -0.024379164 0.005993935 0.031202795 0.002075737 0.028842084 0.006485812 0.999560833
1662135930553598208.000000 -0.024783436 0.007501533 0.037250105 0.003153079 0.033192780 0.008722201 0.999405980
1662135930598598912.000000 -0.026438376 0.008865385 0.045393966 0.001919231 0.039189525 0.010635094 0.999173403
1662135930640600064.000000 -0.028300915 0.009880197 0.051172797 0.003697952 0.044981509 0.014043564 0.998882294
1662135930685600768.000000 -0.030091256 0.011151922 0.058766611 0.004485347 0.050421275 0.016560296 0.998580635
1662135930730601728.000000 -0.032048944 0.012659338 0.066142209 0.004324940 0.056549598 0.018975239 0.998210073
1662135930778602752.000000 -0.032816838 0.015231990 0.075191848 0.004792017 0.062199537 0.022324482 0.997802556
1662135930820603904.000000 -0.037293199 0.017168779 0.081074551 0.005558065 0.071165808 0.025107298 0.997133017
1662135930865604608.000000 -0.038465973 0.017937513 0.086815819 0.004569606 0.076560393 0.027227381 0.996682644
1662135930907605760.000000 -0.037839498 0.019198414 0.088611342 0.004644784 0.079447642 0.028183276 0.996429741
1662135930952606720.000000 -0.040585425 0.023116538 0.101166345 0.006297258 0.088655807 0.033201333 0.995488942
1662135930997607424.000000 -0.043958835 0.025530612 0.108386852 0.006137644 0.095848292 0.035525676 0.994742870
1662135931039608576.000000 -0.046409436 0.027400948 0.113879651 0.006277583 0.104304314 0.038697463 0.993772447
1662135931081609216.000000 -0.047012027 0.030300962 0.119990371 0.005760375 0.110153109 0.042130470 0.993004620
1662135931135610624.000000 -0.054836586 0.033319484 0.132535622 0.005140082 0.121707596 0.043883864 0.991582096
1662135931180611328.000000 -0.055449843 0.034182958 0.135909393 0.004945923 0.126598611 0.046561111 0.990848362
1662135931222612480.000000 -0.056957822 0.037651919 0.141926110 0.004750214 0.135018617 0.049332272 0.989602804
1662135931270613504.000000 -0.058945894 0.039882999 0.149378031 0.003926293 0.143394232 0.052955151 0.988240063
1662135931321614592.000000 -0.061804347 0.045684844 0.154197425 0.005544382 0.152814701 0.056952227 0.986596882
1662135931372615680.000000 -0.064705901 0.046440095 0.159687132 0.003674676 0.158960819 0.057391901 0.985608578
1662135931420616704.000000 -0.068120562 0.053516880 0.168729842 0.005455981 0.171098992 0.063775204 0.983172476
1662135931465617408.000000 -0.069611989 0.055848219 0.173380956 0.004856668 0.178483576 0.066911153 0.981653214
1662135931507618304.000000 -0.071735308 0.059746522 0.178239852 0.004425839 0.185436130 0.068038017 0.980288088
1662135931549619200.000000 -0.073742338 0.062734127 0.181866452 0.004837437 0.195094660 0.072491527 0.978089869
1662135931591620096.000000 -0.075991876 0.067444593 0.190146759 0.004681338 0.203011051 0.075977795 0.976213098
1662135931639621376.000000 -0.078500345 0.070946127 0.195453241 0.003438977 0.212950990 0.079252839 0.973837316
1662135931684622336.000000 -0.083042972 0.077550083 0.203074321 0.005026415 0.222673908 0.082243539 0.971404672
1662135931726622976.000000 -0.083931647 0.081280299 0.207822263 0.004812280 0.229492173 0.086311840 0.969464064
1662135931774624000.000000 -0.086998679 0.085823856 0.213301361 0.004423419 0.239200011 0.089005202 0.966872215
1662135931819625216.000000 -0.088439107 0.090163387 0.218838423 0.003841724 0.247603729 0.093290672 0.964351892
1662135931870626304.000000 -0.091330498 0.096035093 0.223815352 0.004210700 0.258062631 0.096661061 0.961271346
1662135931912626944.000000 -0.093965083 0.099997334 0.229999974 0.003685576 0.265577704 0.098431751 0.959044397
1662135931960627968.000000 -0.095055707 0.104714274 0.233775154 0.003499214 0.273642004 0.101241954 0.956482053
1662135932002629120.000000 -0.096134260 0.109286331 0.238488033 0.003371523 0.280730218 0.106139943 0.953893840
1662135932065630208.000000 -0.099380344 0.116750270 0.245371431 0.002909193 0.293701321 0.109324314 0.949620605
1662135932107631104.000000 -0.100421578 0.120945543 0.248904631 0.002503246 0.300667405 0.112343468 0.947085977
1662135932149632256.000000 -0.102508113 0.125348181 0.252995998 0.002066272 0.308946103 0.115286276 0.944064140
1662135932209633280.000000 -0.103622831 0.130929202 0.258216351 0.000617604 0.319164246 0.119126759 0.940182209
1662135932254634496.000000 -0.106160387 0.136232048 0.263396740 0.000290547 0.328209132 0.121398874 0.936771572
1662135932299635456.000000 -0.107647523 0.141381517 0.266583472 -0.000961213 0.337711662 0.124804892 0.932938218
1662135932350636544.000000 -0.108461395 0.147240624 0.271294475 -0.001406636 0.345577240 0.127567217 0.929677904
1662135932392637184.000000 -0.110358879 0.152481303 0.274481893 -0.000982711 0.355156809 0.132053345 0.925432146
1662135932434638336.000000 -0.110661253 0.157633111 0.277826697 -0.002629729 0.361500055 0.132907346 0.922846913
1662135932482639360.000000 -0.111589871 0.160799220 0.280107558 -0.003511829 0.367815167 0.133846492 0.920209110
1662135932524640000.000000 -0.112375483 0.169197157 0.284698695 -0.003553734 0.377431959 0.139962673 0.915392280
1662135932566641152.000000 -0.112588167 0.173145831 0.286819935 -0.004831900 0.383789003 0.141874582 0.912444174
1662135932608641792.000000 -0.113476932 0.178266019 0.290982515 -0.004533504 0.392065495 0.145353481 0.908370256
1662135932650642944.000000 -0.115005821 0.182964116 0.293860108 -0.005399962 0.397946209 0.146234319 0.905662894
1662135932695643648.000000 -0.114479139 0.188301399 0.296219081 -0.006216025 0.405025721 0.149164736 0.902034104
1662135932743644672.000000 -0.115680762 0.196937308 0.300837070 -0.006137455 0.414440244 0.153244600 0.897060573
1662135932785645824.000000 -0.115939066 0.201292470 0.304560184 -0.006973095 0.421977401 0.154310107 0.893350422
1662135932830646528.000000 -0.115652658 0.207322389 0.304169714 -0.008345177 0.429169327 0.156639680 0.889498770
1662135932875647488.000000 -0.114971705 0.212920234 0.309788853 -0.008669682 0.436071992 0.157861143 0.885915399
1662135932917648640.000000 -0.115424708 0.220708296 0.310034364 -0.008154136 0.441421092 0.160527974 0.882786334
1662135932959649280.000000 -0.114118673 0.221921653 0.310487390 -0.010770788 0.448356658 0.163959175 0.878622651
1662135933004650240.000000 -0.117191017 0.229631305 0.315850943 -0.009945981 0.456408739 0.164800003 0.874318659
1662135933049651456.000000 -0.118317649 0.244300500 0.315716863 -0.007292545 0.462248802 0.164385006 0.871349812
1662135933091652096.000000 -0.117900610 0.244915426 0.319654465 -0.009904031 0.469609201 0.166037247 0.867064536
1662135933133653248.000000 -0.113225423 0.248314589 0.323827177 -0.013035655 0.474993110 0.167815626 0.863741636
1662135933178653952.000000 -0.106772423 0.247333884 0.328912407 -0.018807177 0.480318338 0.170992672 0.860059381
1662135933223654912.000000 -0.109770477 0.253499061 0.332556307 -0.019327361 0.489582747 0.172233745 0.854558825
1662135933268656128.000000 -0.101699352 0.248513058 0.335909337 -0.026626071 0.493317366 0.174491808 0.851752162
1662135933310656768.000000 -0.100919172 0.248274550 0.337739646 -0.027574791 0.496833473 0.175734088 0.849419594
1662135933358657792.000000 -0.100783542 0.251236469 0.338197708 -0.030061418 0.505691767 0.178150535 0.843584359
1662135933403658752.000000 -0.097621068 0.253394336 0.336196989 -0.031477574 0.511046231 0.181803197 0.839516819
1662135933454659840.000000 -0.096529871 0.253515154 0.336935669 -0.034717873 0.517112792 0.183297053 0.835339010
1662135933499661056.000000 -0.096908569 0.253207773 0.337697089 -0.035734441 0.518697202 0.184365049 0.834077835
1662135933541661696.000000 -0.091417626 0.254286557 0.344239384 -0.041560218 0.529736638 0.187592074 0.826112032
1662135933589662720.000000 -0.090559423 0.255427480 0.344018281 -0.043290041 0.533398151 0.186338797 0.823948026
1662135933631663872.000000 -0.090989619 0.255028397 0.344662786 -0.046712603 0.539750874 0.188012704 0.819230318
1662135933679664896.000000 -0.086796045 0.262989551 0.346374065 -0.047169439 0.544187188 0.188611448 0.816125631
1662135933718665472.000000 -0.083663493 0.263596535 0.347329706 -0.049343035 0.548452616 0.191443264 0.812474310
1662135933757666304.000000 -0.077751532 0.259152055 0.352490962 -0.056335665 0.553454518 0.193542734 0.808118582
1662135933802667264.000000 -0.076723620 0.259816974 0.352984637 -0.058998261 0.558274508 0.194420487 0.804393888
1662135933853668352.000000 -0.073992088 0.262266576 0.353549898 -0.061039738 0.562248468 0.195724770 0.801150799
1662135933898669568.000000 -0.073842794 0.262372673 0.353656352 -0.063292518 0.566821277 0.197035581 0.797423780
1662135933940670208.000000 -0.071032301 0.267717808 0.354374945 -0.063896202 0.569972277 0.197256818 0.795071483
1662135933979671296.000000 -0.070983037 0.267792910 0.354294002 -0.063952193 0.573289454 0.198548451 0.792355895
1662135934024672000.000000 -0.067812696 0.272426397 0.354644328 -0.064414993 0.577180803 0.197703734 0.789700091
1662135934066673152.000000 -0.067710385 0.272518933 0.354625463 -0.066053860 0.579349220 0.199323460 0.787566900
1662135934111674112.000000 -0.063899949 0.277875423 0.354560137 -0.065888770 0.583467603 0.198087648 0.784847438
1662135934156674816.000000 -0.063504472 0.278224140 0.354480267 -0.067828983 0.586104155 0.200621456 0.782069147
1662135934210675968.000000 -0.059030354 0.284180075 0.354605019 -0.067507543 0.590364277 0.198376358 0.779461145
1662135934255676928.000000 -0.058461130 0.284692347 0.354384810 -0.068353623 0.592127800 0.199022159 0.777883470
1662135934297678080.000000 -0.055504963 0.288145840 0.354597688 -0.068514504 0.595093310 0.198222011 0.775807798
1662135934345679104.000000 -0.051908925 0.292094558 0.353898525 -0.068702079 0.598130822 0.198622465 0.773348987
1662135934387679744.000000 -0.051523224 0.292402387 0.353837967 -0.070398435 0.600966811 0.198541105 0.771015227
1662135934429680896.000000 -0.046802387 0.297038168 0.353631556 -0.069358066 0.602861404 0.198263720 0.769700646
1662135934468681472.000000 -0.046396121 0.297432721 0.353456289 -0.069023311 0.604168415 0.197656736 0.768861592
1662135934513682688.000000 -0.041744336 0.301507741 0.353331894 -0.070402108 0.606504023 0.197534174 0.766926765
1662135934555683328.000000 -0.041257471 0.301889718 0.353243113 -0.071830951 0.606850028 0.199895695 0.765908062
1662135934600684288.000000 -0.036099374 0.306150198 0.352544516 -0.071528241 0.609164417 0.198102340 0.764563859
1662135934642685184.000000 -0.035302386 0.306692719 0.352370560 -0.071382336 0.610971153 0.197858691 0.763197780
1662135934684686080.000000 -0.030901894 0.309864879 0.352349788 -0.072837353 0.611813962 0.198966444 0.762096286
1662135934729687296.000000 -0.030010447 0.310431480 0.352179378 -0.072839692 0.613346398 0.198223069 0.761057317
1662135934771687936.000000 -0.026990697 0.312690645 0.351863980 -0.072899610 0.613316238 0.198158413 0.761092722
1662135934816688896.000000 -0.024998471 0.314234436 0.351446807 -0.071439616 0.615429461 0.196037084 0.760073960
1662135934858689792.000000 -0.019179523 0.317666411 0.351321608 -0.073264264 0.616177380 0.196189016 0.759254694
1662135934900690688.000000 -0.016799912 0.319655687 0.350700051 -0.073532037 0.616180658 0.196397230 0.759172380
1662135934942691840.000000 -0.011371449 0.322985113 0.350269407 -0.072814249 0.617675304 0.193994865 0.758644462
1662135934990692608.000000 -0.009321645 0.324419260 0.349641919 -0.072221987 0.617481887 0.193280250 0.759040833
1662135935032693504.000000 -0.004499704 0.326603353 0.349337131 -0.072034873 0.618616700 0.191944823 0.758473158
1662135935077694720.000000 -0.002549663 0.327739865 0.349159420 -0.071801834 0.618555427 0.191377774 0.758688569
1662135935119695360.000000 0.002606496 0.331109226 0.348660886 -0.073345453 0.617945135 0.192185238 0.758834064
1662135935158696448.000000 0.005285129 0.332319587 0.348244965 -0.073197514 0.618025362 0.190348461 0.759245872
1662135935209697536.000000 0.010021716 0.334968507 0.347395718 -0.072245218 0.617622852 0.189413339 0.759898186
1662135935251698176.000000 0.012706682 0.336039066 0.347598672 -0.072288714 0.617754519 0.188508257 0.760012090
1662135935293699328.000000 0.018153980 0.338701040 0.346301198 -0.071593702 0.616507351 0.187047377 0.761450112
1662135935344700416.000000 0.020965368 0.340563238 0.345918506 -0.071392916 0.615560710 0.186671555 0.762326539
1662135935389701120.000000 0.027216330 0.342411697 0.345300525 -0.071662605 0.614826918 0.184098080 0.763518333
1662135935431702016.000000 0.031348124 0.344227761 0.344764352 -0.070847511 0.613734543 0.182805285 0.764782846
1662135935482703104.000000 0.035121724 0.345356554 0.344727337 -0.072799444 0.613001287 0.183983907 0.764904976
1662135935524704256.000000 0.039825514 0.347095490 0.344388604 -0.071529269 0.611957550 0.180983901 0.766574442
1662135935572705024.000000 0.042456314 0.347845674 0.344013691 -0.071501277 0.611348450 0.180679962 0.767134547
1662135935620706048.000000 0.049416691 0.349868238 0.343751729 -0.072051026 0.609547317 0.178383082 0.769051492
1662135935668707072.000000 0.054576129 0.351929009 0.343408644 -0.071534529 0.607614338 0.176477954 0.771066308
1662135935713708288.000000 0.059161693 0.353658348 0.342923999 -0.071728878 0.605599105 0.177598879 0.772375226
1662135935758709248.000000 0.064852126 0.355046749 0.342689723 -0.070800826 0.604134500 0.175273567 0.774136901
1662135935803709952.000000 0.065642983 0.354661345 0.342854172 -0.071994424 0.603938460 0.174912661 0.774261475
1662135935845711104.000000 0.070350051 0.358545214 0.341877639 -0.070186608 0.600993514 0.173845664 0.776954532
1662135935887711744.000000 0.077539168 0.360589325 0.342479765 -0.068390258 0.599698603 0.169840857 0.778998375
1662135935932712704.000000 0.081886448 0.361321539 0.341339260 -0.069132842 0.596638024 0.168975696 0.781467259
1662135935974713856.000000 0.086893752 0.363335192 0.341793120 -0.066433102 0.595205605 0.166197509 0.783387065
1662135936019714560.000000 0.092194177 0.364080280 0.341132700 -0.067305513 0.592904866 0.165407747 0.785222352
1662135936067715584.000000 0.097083062 0.365632892 0.341356665 -0.066309847 0.590816796 0.163048029 0.787371516
1662135936106716672.000000 0.101663038 0.366792828 0.341408789 -0.065978102 0.588940084 0.162505880 0.788915992
1662135936154717440.000000 0.104135409 0.366639882 0.340311170 -0.066996418 0.587458909 0.162797779 0.789873719
1662135936196718336.000000 0.112099372 0.369766355 0.341102302 -0.065184601 0.583807409 0.157421783 0.793812573
1662135936235719168.000000 0.117527552 0.369367898 0.340425134 -0.066866376 0.580846131 0.156492561 0.796025634
1662135936277720320.000000 0.121205598 0.371047497 0.338958085 -0.066727981 0.577462971 0.156914413 0.798412085
1662135936325721344.000000 0.127855092 0.371191382 0.338965118 -0.068043642 0.573871493 0.154463157 0.801363111
1662135936367721984.000000 0.130352423 0.372019053 0.339106441 -0.069018029 0.572366774 0.156075418 0.802043259
1662135936415723008.000000 0.136783138 0.374229312 0.338064611 -0.065513968 0.568814993 0.150582403 0.805904686
1662135936457724160.000000 0.142201006 0.375660032 0.337514341 -0.063013673 0.565365970 0.146080852 0.809352279
1662135936499724800.000000 0.147342592 0.375229180 0.338480562 -0.067320555 0.562565267 0.146159142 0.810941339
1662135936544726016.000000 0.150570795 0.375729114 0.336932510 -0.064341821 0.560342848 0.144841805 0.812955678
1662135936592727040.000000 0.158798978 0.379036814 0.335340530 -0.059528567 0.554763258 0.139838248 0.818009436
1662135936631727616.000000 0.161532566 0.378534704 0.335645139 -0.060523082 0.552503824 0.138381392 0.819711626
1662135936679728640.000000 0.169330865 0.377790928 0.336217582 -0.062278766 0.548601210 0.138866067 0.822115779
1662135936727729920.000000 0.173598796 0.376750767 0.338000268 -0.066537626 0.546961308 0.141330123 0.822454870
1662135936772730880.000000 0.180290729 0.376773864 0.338390827 -0.066580437 0.542948782 0.137435421 0.825763404
1662135936814731520.000000 0.186083138 0.379446238 0.337209284 -0.064846449 0.538760424 0.136377320 0.828814507
1662135936856732672.000000 0.191506267 0.380009770 0.337897986 -0.064797029 0.535724699 0.132028744 0.831485987
1662135936907733760.000000 0.197402984 0.381207883 0.337498665 -0.063782185 0.531654537 0.129094690 0.834631622
1662135936949734400.000000 0.202728361 0.381702483 0.337087572 -0.061995633 0.528296411 0.127896830 0.837079346
1662135936997735424.000000 0.202818632 0.381551892 0.337180912 -0.062324401 0.528370142 0.128078714 0.836980581
1662135937045736448.000000 0.211646840 0.382805854 0.338975787 -0.064143710 0.522708833 0.125999033 0.840705276
1662135937093737728.000000 0.219759136 0.382893145 0.338177562 -0.060775544 0.516969562 0.122016907 0.845080316
1662135937135738368.000000 0.223007560 0.384438366 0.337937176 -0.058246478 0.513964474 0.118366510 0.847606897
1662135937180739328.000000 0.228831828 0.384110928 0.339337021 -0.060813665 0.510685444 0.116903648 0.849609137
1662135937222740480.000000 0.236816511 0.385797739 0.340669632 -0.059214849 0.508247435 0.114641108 0.851490259
1662135937267741184.000000 0.239440903 0.384848714 0.340095043 -0.059665427 0.505223274 0.112426303 0.853551388
1662135937306742272.000000 0.243184552 0.385807186 0.342627108 -0.058747582 0.503212810 0.110056967 0.855110049
1662135937351742976.000000 0.249669969 0.383872300 0.340070367 -0.060509220 0.496165216 0.110570014 0.859030247
1662135937396743936.000000 0.253174096 0.384651810 0.341378450 -0.062302530 0.494177818 0.108695634 0.860285938
1662135937435744768.000000 0.258045942 0.384693861 0.341947198 -0.061678421 0.491263539 0.106790110 0.862236500
1662135937477745664.000000 0.264543712 0.384358674 0.342168450 -0.060493276 0.486336738 0.106644727 0.865126610
1662135937522746880.000000 0.267700285 0.383290827 0.342442572 -0.061603129 0.483588010 0.105036110 0.866784453
1662135937567747584.000000 0.269485772 0.384055048 0.342663258 -0.059504919 0.482387543 0.103585385 0.867773890
1662135937609748480.000000 0.279356003 0.386178255 0.344422609 -0.059428196 0.477347553 0.102992199 0.870632052
1662135937660749568.000000 0.284306765 0.386482626 0.344709069 -0.056440666 0.472459972 0.099308014 0.873918772
1662135937705750784.000000 0.288033545 0.385101974 0.344539165 -0.057322916 0.468223751 0.099395156 0.876128554
1662135937756751872.000000 0.297161996 0.386448592 0.346708417 -0.056593262 0.465176225 0.095566325 0.878222823
1662135937804752896.000000 0.301523596 0.385538399 0.348229676 -0.057350405 0.462992191 0.094855249 0.879404128
1662135937846753536.000000 0.305629134 0.386293471 0.348773897 -0.054758441 0.459880829 0.093078390 0.881389618
1662135937903755008.000000 0.313665330 0.383839786 0.350022793 -0.058087938 0.454667836 0.091466442 0.884045780
1662135937942755584.000000 0.316859841 0.384011298 0.350812256 -0.056791458 0.452909142 0.090123430 0.885169983
1662135937984756480.000000 0.322943002 0.384915948 0.352346539 -0.056027453 0.449879497 0.088010669 0.886974394
1662135938032757504.000000 0.327023208 0.385079116 0.353281915 -0.054381382 0.447973251 0.086350903 0.888203979
1662135938071758592.000000 0.330855608 0.386002064 0.353915274 -0.052697085 0.445259422 0.084674187 0.889829934
1662135938119759616.000000 0.336768717 0.384609163 0.356185704 -0.054897618 0.442562789 0.083496124 0.891152561
1662135938161760256.000000 0.342670470 0.384603679 0.357367665 -0.054290988 0.439174563 0.082214832 0.892983198
1662135938212761344.000000 0.347202212 0.384844542 0.359059691 -0.053586897 0.436983228 0.080658317 0.894241810
1662135938254762496.000000 0.352222264 0.384860337 0.360155910 -0.052786302 0.434203565 0.079489626 0.895746827
1662135938308763392.000000 0.356476963 0.384880304 0.361735344 -0.052220780 0.431938857 0.077983670 0.897006333
1662135938350764288.000000 0.362770081 0.384086668 0.363734275 -0.053994298 0.428710490 0.078379020 0.898414552
1662135938395765248.000000 0.365582973 0.383581311 0.364750206 -0.053397462 0.428002268 0.077334300 0.898878336
1662135938452766720.000000 0.374285072 0.383267343 0.367467940 -0.053621124 0.422820956 0.075845331 0.901440382
1662135938500767744.000000 0.374287874 0.383305550 0.367424011 -0.053756576 0.422714233 0.075624034 0.901501000
1662135938539768576.000000 0.381009430 0.382608414 0.370867729 -0.055088308 0.420739174 0.075470075 0.902356982
1662135938584769536.000000 0.386024684 0.382685959 0.372603863 -0.052327093 0.418412536 0.073562369 0.903759658
1662135938629770240.000000 0.391243964 0.381583124 0.375107110 -0.053464055 0.416100800 0.072543576 0.904842079
1662135938671771392.000000 0.394642085 0.380597413 0.376212865 -0.052060533 0.415081441 0.071999490 0.905435383
1662135938716772352.000000 0.399757862 0.380583733 0.378491342 -0.050753321 0.412872672 0.070018545 0.906673968
1662135938764773120.000000 0.404145837 0.380776912 0.380815774 -0.049325943 0.411964834 0.069130823 0.907233655
1662135938815774208.000000 0.409681082 0.379220247 0.383888960 -0.051296994 0.409870028 0.069056705 0.908078372
1662135938863775232.000000 0.413854927 0.378807962 0.386523366 -0.053255510 0.408926606 0.068875782 0.908404648
1662135938905776384.000000 0.418462783 0.378765911 0.388379037 -0.050693080 0.407190025 0.067907408 0.909403682
1662135938953777408.000000 0.418404579 0.378614515 0.388497174 -0.050864749 0.407423258 0.067963205 0.909285486
1662135939001778432.000000 0.427018911 0.377832830 0.392858952 -0.049359422 0.404817760 0.067245632 0.910584629
1662135939043779072.000000 0.430189848 0.377698302 0.395384967 -0.048555907 0.404828966 0.066210531 0.910698712
1662135939094780160.000000 0.435217232 0.376525760 0.398569703 -0.049573429 0.403365016 0.066624366 0.911263049
1662135939142781184.000000 0.439287722 0.376557976 0.401175290 -0.048859242 0.402786374 0.065972671 0.911604941
1662135939187782400.000000 0.442688704 0.376261890 0.403837919 -0.050550018 0.402408868 0.067375302 0.911576867
1662135939235783424.000000 0.446083933 0.375604182 0.406481206 -0.049086604 0.402287185 0.066867530 0.911747992
1662135939274784000.000000 0.449903101 0.375424206 0.408929288 -0.050255500 0.401553124 0.067253262 0.911979496
1662135939322785024.000000 0.451413155 0.374930501 0.409870625 -0.050340347 0.401144266 0.066861629 0.912183523
1662135939367786240.000000 0.455406427 0.374420851 0.413503647 -0.047758356 0.401644260 0.066232696 0.912148178
1662135939409786880.000000 0.459393859 0.374118447 0.415995598 -0.047447409 0.401276976 0.067128100 0.912260592
1662135939460787968.000000 0.463299572 0.373449177 0.419518828 -0.047040023 0.401181489 0.066598102 0.912362516
1662135939502789120.000000 0.466833591 0.373519480 0.422439218 -0.047874920 0.400504768 0.066911370 0.912593484
1662135939541789696.000000 0.469870389 0.373342991 0.426377118 -0.047943216 0.401982367 0.066350803 0.911980927
1662135939592790784.000000 0.473038524 0.372689307 0.429030478 -0.047323134 0.402105927 0.067205757 0.911896288
1662135939637792000.000000 0.476739824 0.372889757 0.432118833 -0.044428673 0.402488023 0.067224197 0.911871970
1662135939688792832.000000 0.479855508 0.372294068 0.434366643 -0.043176949 0.402254760 0.068303809 0.911954820
1662135939736794112.000000 0.483656615 0.371851087 0.438745737 -0.043412618 0.403566927 0.068851881 0.911322415
1662135939778794752.000000 0.486069679 0.371748716 0.442005247 -0.043563955 0.404509574 0.068427108 0.910929203
1662135939820795648.000000 0.488950789 0.371702820 0.444178402 -0.042736165 0.404454917 0.069929786 0.910878539
1662135939865796864.000000 0.492447644 0.370873272 0.448048592 -0.043009400 0.405522496 0.071034133 0.910305381
1662135939919798016.000000 0.495347202 0.370034963 0.451363742 -0.044846714 0.406243593 0.072951891 0.909743369
1662135939961798656.000000 0.498211712 0.370773524 0.455395252 -0.042844042 0.407727331 0.072557874 0.909207463
1662135940006799616.000000 0.500546932 0.370424420 0.457968235 -0.044224091 0.407620639 0.073354766 0.909125268
1662135940045800448.000000 0.503186166 0.369990110 0.461118400 -0.042104829 0.408942461 0.074319437 0.908553720
1662135940093801472.000000 0.505454898 0.370249420 0.463683307 -0.041369401 0.409724534 0.074746050 0.908200145
1662135940135802624.000000 0.508105397 0.370282918 0.468009204 -0.042703163 0.411544681 0.075179286 0.907279193
1662135940180803584.000000 0.510417163 0.369773477 0.471427977 -0.041084655 0.413616031 0.076771133 0.906278193
1662135940228804352.000000 0.513207376 0.369592309 0.475840509 -0.041927867 0.414680272 0.077406026 0.905699015
1662135940282805760.000000 0.514820039 0.369463146 0.479152858 -0.041130513 0.416456819 0.077851474 0.904881895
1662135940327806464.000000 0.517987192 0.368816435 0.482952237 -0.040223338 0.417139828 0.079488680 0.904465616
1662135940372807424.000000 0.519753993 0.368421137 0.486576051 -0.039772794 0.419151634 0.080048554 0.903505623
1662135940426808576.000000 0.522863448 0.369093001 0.490394592 -0.038329285 0.420328259 0.081498697 0.902891517
1662135940468809728.000000 0.524636209 0.369419187 0.493591458 -0.037751108 0.422006905 0.082334168 0.902056634
1662135940510810368.000000 0.526308000 0.368768752 0.496427119 -0.037908763 0.423079252 0.083522968 0.901438236
1662135940552811264.000000 0.528380036 0.368818939 0.500374794 -0.036148496 0.424708694 0.084436327 0.900658846
1662135940603812352.000000 0.530008078 0.368281424 0.504040599 -0.036304742 0.427376300 0.085317671 0.899306595
1662135940642813184.000000 0.531864882 0.368498325 0.507274985 -0.039272547 0.427814513 0.086166367 0.898892581
1662135940681814272.000000 0.533605218 0.368544430 0.510945559 -0.037267167 0.429784745 0.087583080 0.897900581
1662135940723814912.000000 0.535293818 0.369217098 0.514260769 -0.034898780 0.431859821 0.088507444 0.896908998
1662135940765816064.000000 0.536733806 0.369465202 0.518255711 -0.035705231 0.434571296 0.088511243 0.895566165
1662135940807816704.000000 0.539011180 0.368926585 0.521325588 -0.034359857 0.434587151 0.090831220 0.895378768
1662135940849817856.000000 0.540348828 0.368518710 0.523386836 -0.034701545 0.435007304 0.092624776 0.894977748
1662135940888818432.000000 0.542512476 0.369078100 0.526757240 -0.033526931 0.436245054 0.093279019 0.894351840
1662135940930819584.000000 0.543882728 0.369526953 0.530514479 -0.032293558 0.438158572 0.093635097 0.893424153
1662135940978820608.000000 0.545197785 0.369992733 0.533921123 -0.033051249 0.440104216 0.095302582 0.892263114
1662135941023821312.000000 0.545896292 0.370211363 0.535821557 -0.031195562 0.441073269 0.095782496 0.891799808
1662135941065822464.000000 0.548265636 0.369687885 0.542226076 -0.032995604 0.444077313 0.097255155 0.890083194
1662135941107823104.000000 0.549410284 0.368776083 0.544883728 -0.032020308 0.445341259 0.099259704 0.889265656
1662135941149824256.000000 0.550963461 0.370713860 0.547322989 -0.028474126 0.446244299 0.099303171 0.888928652
1662135941188824832.000000 0.552703202 0.370691001 0.551911771 -0.028496033 0.447818816 0.100351915 0.888017893
1662135941233826048.000000 0.553456485 0.370200604 0.553556442 -0.028462194 0.448332489 0.101655625 0.887611449
1662135941281827072.000000 0.555689275 0.371362567 0.556871414 -0.026621023 0.448950917 0.102836780 0.887219906
1662135941323827712.000000 0.557059050 0.370650977 0.562307596 -0.027841618 0.451520354 0.104057603 0.885734856
1662135941365828864.000000 0.557959557 0.370579958 0.565357685 -0.029391812 0.452739209 0.104878373 0.884965479
1662135941413829888.000000 0.560357928 0.371937543 0.568559527 -0.027412901 0.453301370 0.105816834 0.884629428
1662135941455830528.000000 0.560783565 0.370199353 0.572436452 -0.028840868 0.455254823 0.108265057 0.883283615
1662135941500831488.000000 0.561920345 0.370964140 0.575455487 -0.026918236 0.456382036 0.108581796 0.882723570
1662135941542832384.000000 0.563406467 0.371321499 0.578481793 -0.026669815 0.456246495 0.109753780 0.882656276
1662135941581833472.000000 0.563955128 0.370380700 0.582508743 -0.026287865 0.458986253 0.111488491 0.881028354
1662135941623834112.000000 0.565195501 0.370192230 0.585406065 -0.026625356 0.459431887 0.112943456 0.880600512
1662135941665835264.000000 0.566312134 0.370319664 0.587751150 -0.029080262 0.459752947 0.114131548 0.880202055
1662135941707835904.000000 0.567045987 0.370328009 0.592813551 -0.026950803 0.462420285 0.114057399 0.878881156
1662135941746836992.000000 0.568114996 0.370713770 0.595294952 -0.026023984 0.462685972 0.115113601 0.878631473
1662135941791837696.000000 0.569558084 0.370847225 0.598278761 -0.025117602 0.463373780 0.117073655 0.878036320
1662135941833838592.000000 0.570288777 0.370555311 0.602131605 -0.025974380 0.464676023 0.117561713 0.877257526
1662135941878839808.000000 0.570857525 0.370382369 0.604106545 -0.027699653 0.465608090 0.117624409 0.876702011
1662135941929840896.000000 0.572997093 0.371649414 0.608011127 -0.024343058 0.465564489 0.118920729 0.876649916
1662135941977841920.000000 0.573617101 0.370941222 0.613339424 -0.024734346 0.467739791 0.120155007 0.875311613
1662135942025842944.000000 0.574501574 0.370694995 0.615830898 -0.024567658 0.468114495 0.121723264 0.874899268
1662135942061843712.000000 0.575241923 0.370756567 0.618000627 -0.024968408 0.468289673 0.122177213 0.874730885
1662135942103844352.000000 0.576737106 0.370123565 0.622843385 -0.026800696 0.469684094 0.123406313 0.873755932
1662135942145845504.000000 0.577694178 0.369848847 0.625302553 -0.026672810 0.469202101 0.124874637 0.873810232
1662135942199846400.000000 0.578440666 0.370066673 0.627407432 -0.025878040 0.469906867 0.125194594 0.873409510
1662135942247847680.000000 0.579972506 0.369335741 0.634294629 -0.028089285 0.471623123 0.126454055 0.872233927
1662135942292848640.000000 0.580799103 0.370697975 0.637894452 -0.025218038 0.472754598 0.126526341 0.871698558
1662135942334849280.000000 0.581574261 0.371227384 0.639692247 -0.024746366 0.471860290 0.127396271 0.872069776
1662135942388850432.000000 0.583421946 0.368845850 0.644543767 -0.027028559 0.472510964 0.128669396 0.871462584
1662135942433851392.000000 0.584574640 0.367885739 0.648018122 -0.028226160 0.473069161 0.129486099 0.871000707
1662135942478852608.000000 0.585571170 0.367736578 0.650387287 -0.030511379 0.472924471 0.130139574 0.870904922
1662135942520853248.000000 0.587056696 0.368215501 0.653406382 -0.028750662 0.472185820 0.131120801 0.871218324
1662135942562854400.000000 0.588048458 0.368212283 0.656727552 -0.028360225 0.472358286 0.131486818 0.871082425
1662135942613855488.000000 0.588896573 0.368010849 0.659197569 -0.029278602 0.472174793 0.132179961 0.871046662
1662135942658856448.000000 0.590296388 0.367934942 0.662079930 -0.028048579 0.471523285 0.132636964 0.871370554
1662135942700857088.000000 0.590858877 0.368027180 0.665447712 -0.029737586 0.472380072 0.133967489 0.870646596
1662135942751858176.000000 0.592517674 0.367723286 0.669957399 -0.027820697 0.472121775 0.135039255 0.870684505
1662135942793859328.000000 0.593533456 0.367298305 0.672693312 -0.027668996 0.471872449 0.135523289 0.870749295
1662135942835859968.000000 0.594904721 0.366964519 0.674727917 -0.028687745 0.470841140 0.136465430 0.871127367
1662135942883860992.000000 0.595660865 0.367180884 0.678622425 -0.028647389 0.471443355 0.136847213 0.870742977
1662135942925862144.000000 0.597192049 0.366492867 0.681835771 -0.030915866 0.470929772 0.137231365 0.870882928
1662135942967862784.000000 0.598557174 0.366773188 0.683736682 -0.029494716 0.469657749 0.137625977 0.871556520
1662135943006863872.000000 0.599779665 0.367924690 0.685804009 -0.027430415 0.468425542 0.136975676 0.872389197
1662135943048864512.000000 0.600856423 0.366829097 0.689061642 -0.029972108 0.468400151 0.138197392 0.872126460
1662135943093865728.000000 0.602316916 0.365837067 0.691192269 -0.030726248 0.467083275 0.137946621 0.872845888
1662135943138866432.000000 0.602853000 0.365541607 0.693383455 -0.030238707 0.467158973 0.138882220 0.872673988
1662135943186867456.000000 0.604773164 0.366222113 0.696664810 -0.030102585 0.465602428 0.138738617 0.873532951
1662135943234868480.000000 0.606871188 0.365485221 0.700682819 -0.029318163 0.464673907 0.139154077 0.873987913
1662135943276869632.000000 0.607707739 0.365541816 0.703373075 -0.028124973 0.465297997 0.139125660 0.873699486
1662135943321870336.000000 0.609325171 0.365605742 0.705832779 -0.027451107 0.463498324 0.139712974 0.874583364
1662135943369871360.000000 0.611068368 0.362791836 0.708178043 -0.032070257 0.462566763 0.140099496 0.874857545
1662135943408872448.000000 0.612502575 0.363656521 0.711079419 -0.030182209 0.461248070 0.140059859 0.875626922
1662135943456873472.000000 0.613750458 0.363977849 0.713338614 -0.029728547 0.460425735 0.140401259 0.876020551
1662135943501874176.000000 0.613951445 0.363493562 0.713952780 -0.030260973 0.460363001 0.140915960 0.875952601
1662135943543875328.000000 0.616685450 0.363445163 0.717883945 -0.032010157 0.458065957 0.140887707 0.877098441
1662135943582875904.000000 0.617984951 0.361961633 0.721037388 -0.032729473 0.458411485 0.141075999 0.876861095
1662135943627877120.000000 0.619836152 0.360806972 0.723061800 -0.034898628 0.456780374 0.140820518 0.877669275
1662135943669877760.000000 0.621449590 0.360789955 0.725547731 -0.034660567 0.455854565 0.141110480 0.878113389
1662135943720878848.000000 0.623490036 0.360700339 0.728488445 -0.033197757 0.454420000 0.141224250 0.878894806
1662135943762879744.000000 0.624693215 0.360451818 0.730272174 -0.035477165 0.453301489 0.142612994 0.879159153
1662135943804880896.000000 0.626412094 0.359948128 0.732053041 -0.033896253 0.452000141 0.141013578 0.880148947
1662135943849881600.000000 0.628944695 0.359827936 0.735318661 -0.032455307 0.450502574 0.141319260 0.880921721
1662135943894882560.000000 0.631146789 0.358602881 0.737603962 -0.033903252 0.449262768 0.140812486 0.881581187
1662135943945883648.000000 0.632567823 0.358412266 0.738967061 -0.033352088 0.448043138 0.140512064 0.882270634
1662135943996884736.000000 0.635544002 0.357448786 0.742799520 -0.034871843 0.446861058 0.140778944 0.882768631
1662135944038885888.000000 0.637536466 0.356599867 0.744371176 -0.034783669 0.444934994 0.140568614 0.883778036
1662135944083886592.000000 0.639566541 0.355625927 0.746958494 -0.037342168 0.444297880 0.140511587 0.884003103
1662135944134887680.000000 0.641796768 0.356007695 0.748933315 -0.034266863 0.442975104 0.139266431 0.884988010
1662135944182888704.000000 0.643527031 0.355866909 0.752328634 -0.033201855 0.444825947 0.138437331 0.884229958
1662135944224889856.000000 0.646503747 0.354188144 0.753178000 -0.036748286 0.440221459 0.139994025 0.886146903
1662135944275890944.000000 0.648976445 0.352941811 0.755037189 -0.037698388 0.438701481 0.139365152 0.886959553
1662135944317891584.000000 0.650720060 0.353107601 0.757058203 -0.037435319 0.438578546 0.140276849 0.886887789
1662135944362892544.000000 0.653881848 0.352512807 0.759294331 -0.035685990 0.436496794 0.139211684 0.888153791
1662135944410893568.000000 0.655457437 0.351651579 0.761193871 -0.035973065 0.437153310 0.139039487 0.887846231
1662135944452894464.000000 0.658393919 0.350290328 0.763645768 -0.036980342 0.435940146 0.138591439 0.888471246
1662135944497895424.000000 0.661235392 0.349565715 0.765543938 -0.037120305 0.434525728 0.137593389 0.889312983
1662135944551896576.000000 0.664418936 0.348460883 0.767707646 -0.038518805 0.433546901 0.137929291 0.889679134
1662135944593897472.000000 0.667037487 0.348400772 0.768950820 -0.036585934 0.431753963 0.136061624 0.890919387
1662135944635898624.000000 0.669387579 0.347585589 0.771364272 -0.036438018 0.432049006 0.136543781 0.890708625
1662135944680899328.000000 0.672495484 0.347387075 0.772392035 -0.035587154 0.428963780 0.135588542 0.892378569
1662135944731900416.000000 0.675440252 0.345880330 0.774801850 -0.036959548 0.429031044 0.136349142 0.892174482
1662135944776901376.000000 0.678268492 0.345733315 0.776278019 -0.035303254 0.428919822 0.135997862 0.892348647
1662135944824902656.000000 0.681539714 0.344779372 0.777607501 -0.035915695 0.426972091 0.134983808 0.893411636
1662135944878903552.000000 0.682622790 0.344550431 0.778774858 -0.036763497 0.427527487 0.137336791 0.892752707
1662135944923904768.000000 0.687666714 0.344176918 0.781016946 -0.033137016 0.426139802 0.135776207 0.893796206
1662135944965905408.000000 0.690892935 0.341808796 0.783147156 -0.036856219 0.426505059 0.135477677 0.893521607
1662135945010906368.000000 0.690926254 0.341601789 0.783445537 -0.037278362 0.426503152 0.135178089 0.893550396
1662135945058907392.000000 0.697924852 0.340195537 0.786107004 -0.036452834 0.423729539 0.133656502 0.895131528
1662135945100908288.000000 0.700998127 0.339537442 0.787090838 -0.039409529 0.423025876 0.134534270 0.895207524
1662135945142909184.000000 0.703564107 0.337422758 0.789488316 -0.040140238 0.425390691 0.134008884 0.894132614
1662135945190910464.000000 0.706615150 0.336397469 0.790910006 -0.039459199 0.425296277 0.133862525 0.894229829
1662135945235911424.000000 0.709948301 0.335442424 0.792523503 -0.041549180 0.425494790 0.135682821 0.893766224
1662135945289912576.000000 0.714342475 0.334908456 0.794198096 -0.039506175 0.424977303 0.134675071 0.894257367
1662135945331913216.000000 0.716968775 0.334304571 0.795704126 -0.041269425 0.425246090 0.135619506 0.893907130
1662135945376914176.000000 0.720912099 0.333080351 0.797203064 -0.040318444 0.425869942 0.132953018 0.894054115
1662135945421915392.000000 0.723554909 0.333805263 0.796800196 -0.035082873 0.424438357 0.132537961 0.895016789
1662135945466916096.000000 0.727275252 0.332313836 0.798822999 -0.037191369 0.425899714 0.132929713 0.894178987
1662135945508916992.000000 0.730316281 0.332632273 0.798577309 -0.032435518 0.424639285 0.131459504 0.895180345
1662135945550918144.000000 0.733429253 0.331443310 0.799926877 -0.033647411 0.425233513 0.132240757 0.894738376
1662135945595918848.000000 0.736939311 0.329822212 0.801688194 -0.034041602 0.426871687 0.130884200 0.894142687
1662135945634919936.000000 0.738931477 0.329458416 0.802778959 -0.032309946 0.428212553 0.130292058 0.893652141
1662135945679920640.000000 0.742855728 0.327894568 0.804222822 -0.034887228 0.428661972 0.129380539 0.893472135
1662135945727921664.000000 0.746200919 0.326994091 0.805508614 -0.035555627 0.429866463 0.130160287 0.892753601
1662135945775922688.000000 0.749584079 0.325599343 0.806543827 -0.034558907 0.430508107 0.129336715 0.892603219
1662135945817923840.000000 0.752987325 0.324588805 0.807665825 -0.034118202 0.431651056 0.128355592 0.892209709
1662135945862924544.000000 0.754350960 0.324542671 0.807924747 -0.034314863 0.431419730 0.129089102 0.892208219
1662135945904925696.000000 0.758451641 0.320467472 0.809920549 -0.036609460 0.433761358 0.130148888 0.890826643
1662135945949926656.000000 0.764079034 0.321791172 0.811293840 -0.033588700 0.435887694 0.128778949 0.890106559
1662135945991927296.000000 0.766911864 0.320413649 0.811739981 -0.033544932 0.436165661 0.128123522 0.890066683
1662135946036928512.000000 0.772012293 0.319371045 0.812991202 -0.033756100 0.438101977 0.128682449 0.889026463
1662135946081929216.000000 0.775420129 0.319040418 0.813589334 -0.033879865 0.439005703 0.129642278 0.888436317
1662135946123930112.000000 0.778780460 0.317143619 0.814927220 -0.035136137 0.441136271 0.129519179 0.887349486
1662135946165931264.000000 0.782201171 0.317627609 0.815563500 -0.035149321 0.442326665 0.128923446 0.886843026
1662135946216932352.000000 0.785262108 0.316096634 0.816933274 -0.034574870 0.444718719 0.128705144 0.885700226
1662135946261933056.000000 0.788902640 0.313478231 0.818191528 -0.037116569 0.447124541 0.128208965 0.884457171
1662135946306934016.000000 0.794313610 0.313747674 0.819329023 -0.034341373 0.450224310 0.128114671 0.883009255
1662135946351935232.000000 0.797856033 0.313812137 0.820033431 -0.032044291 0.452932537 0.125921950 0.882025480
1662135946393935872.000000 0.801822424 0.313043922 0.820459306 -0.031452220 0.453964770 0.125170723 0.881622970
1662135946438936832.000000 0.807454228 0.311128795 0.819078088 -0.032784760 0.453990459 0.126717329 0.881340265
1662135946477937664.000000 0.809728742 0.311996579 0.821093261 -0.030521903 0.457501322 0.123877458 0.880008757
1662135946519938816.000000 0.812444746 0.311427474 0.821314573 -0.029991509 0.458412528 0.124834172 0.879417419
1662135946564939776.000000 0.816809058 0.310037255 0.823282123 -0.031316862 0.462798208 0.123853266 0.877210021
1662135946609940480.000000 0.820485294 0.308747292 0.823754072 -0.032103334 0.465250731 0.124237567 0.875828922
1662135946651941632.000000 0.825385451 0.308986723 0.824940443 -0.032129515 0.467797816 0.124304771 0.874460518
1662135946690942208.000000 0.828043640 0.308355689 0.825186014 -0.031706732 0.469340861 0.123479746 0.873765826
1662135946735943424.000000 0.831934333 0.306705952 0.826291084 -0.032663990 0.472418666 0.123084053 0.872126162
1662135946783944448.000000 0.837049425 0.305611908 0.827470005 -0.030285016 0.476462901 0.122821547 0.870046437
1662135946825945088.000000 0.839818060 0.307163298 0.826474011 -0.027241113 0.476918191 0.120181650 0.870266318
1662135946867946240.000000 0.843837142 0.305314809 0.828372896 -0.027772551 0.481185883 0.121392019 0.867728531
1662135946918947328.000000 0.849759400 0.303057671 0.829778075 -0.029665122 0.485128492 0.122847691 0.865262270
1662135946963948288.000000 0.852874935 0.302760899 0.830923617 -0.029031111 0.488569736 0.121544003 0.863529921
1662135947005948928.000000 0.857577562 0.301499754 0.832279205 -0.029595260 0.492597252 0.121276110 0.861257315
1662135947047950080.000000 0.863276899 0.300127089 0.831664741 -0.029925894 0.493968278 0.123500369 0.860143840
1662135947095950848.000000 0.867530644 0.299341500 0.833055317 -0.032845758 0.497917026 0.125245377 0.857504249
1662135947134951936.000000 0.872129738 0.298787236 0.834918201 -0.030778462 0.502533972 0.124210365 0.855034590
1662135947188952832.000000 0.877748489 0.298084497 0.835141420 -0.029835330 0.505720258 0.123985492 0.853220105
1662135947236953856.000000 0.881416678 0.298118711 0.834621549 -0.027101848 0.507487357 0.121523716 0.852616072
1662135947278954752.000000 0.885218382 0.297150612 0.835524917 -0.026992396 0.510593474 0.120881133 0.850854576
1662135947320955648.000000 0.887807131 0.295267761 0.836812556 -0.028514033 0.513675213 0.123169295 0.848618925
1662135947368956928.000000 0.892754853 0.294895291 0.834974170 -0.025643852 0.513668537 0.121758886 0.848918021
1662135947410957568.000000 0.898736477 0.296162605 0.837816119 -0.025248952 0.520485759 0.119416788 0.845101655
1662135947452958464.000000 0.904341698 0.292467475 0.837237239 -0.026209211 0.522462904 0.123993799 0.843191087
1662135947494959360.000000 0.907913148 0.292574584 0.837753654 -0.024278438 0.524654865 0.122760378 0.842067599
1662135947539960320.000000 0.911711693 0.293961048 0.840644062 -0.025328957 0.530449510 0.120967202 0.838658869
1662135947578961408.000000 0.914435565 0.295345455 0.843056202 -0.022153931 0.535679281 0.116585299 0.836041152
1662135947623962112.000000 0.917664170 0.293135941 0.841595054 -0.023069473 0.534955740 0.119939618 0.836005151
1662135947665963264.000000 0.923844516 0.292159796 0.842693925 -0.023441020 0.538926482 0.120075092 0.833421111
1662135947716964352.000000 0.930716574 0.290894091 0.842388868 -0.021249214 0.542149663 0.120180808 0.831371605
1662135947758964992.000000 0.935199380 0.290484846 0.843026996 -0.020618226 0.545216441 0.120332472 0.829357684
1662135947800966144.000000 0.938351512 0.290803552 0.841158509 -0.019065823 0.544266701 0.117390804 0.830439508
1662135947842966784.000000 0.942504942 0.289553344 0.844712138 -0.018706704 0.550824225 0.117229328 0.826135576
1662135947890967808.000000 0.947842717 0.287933171 0.844640493 -0.020643538 0.552346170 0.118436545 0.824900270
1662135947941968896.000000 0.952310622 0.289170444 0.845465600 -0.018883875 0.555175304 0.115528770 0.823454261
1662135947989969920.000000 0.957769990 0.288274407 0.847024620 -0.018626945 0.559696138 0.118276484 0.820002496
1662135948031971072.000000 0.962266088 0.286861569 0.844040871 -0.015739810 0.556988478 0.118623324 0.821854353
1662135948079972096.000000 0.966155171 0.286812603 0.846981108 -0.015633110 0.562991738 0.116929837 0.817999661
1662135948121972736.000000 0.970790505 0.286107540 0.847794414 -0.016496332 0.564954340 0.119211942 0.816298425
1662135948163973888.000000 0.976431608 0.285536885 0.848614573 -0.015964821 0.568369985 0.118879981 0.813982964
1662135948211974912.000000 0.976371646 0.285709918 0.848727822 -0.016254297 0.568518877 0.118636154 0.813908875
1662135948253975552.000000 0.984799743 0.286470890 0.851755023 -0.016441630 0.574561775 0.117099158 0.809874237
1662135948292976384.000000 0.989959717 0.284286678 0.849778295 -0.015699547 0.573429346 0.120561659 0.810183525
1662135948337977344.000000 0.993556142 0.284859955 0.852124214 -0.015679991 0.577082336 0.117916673 0.807976425
1662135948382978560.000000 0.998108983 0.284700155 0.854196906 -0.013727644 0.581438780 0.115044720 0.805298209
1662135948430979584.000000 1.001087427 0.284208924 0.858316183 -0.013337539 0.585657656 0.111979321 0.802675486
1662135948472980224.000000 1.004155874 0.283498228 0.859466076 -0.013660651 0.587646544 0.112930983 0.801081479
1662135948514981376.000000 1.007051945 0.285310805 0.862079203 -0.011401126 0.591566741 0.107547574 0.798969567
1662135948553981952.000000 1.011729717 0.283852488 0.862029076 -0.011285301 0.592463553 0.109045647 0.798103154
1662135948595983104.000000 1.013799310 0.283529073 0.862717330 -0.013766503 0.592802942 0.109392293 0.797764719
1662135948637983744.000000 1.019860744 0.284347594 0.864663363 -0.010409894 0.595786154 0.106905207 0.795928240
1662135948685984768.000000 1.023286343 0.286566138 0.865345538 -0.007286935 0.596116126 0.105315104 0.795927882
1662135948730985984.000000 1.027671456 0.286509514 0.865654349 -0.008217144 0.596921086 0.105421379 0.795301259
1662135948772986624.000000 1.033586860 0.285742313 0.867171645 -0.007447974 0.598598540 0.108546406 0.793625891
1662135948814987776.000000 1.037131310 0.285704225 0.867323995 -0.009321031 0.598309577 0.108114615 0.793882906
1662135948856988416.000000 1.038802385 0.287589550 0.869326413 -0.006598407 0.600536466 0.103542998 0.792837501
1662135948895989504.000000 1.043949604 0.288549125 0.870090127 -0.005321076 0.600505710 0.102174856 0.793047845
1662135948937990144.000000 1.045374393 0.288291723 0.872082651 -0.005712900 0.602105677 0.102115080 0.791838765
1662135948982991104.000000 1.051626444 0.288205355 0.871056199 -0.004182067 0.601960182 0.104484312 0.791649818
1662135949033992192.000000 1.055721879 0.290072829 0.869837344 -0.002112951 0.599867225 0.102274917 0.793533087
1662135949078993408.000000 1.059382796 0.289498240 0.872178376 -0.002749694 0.601330280 0.103394464 0.792277694
1662135949120994048.000000 1.061649799 0.289440215 0.874018729 -0.002163310 0.602380276 0.099924982 0.791926980
1662135949174995456.000000 1.067681670 0.289590895 0.875380099 -0.003365477 0.601280868 0.100655437 0.792665422
1662135949216996096.000000 1.068758130 0.289369643 0.875335574 -0.003734644 0.600774646 0.101042680 0.792998314
1662135949261997312.000000 1.073549986 0.289891034 0.877086878 -0.002897045 0.600480020 0.097806498 0.793630421
1662135949306998016.000000 1.080068707 0.292189986 0.875012159 -0.000731054 0.596444130 0.101567216 0.796202302
1662135949348998912.000000 1.082545996 0.292061806 0.876483500 -0.000440233 0.596399128 0.099375196 0.796512723
1662135949394000128.000000 1.085185885 0.292449534 0.876807272 -0.000379574 0.594524622 0.099046558 0.797953784
1662135949439000832.000000 1.090134382 0.293800473 0.878855228 -0.000309185 0.593519390 0.096226230 0.799046397
1662135949481001728.000000 1.090622067 0.293919027 0.878735304 0.000850923 0.592920542 0.095035814 0.799632907
1662135949529003008.000000 1.095875144 0.296019018 0.880637884 0.000997204 0.589921713 0.093103565 0.802074254
1662135949568003584.000000 1.099912882 0.297787845 0.881372154 0.002231466 0.587001860 0.090999596 0.804452002
1662135949616004608.000000 1.103068829 0.295730740 0.881231368 0.000073309 0.584605157 0.092174158 0.806064963
1662135949667005696.000000 1.105430126 0.296553165 0.882628620 -0.000594553 0.582174540 0.091434240 0.807906091
1662135949709006848.000000 1.110315442 0.297868848 0.882441819 0.001181674 0.577850699 0.089568004 0.811211944
1662135949754007552.000000 1.114815950 0.297576427 0.884383738 -0.002619803 0.573820531 0.088838324 0.814144313
1662135949796008704.000000 1.117647409 0.299093783 0.882832885 0.001692130 0.570075989 0.088373020 0.816823542
1662135949838009344.000000 1.120241046 0.299266666 0.882777929 0.001623343 0.566292942 0.087097451 0.819587588
1662135949886010368.000000 1.123281956 0.300571322 0.883487165 0.001805047 0.561705947 0.084979817 0.822959065
1662135949928011520.000000 1.126349568 0.300657809 0.884951770 0.001580657 0.559094846 0.083254375 0.824911654
1662135949970012160.000000 1.128641009 0.300921142 0.885829151 0.000894124 0.554737270 0.080114171 0.828159153
1662135950012013312.000000 1.132139444 0.300755084 0.885483980 0.000286241 0.548914671 0.080013342 0.832039952
1662135950057014272.000000 1.133690000 0.300423980 0.885692298 -0.001194921 0.547311425 0.080106474 0.833085656
1662135950099014912.000000 1.135742188 0.299964964 0.886929750 -0.003530139 0.539326668 0.076312266 0.838624358
1662135950144016128.000000 1.140703440 0.302001625 0.886940300 -0.003163972 0.532900751 0.074826524 0.842856884
1662135950186016768.000000 1.145252109 0.307249427 0.886336088 0.000328808 0.526703060 0.073410802 0.846873462
1662135950240018176.000000 1.146404266 0.306750953 0.888261378 -0.000822567 0.519644916 0.069160521 0.851578176
1662135950285018880.000000 1.150540829 0.308226407 0.889528930 -0.001410310 0.513316810 0.067722112 0.855521917
1662135950327020032.000000 1.153518915 0.307951003 0.888777733 -0.003372292 0.504938662 0.068174772 0.860452116
1662135950375021056.000000 1.155631542 0.309309959 0.888532937 -0.001552297 0.496800959 0.064421758 0.865468800
1662135950417021696.000000 1.160299778 0.309607685 0.888658285 -0.004655246 0.488038242 0.063914888 0.870466471
1662135950468022784.000000 1.162447214 0.311370432 0.888259113 -0.003189289 0.480437994 0.062495429 0.874793470
1662135950510023936.000000 1.164695978 0.312269330 0.888358951 -0.002946341 0.473568797 0.059188873 0.878760874
1662135950558024960.000000 1.168610334 0.313566208 0.889164925 -0.005627319 0.462045580 0.057891581 0.884946764
1662135950600025600.000000 1.171089292 0.314861387 0.888531208 -0.004845860 0.452317655 0.054344792 0.890186489
1662135950642026752.000000 1.173062086 0.315718859 0.890711546 -0.008335970 0.444002450 0.047694758 0.894716501
1662135950690027776.000000 1.175850987 0.317415714 0.891007781 -0.008743144 0.434682071 0.047541101 0.899285793
1662135950735028480.000000 1.176778197 0.318525672 0.890148878 -0.007211583 0.429111779 0.045077324 0.902097106
1662135950777029632.000000 1.180418849 0.320580840 0.891684234 -0.009330978 0.412737101 0.036031138 0.910089493
1662135950822030592.000000 1.183651090 0.321175873 0.891859889 -0.012449445 0.402350277 0.037606247 0.914628386
1662135950870031360.000000 1.186725378 0.322245866 0.891624212 -0.013966319 0.387774557 0.035594627 0.920960903
1662135950918032384.000000 1.187473416 0.322463661 0.891108751 -0.014315849 0.382293254 0.034639686 0.923280656
1662135950960033536.000000 1.191661239 0.325172931 0.889474392 -0.013650362 0.363333434 0.031478118 0.931027234
1662135951002034176.000000 1.193812847 0.327559799 0.890953898 -0.015607551 0.350678086 0.026912732 0.935979187
1662135951047035136.000000 1.195814133 0.326912880 0.891280890 -0.019989295 0.338678449 0.023370717 0.940399528
1662135951089036288.000000 1.197639704 0.328223526 0.890220106 -0.019939708 0.326586992 0.020678764 0.944730520
1662135951146037248.000000 1.200933337 0.330136865 0.889679372 -0.021606965 0.307449967 0.015996050 0.951184452
1662135951188038400.000000 1.201813579 0.330313742 0.889384031 -0.023618350 0.297068715 0.013041078 0.954474926
1662135951230039040.000000 1.204694510 0.332282722 0.890084922 -0.025687125 0.282159448 0.009032667 0.958981097
1662135951272040192.000000 1.206655264 0.334131271 0.888804734 -0.025543032 0.268409342 0.006737395 0.962942660
1662135951317040896.000000 1.208441734 0.334552407 0.887621880 -0.027831178 0.252582699 0.003928368 0.967167020
1662135951368041984.000000 1.212118387 0.334629357 0.886310399 -0.031208012 0.234044746 0.004050637 0.971716404
1662135951413042944.000000 1.212922215 0.337389529 0.886523604 -0.032283120 0.217857659 -0.003722060 0.975439429
1662135951455044096.000000 1.214159727 0.339357346 0.885028958 -0.030906506 0.202540934 -0.007107444 0.978760183
1662135951494044672.000000 1.216647863 0.338238746 0.883221507 -0.034471419 0.186908618 -0.006952760 0.981747746
1662135951545045760.000000 1.217371583 0.341380835 0.885486245 -0.038368471 0.171725675 -0.014324002 0.984293163
1662135951587046912.000000 1.219407320 0.342339665 0.885120153 -0.040569812 0.155780196 -0.014878134 0.986846149
1662135951632047616.000000 1.219692469 0.344803810 0.884611964 -0.040349189 0.140052214 -0.021214835 0.989094198
1662135951674048768.000000 1.222297311 0.344305813 0.882540643 -0.042816598 0.122364223 -0.022602594 0.991303623
1662135951722049792.000000 1.224510312 0.347770959 0.881765485 -0.042283263 0.101698577 -0.025817269 0.993580937
1662135951770050816.000000 1.225891948 0.350407422 0.880813122 -0.042680874 0.083299883 -0.030833039 0.995132625
1662135951815051520.000000 1.227220416 0.350181580 0.877869487 -0.044909254 0.061963163 -0.033604812 0.996501148
1662135951860052480.000000 1.229724288 0.353529781 0.877773881 -0.044353578 0.042191971 -0.036771312 0.997447014
1662135951902053632.000000 1.231043458 0.355417669 0.876267195 -0.043578338 0.025423883 -0.038985450 0.997965336
1662135951944054272.000000 1.230524063 0.355405688 0.877157450 -0.052494828 0.010764483 -0.047587886 0.997428596
1662135951986055424.000000 1.233539462 0.358022749 0.874976635 -0.047961593 -0.007912246 -0.045152187 0.997796774
1662135952028056064.000000 1.235408783 0.360500515 0.873534918 -0.047052085 -0.026017226 -0.049103778 0.997345507
1662135952067056896.000000 1.235960484 0.362555414 0.872281671 -0.047234237 -0.041087177 -0.053574979 0.996599495
1662135952112057856.000000 1.236256599 0.363313884 0.872541368 -0.052609768 -0.059196945 -0.059088714 0.995106280
1662135952154059008.000000 1.237864733 0.363823175 0.871307254 -0.058166876 -0.079457670 -0.062934227 0.993147790
1662135952196059648.000000 1.239245534 0.365262419 0.869772732 -0.058768194 -0.098528847 -0.065806046 0.991215408
1662135952238060800.000000 1.240370631 0.367719442 0.867860198 -0.054358918 -0.114252619 -0.067117490 0.989690244
1662135952280061440.000000 1.240058064 0.369752258 0.865800977 -0.053980358 -0.129290625 -0.073267482 0.987421930
1662135952337062912.000000 1.243512750 0.372123510 0.865071237 -0.056559660 -0.157669812 -0.074066438 0.983084679
1662135952379063552.000000 1.242610574 0.372828186 0.863910913 -0.058896735 -0.173649162 -0.079397663 0.979833245
1662135952424064512.000000 1.244003534 0.374498755 0.861868441 -0.060607180 -0.193919331 -0.080972627 0.975789726
1662135952466065408.000000 1.245141745 0.376924574 0.859805822 -0.058163252 -0.213197261 -0.085097387 0.971556723
1662135952517066752.000000 1.245531201 0.377446562 0.859399378 -0.061020400 -0.225678027 -0.088121720 0.968287408
1662135952559067392.000000 1.246331930 0.379218638 0.857062876 -0.064184695 -0.250957608 -0.093657143 0.961316288
1662135952616068608.000000 1.249067664 0.380616695 0.856243849 -0.066211820 -0.274487019 -0.092365481 0.954851568
1662135952661069568.000000 1.249416113 0.382127613 0.853499293 -0.067355677 -0.298543751 -0.099197380 0.946834087
1662135952709070592.000000 1.250667095 0.384935081 0.851446867 -0.064290673 -0.319452196 -0.101761058 0.939926445
1662135952763071744.000000 1.251056194 0.385137409 0.850644529 -0.073762022 -0.341393232 -0.106255054 0.930977881
1662135952808072704.000000 1.252101421 0.387102872 0.848549843 -0.067768730 -0.352556556 -0.107217632 0.927154601
1662135952850073856.000000 1.248680711 0.391845793 0.843002200 -0.060273107 -0.364469677 -0.125198513 0.920790076
1662135952895074560.000000 1.247822881 0.392191172 0.840054691 -0.063954182 -0.377018869 -0.132251590 0.914481342
1662135952937075712.000000 1.248257399 0.393203944 0.838389993 -0.065438107 -0.393201202 -0.135054901 0.907122314
1662135952982076416.000000 1.249042869 0.393611163 0.837249875 -0.069952726 -0.411845177 -0.137572020 0.898089170
1662135953033077760.000000 1.249843597 0.394947529 0.835148335 -0.072011508 -0.432019174 -0.140424967 0.887949646
1662135953075078400.000000 1.251014233 0.395925373 0.833351970 -0.073419116 -0.452208430 -0.143150911 0.877282739
1662135953117079552.000000 1.251577973 0.396725684 0.831710577 -0.074852109 -0.468617141 -0.145257682 0.868156314
1662135953159080192.000000 1.252415299 0.396658897 0.830459833 -0.079512261 -0.486019969 -0.147385746 0.857752800
1662135953201081344.000000 1.253180981 0.397331983 0.829541206 -0.081759587 -0.502566338 -0.148023620 0.847839355
1662135953243081984.000000 1.253756166 0.398931861 0.827137232 -0.076599903 -0.513264060 -0.151440009 0.841283858
1662135953291083008.000000 1.254578829 0.399398178 0.824584365 -0.078863129 -0.533366740 -0.153686807 0.828058541
1662135953333084160.000000 1.255016565 0.399919450 0.822899580 -0.080469072 -0.548608899 -0.155116126 0.817613602
1662135953384085248.000000 1.255753279 0.401466727 0.820091248 -0.079161279 -0.566988707 -0.157804400 0.804583848
1662135953426085888.000000 1.256803036 0.401823878 0.818888307 -0.081244655 -0.583780348 -0.158298224 0.792175233
1662135953471087104.000000 1.256612778 0.401331455 0.815639615 -0.083536260 -0.597569883 -0.162290663 0.780764818
1662135953513087744.000000 1.256893158 0.401422739 0.814086616 -0.085372224 -0.609377503 -0.163806528 0.771063030
1662135953555088640.000000 1.257879257 0.400932610 0.813623667 -0.090304814 -0.627458096 -0.162445977 0.756143272
1662135953603089920.000000 1.259236813 0.401456386 0.813253760 -0.090067849 -0.643025219 -0.161298633 0.743228912
1662135953651090944.000000 1.259315968 0.400908649 0.810006261 -0.093763269 -0.658704817 -0.165736750 0.727906406
1662135953693091584.000000 1.260324478 0.400468737 0.808893323 -0.096417896 -0.673242092 -0.163316801 0.714686215
1662135953741092608.000000 1.261720896 0.399978518 0.809073925 -0.099756807 -0.694063067 -0.159677029 0.694858491
1662135953786093824.000000 1.261903882 0.399110019 0.809904337 -0.106678762 -0.708884299 -0.155668229 0.679610372
1662135953828094464.000000 1.263339996 0.398372591 0.808403790 -0.107902594 -0.725121498 -0.155305311 0.662145078
1662135953870095616.000000 1.264733315 0.398023427 0.807086051 -0.107729293 -0.738054991 -0.152674422 0.648351550
1662135953912096256.000000 1.264901042 0.397328377 0.802912772 -0.106455103 -0.744812727 -0.158677906 0.639329851
1662135953957097216.000000 1.265456676 0.397420794 0.802202284 -0.106397226 -0.756523311 -0.156259656 0.626047313
1662135953999098368.000000 1.266150117 0.396731436 0.800789237 -0.107287332 -0.766739964 -0.156874239 0.613180101
1662135954044099072.000000 1.266445875 0.396611124 0.800499380 -0.106950432 -0.775941551 -0.156082109 0.601759791
1662135954092100096.000000 1.266808152 0.396376103 0.800247669 -0.107237019 -0.785413265 -0.153015956 0.590095222
1662135954134101248.000000 1.267605305 0.395549029 0.799888611 -0.108202524 -0.801539004 -0.149090171 0.568858147
1662135954176101888.000000 1.268653512 0.394142449 0.799092889 -0.110818751 -0.813320339 -0.144491225 0.552586257
1662135954218103040.000000 1.269090652 0.393930972 0.798805356 -0.108394369 -0.824425459 -0.141597196 0.537143946
1662135954260103680.000000 1.269376159 0.393870056 0.798588634 -0.105861269 -0.834809542 -0.140391767 0.521705449
1662135954308104704.000000 1.269499183 0.393717855 0.798638463 -0.103938863 -0.847896755 -0.141923577 0.500125468
1662135954353105664.000000 1.269954920 0.393554270 0.798598289 -0.100133017 -0.859142900 -0.137028828 0.482773185
1662135954392106496.000000 1.270112634 0.393580645 0.798715353 -0.095125787 -0.869455755 -0.135569274 0.465423167
1662135954431107584.000000 1.270131350 0.393583953 0.798707604 -0.091548376 -0.876087964 -0.135054946 0.453705907
1662135954479108608.000000 1.270146608 0.393622339 0.798857927 -0.084681764 -0.889119864 -0.131308526 0.430177927
1662135954518109440.000000 1.270101309 0.393684298 0.798863053 -0.078508280 -0.896740854 -0.127333879 0.416507304
1662135954566110464.000000 1.269928455 0.393653661 0.799000382 -0.072552100 -0.906691730 -0.125433072 0.396122277
1662135954611111168.000000 1.269947767 0.393705875 0.799139142 -0.066352919 -0.915723264 -0.119613208 0.377810687
1662135954656112128.000000 1.269881368 0.393799931 0.799310684 -0.060179878 -0.925255358 -0.110657953 0.357820928
1662135954704113152.000000 1.269857168 0.393810928 0.799298286 -0.054099139 -0.931946754 -0.107336909 0.342092812
1662135954746114304.000000 1.269870758 0.393806815 0.799303532 -0.045333713 -0.937722147 -0.105785370 0.327767402
1662135954791115008.000000 1.269865155 0.393805087 0.799300790 -0.035412591 -0.943011224 -0.105225511 0.313693106
1662135954833116160.000000 1.269860029 0.393807501 0.799300075 -0.026127717 -0.947490335 -0.103941165 0.301290005
1662135954878117120.000000 1.269860148 0.393806398 0.799300313 -0.017396927 -0.950912356 -0.104327187 0.290824622
1662135954923117824.000000 1.269855976 0.393806010 0.799295664 0.002055951 -0.954835415 -0.104583062 0.278114140
1662135954965118976.000000 1.269832253 0.393788517 0.799282908 0.004031148 -0.958039165 -0.105782948 0.266373187
1662135955016120064.000000 1.269814491 0.393779814 0.799274445 0.020525172 -0.961783230 -0.104238011 0.252361208
1662135955058120704.000000 1.269815087 0.393774807 0.799270630 0.025727861 -0.963190794 -0.105052486 0.246100664
1662135955097121792.000000 1.269818544 0.393771589 0.799276710 0.033060305 -0.966087282 -0.105316773 0.233432651
1662135955136122368.000000 1.269847035 0.393789649 0.799287438 0.056519449 -0.966394424 -0.104041867 0.228172615
1662135955178123520.000000 1.269853354 0.393798083 0.799291968 0.074945815 -0.966870546 -0.103873938 0.220804647
1662135955217124096.000000 1.269860268 0.393799454 0.799295545 0.090908058 -0.967221320 -0.106889419 0.211644262
1662135955259124992.000000 1.269860744 0.393799275 0.799297094 0.091051824 -0.967997730 -0.104983799 0.208970085
1662135955304125952.000000 1.269857645 0.393801898 0.799292922 0.092235826 -0.969598174 -0.100365430 0.203220949
1662135955346127104.000000 1.269861460 0.393803000 0.799295425 0.097550496 -0.971885979 -0.094794840 0.192185998
1662135955391127808.000000 1.269854307 0.393803596 0.799288869 0.098711543 -0.973133981 -0.092179656 0.186464965
1662135955436128768.000000 1.269848585 0.393802792 0.799287081 0.097527884 -0.975049257 -0.088344410 0.178780898
1662135955487129856.000000 1.269848824 0.393802762 0.799287319 0.096968509 -0.975360632 -0.087695517 0.177703053
1662135955526130688.000000 1.269848347 0.393802792 0.799285412 0.096912436 -0.977270246 -0.080963336 0.170281649
1662135955568131584.000000 1.269847393 0.393802047 0.799284935 0.096466303 -0.978466213 -0.078265995 0.164840996
1662135955610132736.000000 1.269847631 0.393801600 0.799284697 0.099621840 -0.978523791 -0.079357319 0.162077591
1662135955655133440.000000 1.269847870 0.393801361 0.799285173 0.100768141 -0.978708148 -0.078913592 0.160464630
1662135955697134592.000000 1.269847393 0.393801063 0.799284816 0.103037849 -0.979505181 -0.074438736 0.156242460
1662135955739135232.000000 1.269847870 0.393800378 0.799284101 0.104990341 -0.980024278 -0.071711637 0.152927756
1662135955781136384.000000 1.269847393 0.393800199 0.799283385 0.105687305 -0.980497539 -0.067378588 0.151376829
1662135955826137344.000000 1.269846916 0.393799961 0.799283385 0.106617212 -0.980953097 -0.064705580 0.148919553
1662135955868137984.000000 1.269847751 0.393799394 0.799283385 0.106101871 -0.981222928 -0.062781177 0.148332432
1662135955913139200.000000 1.269847274 0.393798769 0.799283147 0.106195778 -0.981614053 -0.059391022 0.147068143
1662135955964140288.000000 1.269847751 0.393798709 0.799282908 0.106914409 -0.981663346 -0.058877476 0.146423548
1662135956009141248.000000 1.269847155 0.393797815 0.799282551 0.108607754 -0.981942058 -0.051054113 0.146245182
1662135956057142016.000000 1.269846916 0.393797278 0.799283028 0.108800180 -0.982067049 -0.047927499 0.146321103
1662135956105143040.000000 1.269846916 0.393796712 0.799283266 0.109111182 -0.982064188 -0.043684479 0.147432566
1662135956153144064.000000 1.269846439 0.393796086 0.799282789 0.108541772 -0.982349336 -0.039221678 0.147207677
1662135956195145216.000000 1.269846320 0.393795967 0.799283028 0.109166816 -0.982451797 -0.033290248 0.147522718
1662135956240145920.000000 1.269846439 0.393795252 0.799283266 0.108809665 -0.981956780 -0.031520270 0.151419654
1662135956288146944.000000 1.269846320 0.393794358 0.799283028 0.108254530 -0.981760681 -0.029060695 0.153565526
1662135956336147968.000000 1.269846559 0.393793941 0.799283147 0.108015224 -0.981563509 -0.023836220 0.155877054
1662135956381148928.000000 1.269846678 0.393793255 0.799283743 0.107448682 -0.981339216 -0.021370431 0.158024043
1662135956426150144.000000 1.269845724 0.393792272 0.799283743 0.107662283 -0.980778456 -0.018103847 0.161724269
1662135956468150784.000000 1.269845605 0.393791616 0.799283743 0.107094392 -0.980523109 -0.015623645 0.163893983
1662135956513152000.000000 1.269846201 0.393790960 0.799283385 0.106482506 -0.979687393 -0.011169755 0.169556305
1662135956555152640.000000 1.269846082 0.393790215 0.799283385 0.105816714 -0.978839278 -0.006895436 0.175011545
1662135956600153600.000000 1.269845247 0.393789411 0.799283266 0.105147533 -0.978023469 -0.003117200 0.180012256
1662135956648154624.000000 1.269845128 0.393788636 0.799283504 0.104635842 -0.977677226 -0.000244661 0.182205036
1662135956690155520.000000 1.269845486 0.393788904 0.799283743 0.103586435 -0.977415323 0.001475062 0.184192866
1662135956732156416.000000 1.269844770 0.393787444 0.799284101 0.100208499 -0.975461841 0.009512843 0.195811361
1662135956774157568.000000 1.269844532 0.393787354 0.799283862 0.100892618 -0.974249780 0.016468056 0.200964928
1662135956828158720.000000 1.269843817 0.393786699 0.799283624 0.099845745 -0.972943187 0.021756776 0.207217470
1662135956876159744.000000 1.269843817 0.393786430 0.799284101 0.099446304 -0.971569777 0.027968595 0.213026837
1662135956921160448.000000 1.269843340 0.393785954 0.799283743 0.099238135 -0.970371604 0.031344481 0.218055606
1662135956963161344.000000 1.269843936 0.393785298 0.799284339 0.096283890 -0.968097270 0.036929518 0.228371128
1662135957008162560.000000 1.269843340 0.393785298 0.799284220 0.098632507 -0.967564404 0.038294327 0.229399875
1662135957056163584.000000 1.269842863 0.393784046 0.799284816 0.093881026 -0.964666724 0.048532743 0.241348401
1662135957104164352.000000 1.269842505 0.393783510 0.799285412 0.092876010 -0.962446868 0.055012919 0.249085680
1662135957146165248.000000 1.269842505 0.393783152 0.799285769 0.091888167 -0.960120916 0.061447132 0.256804794
1662135957188166144.000000 1.269842029 0.393783510 0.799285769 0.090763427 -0.957734287 0.068079121 0.264333814
1662135957230167040.000000 1.269842625 0.393782556 0.799287200 0.089751691 -0.955200970 0.074490041 0.272005737
1662135957266167808.000000 1.269842267 0.393782437 0.799286485 0.088575713 -0.953285217 0.077735394 0.278134763
1662135957308168960.000000 1.269841909 0.393781066 0.799287081 0.086578786 -0.949845791 0.081458330 0.289243221
1662135957350169600.000000 1.269841790 0.393780380 0.799287438 0.083094947 -0.946435452 0.087407738 0.299524754
1662135957392170752.000000 1.269842744 0.393780261 0.799288273 0.080082960 -0.943267584 0.093230866 0.308449388
1662135957437171456.000000 1.269842386 0.393779844 0.799288511 0.079101309 -0.942397773 0.093728200 0.311198354
1662135957479172352.000000 1.269842148 0.393778652 0.799288988 0.079198629 -0.936619699 0.100403450 0.326175213
1662135957479172352.000000 1.269842148 0.393778652 0.799288988 0.079198629 -0.936619699 0.100403450 0.326175213
1662135957479172352.000000 1.269842148 0.393778652 0.799288988 0.079198629 -0.936619699 0.100403450 0.326175213
1662135957479172352.000000 1.269842148 0.393778652 0.799288988 0.079198629 -0.936619699 0.100403450 0.326175213
1662135957479172352.000000 1.269842148 0.393778652 0.799288988 0.079198629 -0.936619699 0.100403450 0.326175213
1662135957479172352.000000 1.269842148 0.393778652 0.799288988 0.079198629 -0.936619699 0.100403450 0.326175213
1662135957479172352.000000 1.269842148 0.393778652 0.799288988 0.079198629 -0.936619699 0.100403450 0.326175213
1662135957479172352.000000 1.269842148 0.393778652 0.799288988 0.079198629 -0.936619699 0.100403450 0.326175213
1662135957479172352.000000 1.269842148 0.393778652 0.799288988 0.079198629 -0.936619699 0.100403450 0.326175213
1662135957479172352.000000 1.269842148 0.393778652 0.799288988 0.079198629 -0.936619699 0.100403450 0.326175213
1662135957479172352.000000 1.269842148 0.393778652 0.799288988 0.079198629 -0.936619699 0.100403450 0.326175213
1662135957479172352.000000 1.269842148 0.393778652 0.799288988 0.079198629 -0.936619699 0.100403450 0.326175213
1662135957479172352.000000 1.269842148 0.393778652 0.799288988 0.079198629 -0.936619699 0.100403450 0.326175213
1662135957479172352.000000 1.269842148 0.393778652 0.799288988 0.079198629 -0.936619699 0.100403450 0.326175213
1662135957479172352.000000 1.269842148 0.393778652 0.799288988 0.079198629 -0.936619699 0.100403450 0.326175213
1662135957479172352.000000 1.269842148 0.393778652 0.799288988 0.079198629 -0.936619699 0.100403450 0.326175213
1662135957479172352.000000 1.269842148 0.393778652 0.799288988 0.079198629 -0.936619699 0.100403450 0.326175213
1662135957479172352.000000 1.269842148 0.393778652 0.799288988 0.079198629 -0.936619699 0.100403450 0.326175213
1662135957479172352.000000 1.269842148 0.393778652 0.799288988 0.079198629 -0.936619699 0.100403450 0.326175213
1662135957479172352.000000 1.269842148 0.393778652 0.799288988 0.079198629 -0.936619699 0.100403450 0.326175213
1662135957479172352.000000 1.269842148 0.393778652 0.799288988 0.079198629 -0.936619699 0.100403450 0.326175213
1662135957479172352.000000 1.269842148 0.393778652 0.799288988 0.079198629 -0.936619699 0.100403450 0.326175213
1662135957479172352.000000 1.269842148 0.393778652 0.799288988 0.079198629 -0.936619699 0.100403450 0.326175213
1662135957479172352.000000 1.269842148 0.393778652 0.799288988 0.079198629 -0.936619699 0.100403450 0.326175213
1662135957479172352.000000 1.269842148 0.393778652 0.799288988 0.079198629 -0.936619699 0.100403450 0.326175213
1662135957479172352.000000 1.269842148 0.393778652 0.799288988 0.079198629 -0.936619699 0.100403450 0.326175213
1662135957479172352.000000 1.269842148 0.393778652 0.799288988 0.079198629 -0.936619699 0.100403450 0.326175213
1662135957479172352.000000 1.269842148 0.393778652 0.799288988 0.079198629 -0.936619699 0.100403450 0.326175213
1662135957479172352.000000 1.269842148 0.393778652 0.799288988 0.079198629 -0.936619699 0.100403450 0.326175213
1662135957479172352.000000 1.269842148 0.393778652 0.799288988 0.079198629 -0.936619699 0.100403450 0.326175213
1662135957479172352.000000 1.269842148 0.393778652 0.799288988 0.079198629 -0.936619699 0.100403450 0.326175213
1662135957479172352.000000 1.269842148 0.393778652 0.799288988 0.079198629 -0.936619699 0.100403450 0.326175213
1662135957479172352.000000 1.269842148 0.393778652 0.799288988 0.079198629 -0.936619699 0.100403450 0.326175213
1662135957479172352.000000 1.269842148 0.393778652 0.799288988 0.079198629 -0.936619699 0.100403450 0.326175213
1662135957479172352.000000 1.269842148 0.393778652 0.799288988 0.079198629 -0.936619699 0.100403450 0.326175213
1662135957479172352.000000 1.269842148 0.393778652 0.799288988 0.079198629 -0.936619699 0.100403450 0.326175213
1662135957479172352.000000 1.269842148 0.393778652 0.799288988 0.079198629 -0.936619699 0.100403450 0.326175213
1662135957479172352.000000 1.269842148 0.393778652 0.799288988 0.079198629 -0.936619699 0.100403450 0.326175213
1662135957479172352.000000 1.269842148 0.393778652 0.799288988 0.079198629 -0.936619699 0.100403450 0.326175213
1662135957479172352.000000 1.269842148 0.393778652 0.799288988 0.079198629 -0.936619699 0.100403450 0.326175213
1662135957479172352.000000 1.269842148 0.393778652 0.799288988 0.079198629 -0.936619699 0.100403450 0.326175213
1662135957479172352.000000 1.269842148 0.393778652 0.799288988 0.079198629 -0.936619699 0.100403450 0.326175213
1662135957479172352.000000 1.269842148 0.393778652 0.799288988 0.079198629 -0.936619699 0.100403450 0.326175213
1662135957479172352.000000 1.269842148 0.393778652 0.799288988 0.079198629 -0.936619699 0.100403450 0.326175213
1662135957479172352.000000 1.269842148 0.393778652 0.799288988 0.079198629 -0.936619699 0.100403450 0.326175213
1662135957479172352.000000 1.269842148 0.393778652 0.799288988 0.079198629 -0.936619699 0.100403450 0.326175213
1662135957479172352.000000 1.269842148 0.393778652 0.799288988 0.079198629 -0.936619699 0.100403450 0.326175213
1662135957479172352.000000 1.269842148 0.393778652 0.799288988 0.079198629 -0.936619699 0.100403450 0.326175213
1662135957479172352.000000 1.269842148 0.393778652 0.799288988 0.079198629 -0.936619699 0.100403450 0.326175213
1662135957479172352.000000 1.269842148 0.393778652 0.799288988 0.079198629 -0.936619699 0.100403450 0.326175213
1662135957479172352.000000 1.269842148 0.393778652 0.799288988 0.079198629 -0.936619699 0.100403450 0.326175213
1662135957479172352.000000 1.269842148 0.393778652 0.799288988 0.079198629 -0.936619699 0.100403450 0.326175213
1662135957479172352.000000 1.269842148 0.393778652 0.799288988 0.079198629 -0.936619699 0.100403450 0.326175213
1662135957479172352.000000 1.269842148 0.393778652 0.799288988 0.079198629 -0.936619699 0.100403450 0.326175213
1662135957479172352.000000 1.269842148 0.393778652 0.799288988 0.079198629 -0.936619699 0.100403450 0.326175213
1662135957479172352.000000 1.269842148 0.393778652 0.799288988 0.079198629 -0.936619699 0.100403450 0.326175213
1662135957479172352.000000 1.269842148 0.393778652 0.799288988 0.079198629 -0.936619699 0.100403450 0.326175213
1662135957479172352.000000 1.269842148 0.393778652 0.799288988 0.079198629 -0.936619699 0.100403450 0.326175213
1662135957479172352.000000 1.269842148 0.393778652 0.799288988 0.079198629 -0.936619699 0.100403450 0.326175213
1662135957479172352.000000 1.269842148 0.393778652 0.799288988 0.079198629 -0.936619699 0.100403450 0.326175213
1662135957479172352.000000 1.269842148 0.393778652 0.799288988 0.079198629 -0.936619699 0.100403450 0.326175213
1662135957479172352.000000 1.269842148 0.393778652 0.799288988 0.079198629 -0.936619699 0.100403450 0.326175213
1662135957479172352.000000 1.269842148 0.393778652 0.799288988 0.079198629 -0.936619699 0.100403450 0.326175213
1662135957479172352.000000 1.269842148 0.393778652 0.799288988 0.079198629 -0.936619699 0.100403450 0.326175213
1662135957479172352.000000 1.269842148 0.393778652 0.799288988 0.079198629 -0.936619699 0.100403450 0.326175213
1662135957479172352.000000 1.269842148 0.393778652 0.799288988 0.079198629 -0.936619699 0.100403450 0.326175213
1662135957479172352.000000 1.269842148 0.393778652 0.799288988 0.079198629 -0.936619699 0.100403450 0.326175213
1662135957479172352.000000 1.269842148 0.393778652 0.799288988 0.079198629 -0.936619699 0.100403450 0.326175213
1662135957479172352.000000 1.269842148 0.393778652 0.799288988 0.079198629 -0.936619699 0.100403450 0.326175213
