1662135913774240000.000000 0.012757960 -0.008317816 0.012156661 -0.003569762 0.011067859 0.003587010 0.999925971
1662135913825241088.000000 0.019981373 -0.012044256 0.014955162 0.002373201 0.027897988 0.000835665 0.999607623
1662135913867241984.000000 0.023598108 -0.016824605 0.019880025 0.002056829 0.037953760 0.001504484 0.999276280
1662135913909242880.000000 0.041337721 -0.016475592 0.037122749 0.005496020 0.053199273 0.005385288 0.998554289
1662135913951243776.000000 0.051444117 -0.015195373 0.052071985 0.008281792 0.065265499 0.006792022 0.997810483
1662135913993244928.000000 0.058976747 -0.010991848 0.060047258 0.013207417 0.076300643 0.013057995 0.996911883
1662135914041245696.000000 0.069172084 -0.011299375 0.073103257 0.017047066 0.090288259 0.014706246 0.995661199
1662135914086246656.000000 0.073948197 -0.010845025 0.081310496 0.019505030 0.100832313 0.016381120 0.994577348
1662135914131247872.000000 0.081558846 -0.006756757 0.094506480 0.025774663 0.117032923 0.018830117 0.992614925
1662135914173248512.000000 0.087346241 -0.007994561 0.103448376 0.026516721 0.128294379 0.021445001 0.991149604
1662135914218249472.000000 0.093600489 -0.009704151 0.112409309 0.029692091 0.140745595 0.023472890 0.989322066
1662135914260250624.000000 0.101535127 -0.010524076 0.123673618 0.032689516 0.155283645 0.025821045 0.986991227
1662135914302251264.000000 0.108022481 -0.012040436 0.131922320 0.034964025 0.167773739 0.026968837 0.984836161
1662135914350252288.000000 0.114469163 -0.015859760 0.141058385 0.034344919 0.179868311 0.031053059 0.982600391
1662135914392253440.000000 0.121156313 -0.016802043 0.147089168 0.038111627 0.189013749 0.031327344 0.980734408
1662135914437254144.000000 0.130464941 -0.013223028 0.155798241 0.045852493 0.201301694 0.030879505 0.977968097
1662135914491255296.000000 0.143774256 -0.024802955 0.164185002 0.042224079 0.213315055 0.034381416 0.975464880
1662135914530256384.000000 0.150967225 -0.029675223 0.168826401 0.041789554 0.220625803 0.036789037 0.973768175
1662135914569256960.000000 0.160264194 -0.031719241 0.174511865 0.044723462 0.228275388 0.037724715 0.971836925
1662135914611258112.000000 0.165161133 -0.033081364 0.181765556 0.048986878 0.240620509 0.039071526 0.968594611
1662135914653258752.000000 0.172837764 -0.034237109 0.186310217 0.050587136 0.247335151 0.040159866 0.966774762
1662135914698259712.000000 0.183323413 -0.039414313 0.192886874 0.053655818 0.257941186 0.041539397 0.963774800
1662135914740260608.000000 0.191706091 -0.042637035 0.198601708 0.055581275 0.267349392 0.044591047 0.960961342
1662135914782261504.000000 0.193719953 -0.047565568 0.202725217 0.057241827 0.276233077 0.045658950 0.958297431
1662135914824262656.000000 0.206459403 -0.047967911 0.210018262 0.062912598 0.286998242 0.045646828 0.954772472
1662135914866263296.000000 0.211966366 -0.052979421 0.214097634 0.065502912 0.295906216 0.047369141 0.951790512
1662135914908264448.000000 0.220406905 -0.058751266 0.219498128 0.066961676 0.304510683 0.048573047 0.948909938
1662135914953265152.000000 0.229541391 -0.063563541 0.225306481 0.069855168 0.313957125 0.049862042 0.945550144
1662135914998266112.000000 0.236303300 -0.067294523 0.229646534 0.073911913 0.322647661 0.050432891 0.942280293
1662135915046267392.000000 0.244102538 -0.073330723 0.234610796 0.075787961 0.331149638 0.053501733 0.939006805
1662135915091268352.000000 0.252467334 -0.078306258 0.238356978 0.078101523 0.337732404 0.053177014 0.936487734
1662135915136269056.000000 0.255119920 -0.080518790 0.241256207 0.080176577 0.343491286 0.054089084 0.934162617
1662135915181270016.000000 0.266868383 -0.086760983 0.247209817 0.085089169 0.353043705 0.054435674 0.930137992
1662135915223271168.000000 0.271482468 -0.089749068 0.247818857 0.084880933 0.355086327 0.055642627 0.929307759
1662135915277272320.000000 0.282919526 -0.098321319 0.255003959 0.088665016 0.366680443 0.057955425 0.924297094
1662135915325273344.000000 0.287953675 -0.101717830 0.259394139 0.092041537 0.374939799 0.059567422 0.920543492
1662135915364273920.000000 0.294814736 -0.108672783 0.260927469 0.091230340 0.377299398 0.060682703 0.919586778
1662135915415275008.000000 0.301863700 -0.114466481 0.264667571 0.091792881 0.383950770 0.063007079 0.916616678
1662135915457276160.000000 0.309992731 -0.121051803 0.267252862 0.092726253 0.388445377 0.064531870 0.914520442
1662135915499276800.000000 0.312440813 -0.122592628 0.269513130 0.096347660 0.392615050 0.065357529 0.912304223
1662135915544278016.000000 0.320222706 -0.130283967 0.272210479 0.094777606 0.397220880 0.066679858 0.910377204
1662135915586278656.000000 0.325625002 -0.135488495 0.274778008 0.098279417 0.403412163 0.069579519 0.907060385
1662135915628279808.000000 0.333518177 -0.143853307 0.277202189 0.094617732 0.406151474 0.069947705 0.906198561
1662135915676280832.000000 0.339314193 -0.149961472 0.280253172 0.095695794 0.411122918 0.072483525 0.903640628
1662135915718281472.000000 0.341112405 -0.151245192 0.280568063 0.095985532 0.412454903 0.073085003 0.902954221
1662135915772282880.000000 0.350277960 -0.162684932 0.284508109 0.094380811 0.419261098 0.075420745 0.899791121
1662135915811283712.000000 0.353957951 -0.167027831 0.285682142 0.093509123 0.421655089 0.075978406 0.898715913
1662135915853284352.000000 0.358067125 -0.172534868 0.287639320 0.093367144 0.425607890 0.079361059 0.896572590
1662135915907285760.000000 0.362614095 -0.178544998 0.290246367 0.093644679 0.429987133 0.081024364 0.894302428
1662135915949286400.000000 0.365504026 -0.182090938 0.291208595 0.093562081 0.431971580 0.082985744 0.893174171
1662135915994287616.000000 0.369282633 -0.187237710 0.293072790 0.091371499 0.435220808 0.084610611 0.891669869
1662135916039288576.000000 0.372707009 -0.192071661 0.294678360 0.092990026 0.438681126 0.086776465 0.889596283
1662135916093289728.000000 0.378374606 -0.200772941 0.296737403 0.089779384 0.442036659 0.088966206 0.888047457
1662135916135290368.000000 0.379920393 -0.203822151 0.297634065 0.089619771 0.443961382 0.089645028 0.887034595
1662135916177291520.000000 0.384277582 -0.210765868 0.299282610 0.087989859 0.446676403 0.092803828 0.885508597
1662135916222292480.000000 0.387142360 -0.215669602 0.300304770 0.087177753 0.448537260 0.093499802 0.884574592
1662135916267293184.000000 0.389816910 -0.220644414 0.301318556 0.085681252 0.449990779 0.095764428 0.883739889
1662135916309294336.000000 0.391695052 -0.223654434 0.301352173 0.086500950 0.450950950 0.097318187 0.883000612
1662135916351294976.000000 0.394539565 -0.229969248 0.303337157 0.083935373 0.453261375 0.099273570 0.881846786
1662135916393296128.000000 0.396406889 -0.233845800 0.304104507 0.083409756 0.454151303 0.100469299 0.881303251
1662135916438297088.000000 0.398329854 -0.238483608 0.304569960 0.080786124 0.454803497 0.101809077 0.881057501
1662135916486297856.000000 0.400169790 -0.244172096 0.306047261 0.078742743 0.456585377 0.103778809 0.880090594
1662135916531298816.000000 0.402420253 -0.249410838 0.306779385 0.076570153 0.457218617 0.104990423 0.879809737
1662135916573299968.000000 0.403404474 -0.252277642 0.307536304 0.076295130 0.458480299 0.106917106 0.878944635
1662135916621300992.000000 0.404631585 -0.255371064 0.307519168 0.074031249 0.458210796 0.107120864 0.879253864
1662135916669301760.000000 0.407172710 -0.262408614 0.309020340 0.071026266 0.459690183 0.110284612 0.878337920
1662135916714302720.000000 0.407964677 -0.266374439 0.309832335 0.069985949 0.459940910 0.111955583 0.878078759
1662135916759303936.000000 0.408583492 -0.269136131 0.310046345 0.069245473 0.460258216 0.113471262 0.877776563
1662135916807304960.000000 0.409580618 -0.274330497 0.311240047 0.066258311 0.460459799 0.114502482 0.877767503
1662135916849305600.000000 0.409557343 -0.275450230 0.311047047 0.066721633 0.460810810 0.115404189 0.877430022
1662135916891306752.000000 0.408349693 -0.275561094 0.310918540 0.067007020 0.460527897 0.115228161 0.877579927
1662135916933307392.000000 0.407400399 -0.276142001 0.310679615 0.067544110 0.460878402 0.116268568 0.877217472
1662135916984308480.000000 0.407943934 -0.281797111 0.310331434 0.063517779 0.459608316 0.117817111 0.877977729
1662135917035309568.000000 0.409849823 -0.283886671 0.311084032 0.059851505 0.458965123 0.117980689 0.878549695
1662135917080310528.000000 0.408599228 -0.287728816 0.310718238 0.059062704 0.458982140 0.119618468 0.878372610
1662135917125311488.000000 0.408099413 -0.288780183 0.310160816 0.058997460 0.458775699 0.120275781 0.878395081
1662135917167312384.000000 0.408377409 -0.291890234 0.310460687 0.057013214 0.458067507 0.121286802 0.878756583
1662135917212313344.000000 0.408819556 -0.293313801 0.310865015 0.053434476 0.456562936 0.122089230 0.879652977
1662135917257314560.000000 0.408224732 -0.296595454 0.310264289 0.053684060 0.456259698 0.123277180 0.879629433
1662135917311315456.000000 0.408063143 -0.299098283 0.309907585 0.051093142 0.454452485 0.125368491 0.880423367
1662135917356316672.000000 0.407870829 -0.301801503 0.310136080 0.048099779 0.453771621 0.124389663 0.881081700
1662135917395317248.000000 0.407754362 -0.303028792 0.310044706 0.047321547 0.453107089 0.125848189 0.881258726
1662135917437318400.000000 0.407431781 -0.305910677 0.309757620 0.044509508 0.451986492 0.126215249 0.881927967
1662135917482319104.000000 0.407236755 -0.307370245 0.309656292 0.043320403 0.450777471 0.126429424 0.882574975
1662135917524320000.000000 0.406879097 -0.309689879 0.309409797 0.042035382 0.449809968 0.127586186 0.882964253
1662135917569321216.000000 0.406944424 -0.310158372 0.309496939 0.041662853 0.448922545 0.127904817 0.883387327
1662135917623322368.000000 0.406234145 -0.314521462 0.308907390 0.037319236 0.446710616 0.129390672 0.884485722
1662135917668323328.000000 0.406050056 -0.316339880 0.308758378 0.035151135 0.444924802 0.130779624 0.885270059
1662135917716324096.000000 0.405845284 -0.316698968 0.308474064 0.035614803 0.444976300 0.130132988 0.885320902
1662135917758324992.000000 0.405305743 -0.320005238 0.308352798 0.032200892 0.442445308 0.130793601 0.886621892
1662135917800326144.000000 0.405175477 -0.321629733 0.308071434 0.031429674 0.440842807 0.131749004 0.887306094
1662135917839326976.000000 0.404757649 -0.323932409 0.307627738 0.029454175 0.439534873 0.132588089 0.887897491
1662135917887328000.000000 0.404313266 -0.326642066 0.307371080 0.027161406 0.437706113 0.133255303 0.888773739
1662135917929328640.000000 0.403844655 -0.328438371 0.307190776 0.025927410 0.436518192 0.133559003 0.889349043
1662135917971329792.000000 0.403942943 -0.330402732 0.307151049 0.024965569 0.434439361 0.134853885 0.890198648
1662135918013330432.000000 0.403679907 -0.332313001 0.306765229 0.023674000 0.432900608 0.135844409 0.890832722
1662135918052331520.000000 0.403488487 -0.333355665 0.306950688 0.021875136 0.432306379 0.136332959 0.891092658
1662135918094332160.000000 0.403355539 -0.335353255 0.306757212 0.020467829 0.430588007 0.136699393 0.891901493
1662135918136333312.000000 0.403299570 -0.336888373 0.306729138 0.019332295 0.428431839 0.137553141 0.892833471
1662135918178333952.000000 0.403332323 -0.338199973 0.306674540 0.018908460 0.426962882 0.138304919 0.893429875
1662135918220335104.000000 0.403230876 -0.340137750 0.306447387 0.017177895 0.425212711 0.137987673 0.894348085
1662135918262335744.000000 0.403219819 -0.341419816 0.306565672 0.015543383 0.423229009 0.138167739 0.895290613
1662135918307336704.000000 0.403612554 -0.343097627 0.306497753 0.014674415 0.421620518 0.138870597 0.895955205
1662135918361337856.000000 0.403487861 -0.344775259 0.306869954 0.012566711 0.420773029 0.139094681 0.896350861
1662135918406338816.000000 0.403592378 -0.346705198 0.307143718 0.012265259 0.418568641 0.139337704 0.897348821
1662135918448339712.000000 0.403463751 -0.347546101 0.307049036 0.011372610 0.417738080 0.139790326 0.897677183
1662135918508340992.000000 0.403883725 -0.350610077 0.306922197 0.009612954 0.415344656 0.139592573 0.898838341
1662135918550342144.000000 0.404131740 -0.352410316 0.306797773 0.007077418 0.413258106 0.140579224 0.899669468
1662135918592342784.000000 0.404879749 -0.353708506 0.306917965 0.007653944 0.412027419 0.140974939 0.900167167
1662135918643343872.000000 0.405655026 -0.356890917 0.307463467 0.004448610 0.409811765 0.140585363 0.901260376
1662135918685345024.000000 0.405639738 -0.356867194 0.307590872 0.004218034 0.410117120 0.140297443 0.901167512
1662135918733346048.000000 0.405581295 -0.357199162 0.307570100 0.008059155 0.408280492 0.140545323 0.901936352
1662135918775346688.000000 0.405370533 -0.357251763 0.307497144 0.009074706 0.407226682 0.141842470 0.902199984
1662135918817347840.000000 0.405653477 -0.357424021 0.307583511 0.011060863 0.406850845 0.141110882 0.902462065
1662135918856348416.000000 0.405382156 -0.358420402 0.306862652 0.010581213 0.405178785 0.140876949 0.903256297
1662135918898349568.000000 0.406734407 -0.359431624 0.307886958 0.009727628 0.404244453 0.142513424 0.903427780
1662135918946350336.000000 0.407946885 -0.361596793 0.308080703 0.010008899 0.402630955 0.142373368 0.904167056
1662135918994351360.000000 0.408238232 -0.361916184 0.308517098 0.011111549 0.402450323 0.143011257 0.904133916
1662135919036352512.000000 0.409485102 -0.363909066 0.308515012 0.005908889 0.399435550 0.142004684 0.905677080
1662135919078353152.000000 0.410952687 -0.365458071 0.309330881 0.004714473 0.398321748 0.140411362 0.906422734
1662135919120354048.000000 0.411172509 -0.364817500 0.310277164 0.007391529 0.399812669 0.142566323 0.905411601
1662135919159354880.000000 0.411564738 -0.366033107 0.309766054 0.007110639 0.398095787 0.141458750 0.906343520
1662135919201356032.000000 0.413236141 -0.368042707 0.310526937 0.007080527 0.397198796 0.140680522 0.906858325
1662135919246356736.000000 0.414923072 -0.368836880 0.311183333 0.006899271 0.395309269 0.139625996 0.907847822
1662135919294357760.000000 0.416225225 -0.369316489 0.312306583 0.008245561 0.396093667 0.139318258 0.907541871
1662135919342358784.000000 0.417497128 -0.369029790 0.313248217 0.009487161 0.395752966 0.139124721 0.907708108
1662135919387359744.000000 0.419220209 -0.369899333 0.313984036 0.010200291 0.395507306 0.140116334 0.907654881
1662135919429360640.000000 0.420584053 -0.369809836 0.314598024 0.011276455 0.395256847 0.140903965 0.907629311
1662135919474361600.000000 0.423236728 -0.372434825 0.315385759 0.008562472 0.393783510 0.139413595 0.908529103
1662135919513362688.000000 0.424500018 -0.373138368 0.315982848 0.009248537 0.393490553 0.138776645 0.908746839
1662135919555363328.000000 0.426016062 -0.373006850 0.316758245 0.011033718 0.393555284 0.137577102 0.908881187
1662135919597364480.000000 0.428469598 -0.373838753 0.317370623 0.010844780 0.393120736 0.137713268 0.909051001
1662135919645365248.000000 0.431679696 -0.376133621 0.317978024 0.008069159 0.391071945 0.136614144 0.910128713
1662135919690366208.000000 0.434106022 -0.376368433 0.318784833 0.009316134 0.390851051 0.135998890 0.910303771
1662135919732367360.000000 0.435724169 -0.377146363 0.321024597 0.007227771 0.390688807 0.136832759 0.910267472
1662135919774368000.000000 0.438040435 -0.376760751 0.319640309 0.012408665 0.390973479 0.136390731 0.910155714
1662135919816369152.000000 0.440914750 -0.376990825 0.321285725 0.012774871 0.390108138 0.134948537 0.910736680
1662135919861369856.000000 0.443770975 -0.378586531 0.321045697 0.011825179 0.388416409 0.133176565 0.911732912
1662135919906370816.000000 0.444878876 -0.377145261 0.323706329 0.013535766 0.389391035 0.132479757 0.911394835
1662135919951372032.000000 0.446371406 -0.372526526 0.326260209 0.018074507 0.391691536 0.132927939 0.910264373
1662135920005372928.000000 0.448186666 -0.371090442 0.328286260 0.022721104 0.395143002 0.128526866 0.909300089
1662135920047374080.000000 0.448475122 -0.369228065 0.328489304 0.025115380 0.395941138 0.128313109 0.908920050
1662135920095375104.000000 0.454388559 -0.368036032 0.326999545 0.028836092 0.392379999 0.128887862 0.910271645
1662135920140375808.000000 0.458453327 -0.365408540 0.325274318 0.032072060 0.391098619 0.127533853 0.910905302
1662135920185376768.000000 0.462134331 -0.368040144 0.325894654 0.029681718 0.389688641 0.127925143 0.911535501
1662135920230377984.000000 0.463095129 -0.367011130 0.323837966 0.032109771 0.389108866 0.126591146 0.911887050
1662135920272378624.000000 0.466577739 -0.365051955 0.327042371 0.035208263 0.391351461 0.127023473 0.910752118
1662135920314379776.000000 0.469732881 -0.364641130 0.328560352 0.039925154 0.393306434 0.125646755 0.909906030
1662135920356380416.000000 0.472636759 -0.363372475 0.327751964 0.039161570 0.391129047 0.124814279 0.910991669
1662135920398381568.000000 0.475729287 -0.364279687 0.330992758 0.044090055 0.394784927 0.121406868 0.909649014
1662135920440382208.000000 0.477872312 -0.366297245 0.334625661 0.041974418 0.397666663 0.121438287 0.908488989
1662135920488383232.000000 0.479162246 -0.364675403 0.335821211 0.046037924 0.400422931 0.119248413 0.907370865
1662135920536384256.000000 0.485274374 -0.364806175 0.336078167 0.048080880 0.398305386 0.124355868 0.907511294
1662135920578385408.000000 0.488871455 -0.364162177 0.336170942 0.046690818 0.397257835 0.124770105 0.907986104
1662135920617385984.000000 0.490453959 -0.363701135 0.338916540 0.052826531 0.401309460 0.120728835 0.906413138
1662135920659386880.000000 0.490677625 -0.365172178 0.339350343 0.053114910 0.405513704 0.123089261 0.904204905
1662135920704387840.000000 0.494303524 -0.365251839 0.342073083 0.056415692 0.410481751 0.122510158 0.901838899
1662135920749389056.000000 0.494963825 -0.364783049 0.342890441 0.059639554 0.412870973 0.120799288 0.900770962
1662135920797390080.000000 0.495205998 -0.364788324 0.343656063 0.062654369 0.417145252 0.120151244 0.898681283
1662135920851390976.000000 0.497807711 -0.364398956 0.345409393 0.064964242 0.419717550 0.118940309 0.897479832
1662135920896392192.000000 0.500435472 -0.364042401 0.346633404 0.062824003 0.419747293 0.123987034 0.896935165
1662135920941392896.000000 0.501332343 -0.364295781 0.347517192 0.068177156 0.423783153 0.119929269 0.895196438
1662135920983393792.000000 0.502204478 -0.364366144 0.347728342 0.071160547 0.425122142 0.116957046 0.894722521
1662135921025394688.000000 0.504586399 -0.364053190 0.349931449 0.074187718 0.430675745 0.117377698 0.891760707
1662135921070395648.000000 0.505736351 -0.363905013 0.350757360 0.079146117 0.434252322 0.114935324 0.889916182
1662135921115396864.000000 0.507602692 -0.363992870 0.351772070 0.076350279 0.435449839 0.118326947 0.889130414
1662135921154397440.000000 0.509582758 -0.363993824 0.352961063 0.079899877 0.436714888 0.113370389 0.888843775
1662135921196398592.000000 0.510938942 -0.363994658 0.354245991 0.085231125 0.443025440 0.113866895 0.885154545
1662135921250399488.000000 0.512392938 -0.363916308 0.355399191 0.088245161 0.446404904 0.111783490 0.883425117
1662135921292400640.000000 0.514516652 -0.363662541 0.356542528 0.094010778 0.450216562 0.110789903 0.881018043
1662135921358402048.000000 0.517530262 -0.363865733 0.357843965 0.097298719 0.453516752 0.111653917 0.878856599
1662135921406402816.000000 0.519392550 -0.363685936 0.358355433 0.102540672 0.452960998 0.108860344 0.878897727
1662135921448403712.000000 0.521573782 -0.364130288 0.359620929 0.099808939 0.457882702 0.114675112 0.875917435
1662135921496404992.000000 0.523170471 -0.364245892 0.360283375 0.102670290 0.460663438 0.115245454 0.874051869
1662135921544406016.000000 0.525368631 -0.364325345 0.361280233 0.103381254 0.462832749 0.114257112 0.872951031
1662135921595407104.000000 0.527779400 -0.364597052 0.362198740 0.109382756 0.465459913 0.112987615 0.870985806
1662135921640407808.000000 0.529416502 -0.364456117 0.363011152 0.113258831 0.468855858 0.111575186 0.868848503
1662135921685408768.000000 0.531476974 -0.364913315 0.363691270 0.114851564 0.470945746 0.110988870 0.867583275
1662135921724409856.000000 0.532799184 -0.365001172 0.364001483 0.117691629 0.471055329 0.111263581 0.867107868
1662135921775410944.000000 0.534191847 -0.365169168 0.364496410 0.115766920 0.472469866 0.115236118 0.866077900
1662135921823411712.000000 0.536296546 -0.365360618 0.365161538 0.120883495 0.474275440 0.113785982 0.864582479
1662135921865412608.000000 0.537244081 -0.365324944 0.365689814 0.123133756 0.477309227 0.110797316 0.862982094
1662135921907413760.000000 0.540000796 -0.365620792 0.366703391 0.124197774 0.479232609 0.110936418 0.861744821
1662135921952414464.000000 0.541145027 -0.365729958 0.367092788 0.127407461 0.482181787 0.111402154 0.859568298
1662135921997415424.000000 0.542959332 -0.365757734 0.367648333 0.123856768 0.481161833 0.113941789 0.860325575
1662135922039416320.000000 0.544523120 -0.365766674 0.368127763 0.130058452 0.483236820 0.109466136 0.858827233
1662135922081417216.000000 0.545881033 -0.365868688 0.368425190 0.126837775 0.481884032 0.112588540 0.859664917
1662135922123418368.000000 0.546925306 -0.365839303 0.368844032 0.132805645 0.484238714 0.106890686 0.858166695
1662135922165419008.000000 0.548652828 -0.366045862 0.369248658 0.134727553 0.485394895 0.107440166 0.857144594
1662135922207420160.000000 0.550131321 -0.366018176 0.369712085 0.137146577 0.486932367 0.105386160 0.856143355
1662135922249420800.000000 0.550841868 -0.366112828 0.369751394 0.140713781 0.486357659 0.105884939 0.855829597
1662135922300421888.000000 0.551258862 -0.366066396 0.369994342 0.136904463 0.485035032 0.105231375 0.857277393
1662135922345423104.000000 0.551428974 -0.366128087 0.370119661 0.140595615 0.490209997 0.100391321 0.854311824
1662135922390424064.000000 0.551716208 -0.366309196 0.370319933 0.140296280 0.492886156 0.106584765 0.852068067
1662135922435424768.000000 0.551530898 -0.366333485 0.370309860 0.142699435 0.495813787 0.102845848 0.850428402
1662135922480425728.000000 0.551239967 -0.366365552 0.370292932 0.144010857 0.499091536 0.100526020 0.848565280
1662135922522426880.000000 0.551186621 -0.366263181 0.370367259 0.146290928 0.503169119 0.092164420 0.846714616
1662135922567427584.000000 0.551697612 -0.366274804 0.370493680 0.150814533 0.501992464 0.093771577 0.846442819
1662135922609428736.000000 0.552094162 -0.366344631 0.370650351 0.153475747 0.504896402 0.097947702 0.843760133
1662135922654429440.000000 0.552444816 -0.366423458 0.370742083 0.156433627 0.503547549 0.099006474 0.843899429
1662135922705430784.000000 0.552669406 -0.366440713 0.370853782 0.158966243 0.505829751 0.098571397 0.842110336
1662135922750431488.000000 0.552727699 -0.366622686 0.370985150 0.158433408 0.509057164 0.098893240 0.840226054
1662135922792432640.000000 0.552862167 -0.366600633 0.370989382 0.159562305 0.508718789 0.094950534 0.840672076
1662135922840433664.000000 0.553078771 -0.366373062 0.371077746 0.164383739 0.509583473 0.086363532 0.840145230
1662135922897434624.000000 0.553227425 -0.366377234 0.371136636 0.167275205 0.509906232 0.084288880 0.839589238
1662135922942435840.000000 0.553556442 -0.366384864 0.371236384 0.166004851 0.510265708 0.084766507 0.839574933
1662135922987436544.000000 0.553574681 -0.366383791 0.371244878 0.168815047 0.511502326 0.080833904 0.838649392
1662135923029437440.000000 0.553790927 -0.366291970 0.371289104 0.171791509 0.510224938 0.075896733 0.839284182
1662135923071438592.000000 0.553928733 -0.366215110 0.371313363 0.175659984 0.509678960 0.069808811 0.839343607
1662135923113439232.000000 0.554183602 -0.366090178 0.371365398 0.178920224 0.509085536 0.067971557 0.839165866
1662135923155440384.000000 0.554397225 -0.366140008 0.371421725 0.179247200 0.507319510 0.064166397 0.840464234
1662135923203441152.000000 0.554577291 -0.366133839 0.371477991 0.180841938 0.507700801 0.064440802 0.839871109
1662135923245442048.000000 0.554716051 -0.366193861 0.371505171 0.178466871 0.507270992 0.065809339 0.840532541
1662135923284442880.000000 0.554883659 -0.366263449 0.371566057 0.180731729 0.507657349 0.062529527 0.840065539
1662135923326444032.000000 0.554969072 -0.366275609 0.371586055 0.180566788 0.507591069 0.061219342 0.840237558
1662135923365444608.000000 0.555136800 -0.366234303 0.371634305 0.183121249 0.507191122 0.057091516 0.840216935
1662135923407445760.000000 0.555271804 -0.366254538 0.371652991 0.182885423 0.505579829 0.056486484 0.841279626
1662135923449446400.000000 0.555429876 -0.366253316 0.371705264 0.184551373 0.505457759 0.053203937 0.841203094
1662135923491447552.000000 0.555497646 -0.366278321 0.371711850 0.186489910 0.504788518 0.052811503 0.841202199
1662135923533448192.000000 0.555501819 -0.366272360 0.371725857 0.186980546 0.505218148 0.050210752 0.840994537
1662135923578449152.000000 0.555731773 -0.366274357 0.371772647 0.189190879 0.502291858 0.047475636 0.842410743
1662135923620450304.000000 0.555937707 -0.366281837 0.371833563 0.189859062 0.502245247 0.044050433 0.842474282
1662135923674451456.000000 0.556088507 -0.366327524 0.371849298 0.190327495 0.500932395 0.041589212 0.843274951
1662135923716452096.000000 0.556273937 -0.366345435 0.371919453 0.190926909 0.499106675 0.039021328 0.844344020
1662135923758453248.000000 0.556303024 -0.366345584 0.371945620 0.190283969 0.499541998 0.037187438 0.844314516
1662135923800453888.000000 0.556362808 -0.366364717 0.371977359 0.190586343 0.499049604 0.033277556 0.844700515
1662135923848454912.000000 0.556367278 -0.366355389 0.371982008 0.189722523 0.497800201 0.031073285 0.845715523
1662135923890456064.000000 0.556426048 -0.366375804 0.372033358 0.191008717 0.496686727 0.027805559 0.846194327
1662135923932456704.000000 0.556439996 -0.366381109 0.372041315 0.190941170 0.496051550 0.025100322 0.846666634
1662135923983457792.000000 0.556473076 -0.366415560 0.372050077 0.188758001 0.495467305 0.020716419 0.847616315
1662135924025458688.000000 0.556475401 -0.366419375 0.372055531 0.188771486 0.494308650 0.020151593 0.848303199
1662135924079459840.000000 0.556545377 -0.366437167 0.372081697 0.188578308 0.492513329 0.014395925 0.849506736
1662135924121460992.000000 0.556550503 -0.366436899 0.372082442 0.188894644 0.490890175 0.010884091 0.850427687
1662135924163461632.000000 0.556618690 -0.366451025 0.372117430 0.188985854 0.490162820 0.007798931 0.850860715
1662135924208462592.000000 0.556620896 -0.366441935 0.372133911 0.189144939 0.488585532 0.004472669 0.851756036
1662135924268464128.000000 0.556682229 -0.366492003 0.372151643 0.187424317 0.486593366 0.004327575 0.853276193
1662135924310464768.000000 0.556707740 -0.366486281 0.372166783 0.188426450 0.485315949 0.003105730 0.853788197
1662135924355465984.000000 0.556749821 -0.366520792 0.372186244 0.185567692 0.482804745 0.003337489 0.855834723
1662135924394466560.000000 0.556763589 -0.366527200 0.372194797 0.184953511 0.481274068 -0.000742413 0.856835425
1662135924436467712.000000 0.556788743 -0.366529584 0.372186005 0.185397893 0.477836818 -0.000172441 0.858661532
1662135924481468416.000000 0.556815565 -0.366541058 0.372196168 0.185256153 0.474189788 -0.003351390 0.860705018
1662135924532469504.000000 0.556869209 -0.366571665 0.372225910 0.183082223 0.472328573 -0.004760814 0.862185657
1662135924577470464.000000 0.556882203 -0.366573334 0.372231245 0.184936911 0.469380319 -0.009095568 0.863364160
1662135924616471296.000000 0.556923032 -0.366589844 0.372245491 0.183325604 0.467093825 -0.009222506 0.864945114
1662135924667472640.000000 0.556948304 -0.366596013 0.372253776 0.182000265 0.463328272 -0.010909664 0.867227733
1662135924709473280.000000 0.556982577 -0.366621703 0.372259676 0.180394247 0.460043222 -0.010754008 0.869311512
1662135924751474432.000000 0.557003558 -0.366628498 0.372265011 0.180226937 0.456281602 -0.011765625 0.871313334
1662135924793475072.000000 0.557027519 -0.366646171 0.372271121 0.179849312 0.454092681 -0.013708808 0.872505724
1662135924835476224.000000 0.557061136 -0.366656721 0.372283697 0.178256571 0.450253189 -0.015688874 0.874786019
1662135924883477248.000000 0.557089746 -0.366667062 0.372290403 0.178417042 0.446402341 -0.018148949 0.876677275
1662135924925477888.000000 0.557109833 -0.366672277 0.372295827 0.178227276 0.443149239 -0.020717572 0.878307879
1662135924973478912.000000 0.557139874 -0.366689503 0.372302741 0.175959975 0.438191324 -0.022630649 0.881200552
1662135925015479808.000000 0.557158411 -0.366694301 0.372305512 0.176757514 0.433245510 -0.025696740 0.883399665
1662135925057480704.000000 0.557180285 -0.366707742 0.372319341 0.175605133 0.430932701 -0.027235039 0.884713590
1662135925099481856.000000 0.557211280 -0.366720051 0.372320384 0.174968258 0.426357001 -0.029448327 0.886982918
1662135925147482624.000000 0.557227492 -0.366721630 0.372327685 0.175780833 0.422892541 -0.032754336 0.888363838
1662135925186483712.000000 0.557247043 -0.366728753 0.372329324 0.174337447 0.418139666 -0.034704145 0.890820622
1662135925228484352.000000 0.557256699 -0.366739661 0.372334838 0.173807651 0.416575193 -0.033658713 0.891696751
1662135925273485312.000000 0.557296336 -0.366752505 0.372348547 0.171508595 0.407542437 -0.037371751 0.896156967
1662135925315486208.000000 0.557309389 -0.366754740 0.372347414 0.173551947 0.402769357 -0.039581213 0.897825181
1662135925360487168.000000 0.557344079 -0.366774529 0.372367293 0.170969114 0.398815215 -0.041609500 0.899991453
1662135925408488192.000000 0.557354450 -0.366787344 0.372367382 0.168888032 0.393939257 -0.044322643 0.902399123
1662135925453489408.000000 0.557371199 -0.366791099 0.372373939 0.168589696 0.388448983 -0.046318121 0.904731810
1662135925495490048.000000 0.557396948 -0.366800755 0.372385770 0.168972373 0.383704662 -0.049795814 0.906498432
1662135925540491008.000000 0.557403922 -0.366803765 0.372384042 0.169330642 0.378076702 -0.054268334 0.908537328
1662135925582492160.000000 0.557415128 -0.366811156 0.372391522 0.168374270 0.373027176 -0.055215687 0.910742581
1662135925624492800.000000 0.557440281 -0.366831630 0.372400105 0.167323336 0.367669702 -0.057142369 0.912993252
1662135925663493632.000000 0.557457566 -0.366833299 0.372402608 0.167646989 0.363097161 -0.061691247 0.914466619
1662135925708494592.000000 0.557469666 -0.366841137 0.372407436 0.168581843 0.356050938 -0.063789204 0.916918159
1662135925750495744.000000 0.557485998 -0.366849005 0.372410893 0.168114156 0.350150973 -0.069642656 0.918848097
1662135925798496768.000000 0.557489872 -0.366857618 0.372410774 0.168464169 0.345437407 -0.072096400 0.920377612
1662135925846497536.000000 0.557507634 -0.366870970 0.372421086 0.166941151 0.338622898 -0.076596163 0.922820807
1662135925888498432.000000 0.557512879 -0.366869569 0.372421265 0.168526828 0.332633406 -0.083486021 0.924112439
1662135925930499328.000000 0.557530463 -0.366877377 0.372422427 0.166586578 0.325195700 -0.084658295 0.927000344
1662135925987500544.000000 0.557536364 -0.366876841 0.372422576 0.168118224 0.317545652 -0.091509193 0.928723395
1662135926035501824.000000 0.557540834 -0.366884530 0.372428715 0.169236243 0.312998325 -0.098703243 0.929327071
1662135926077502464.000000 0.557550609 -0.366889030 0.372441411 0.170117870 0.309769362 -0.103146173 0.929765463
1662135926122503424.000000 0.557558358 -0.366896212 0.372438908 0.169460118 0.300970495 -0.107839771 0.932239592
1662135926164504576.000000 0.557557762 -0.366897285 0.372438848 0.167982817 0.297810256 -0.110983938 0.933152378
1662135926209505280.000000 0.557557285 -0.366899848 0.372445107 0.171316430 0.292398393 -0.120809197 0.933037519
1662135926263506688.000000 0.557573855 -0.366909921 0.372457087 0.171090364 0.282143563 -0.127593815 0.935330451
1662135926311507456.000000 0.557578027 -0.366912395 0.372462124 0.172199830 0.278946787 -0.128364533 0.935979962
1662135926353508352.000000 0.557579935 -0.366912216 0.372465312 0.175633013 0.272195071 -0.138573602 0.935874104
1662135926401509632.000000 0.557581425 -0.366917461 0.372468948 0.175476491 0.266333342 -0.143926039 0.936781645
1662135926449510656.000000 0.557589591 -0.366923898 0.372474968 0.175253332 0.259812385 -0.148076102 0.938007057
1662135926488511232.000000 0.557591319 -0.366925359 0.372473687 0.177238673 0.251248479 -0.152404919 0.939272821
1662135926530512384.000000 0.557591438 -0.366925716 0.372475088 0.176818833 0.246803090 -0.159142792 0.939413130
1662135926578513152.000000 0.557589650 -0.366929173 0.372478008 0.178678319 0.240501091 -0.170973942 0.938616693
1662135926620514048.000000 0.557594478 -0.366931826 0.372478038 0.181121305 0.228605792 -0.179566056 0.939516127
1662135926665515264.000000 0.557593763 -0.366932422 0.372479498 0.182382658 0.221928865 -0.187098354 0.939403176
1662135926707515904.000000 0.557593465 -0.366933405 0.372481167 0.183810249 0.214893743 -0.195828497 0.938981235
1662135926749517056.000000 0.557595074 -0.366935283 0.372482002 0.183715478 0.206649989 -0.204247013 0.939056754
1662135926791517696.000000 0.557595432 -0.366937608 0.372483224 0.181926578 0.200477108 -0.210667863 0.939324677
1662135926833518848.000000 0.557597041 -0.366936803 0.372483432 0.185850784 0.193091005 -0.217297748 0.938593149
1662135926875519488.000000 0.557597280 -0.366937071 0.372484386 0.189218059 0.185115531 -0.226335108 0.937390625
1662135926914520576.000000 0.557597339 -0.366936952 0.372484237 0.191802680 0.181616932 -0.230676100 0.936491132
1662135926959521280.000000 0.557597339 -0.366936982 0.372484446 0.192477793 0.175167814 -0.234607473 0.936604440
1662135927001522176.000000 0.557597399 -0.366937101 0.372484326 0.191924170 0.168878183 -0.238293961 0.936942518
1662135927055523328.000000 0.557597220 -0.366937101 0.372484386 0.192048728 0.161992028 -0.241783768 0.937238753
1662135927097524480.000000 0.557597160 -0.366937250 0.372484505 0.191700384 0.156542093 -0.243452400 0.937804043
1662135927148525568.000000 0.557596982 -0.366937220 0.372484833 0.192067489 0.151463076 -0.246479362 0.937772334
1662135927199526656.000000 0.557596803 -0.366937280 0.372485042 0.191410869 0.145673096 -0.247589126 0.938531280
1662135927238527232.000000 0.557597220 -0.366937399 0.372484863 0.190503135 0.139426857 -0.249449074 0.939171910
1662135927280528384.000000 0.557597280 -0.366937488 0.372484922 0.189122677 0.134208143 -0.251907349 0.939554989
1662135927322529024.000000 0.557597280 -0.366937518 0.372484922 0.188237846 0.127978891 -0.254255950 0.939969122
1662135927367529984.000000 0.557597578 -0.366937488 0.372484595 0.189740434 0.120674029 -0.255271941 0.940357685
1662135927406530816.000000 0.557597876 -0.366937250 0.372483492 0.188635916 0.120015383 -0.253834099 0.941053152
1662135927445531904.000000 0.557597697 -0.366937280 0.372483611 0.188632295 0.117638670 -0.254010260 0.941306472
1662135927487532544.000000 0.557597637 -0.366937220 0.372483611 0.188282356 0.116449423 -0.254115731 0.941495895
1662135927538533632.000000 0.557597339 -0.366937310 0.372483730 0.188071266 0.116553649 -0.253446549 0.941705525
1662135927580534784.000000 0.557597101 -0.366937310 0.372483730 0.188407585 0.116692051 -0.254514873 0.941332996
1662135927622535424.000000 0.557596922 -0.366937220 0.372483581 0.188673764 0.115900241 -0.254355818 0.941420496
1662135927664536576.000000 0.557596743 -0.366937041 0.372483879 0.188993558 0.115343876 -0.254862696 0.941287518
1662135927709537280.000000 0.557596445 -0.366936922 0.372483969 0.188920945 0.116844378 -0.254923552 0.941100538
1662135927760538624.000000 0.557596207 -0.366936892 0.372483969 0.188931704 0.116337448 -0.255507022 0.941002965
1662135927802539264.000000 0.557596087 -0.366936833 0.372484028 0.188930780 0.116335109 -0.255510122 0.941002667
1662135927850540288.000000 0.557595789 -0.366936892 0.372484118 0.188851193 0.116466984 -0.255904526 0.940895140
1662135927892541184.000000 0.557595611 -0.366936922 0.372484088 0.188849688 0.116463996 -0.255909652 0.940894425
1662135927937542144.000000 0.557595372 -0.366936862 0.372484148 0.188342318 0.116392352 -0.256805450 0.940760851
1662135927988543232.000000 0.557595074 -0.366936743 0.372484267 0.188340545 0.116389081 -0.256811768 0.940759897
1662135928030544384.000000 0.557594895 -0.366936862 0.372484386 0.188922182 0.116082393 -0.256554633 0.940751314
1662135928075545088.000000 0.557594776 -0.366936803 0.372484386 0.188920036 0.116078719 -0.256562620 0.940750003
1662135928120546048.000000 0.557594538 -0.366936862 0.372484505 0.188269645 0.116119303 -0.256443381 0.940907896
1662135928162547200.000000 0.557594538 -0.366936862 0.372484595 0.188267201 0.116115227 -0.256452352 0.940906465
1662135928207547904.000000 0.557594180 -0.366936862 0.372484684 0.188383281 0.116611190 -0.256593019 0.940783501
1662135928255548928.000000 0.557594001 -0.366936862 0.372484803 0.188380584 0.116606645 -0.256603062 0.940781891
1662135928303549952.000000 0.557593822 -0.366936892 0.372484893 0.188186064 0.116573006 -0.256745785 0.940786004
1662135928345551104.000000 0.557593763 -0.366937071 0.372484952 0.188183248 0.116568141 -0.256756812 0.940784216
1662135928393552128.000000 0.557593703 -0.366937041 0.372484982 0.188635647 0.115896836 -0.257094324 0.940684378
1662135928435552768.000000 0.557593703 -0.366937101 0.372485042 0.188632965 0.115891114 -0.257106096 0.940682411
1662135928477553920.000000 0.557593465 -0.366937011 0.372485191 0.187787086 0.116255887 -0.257767409 0.940625608
1662135928519554560.000000 0.557593286 -0.366937160 0.372485280 0.187784269 0.116249606 -0.257780194 0.940623462
1662135928561555712.000000 0.557593226 -0.366937339 0.372485310 0.187999070 0.115516558 -0.257371187 0.940782905
1662135928603556352.000000 0.557593167 -0.366937369 0.372485280 0.187996835 0.115509763 -0.257384509 0.940780520
1662135928645557504.000000 0.557593107 -0.366937459 0.372485578 0.188464224 0.115311794 -0.257432163 0.940698266
1662135928687558144.000000 0.557592988 -0.366937548 0.372485578 0.188462660 0.115304500 -0.257445276 0.940695822
1662135928729559296.000000 0.557592869 -0.366937518 0.372485757 0.187968269 0.114670843 -0.257607937 0.940827668
1662135928774560256.000000 0.557592928 -0.366937578 0.372485816 0.187967122 0.114662878 -0.257621229 0.940825224
1662135928822561024.000000 0.557592809 -0.366937697 0.372485936 0.188497290 0.114437416 -0.257741064 0.940713763
1662135928864561920.000000 0.557592750 -0.366937876 0.372485995 0.188496530 0.114428923 -0.257754445 0.940711319
1662135928912563200.000000 0.557592750 -0.366937876 0.372486115 0.188740224 0.114333764 -0.257520080 0.940738201
1662135928954563840.000000 0.557592630 -0.366937906 0.372486174 0.188740000 0.114324741 -0.257533133 0.940735757
1662135929002564864.000000 0.557592571 -0.366938144 0.372486323 0.188922793 0.114073783 -0.257538646 0.940728068
1662135929041565952.000000 0.557592571 -0.366938263 0.372486442 0.188922882 0.114064299 -0.257551402 0.940725684
1662135929083566592.000000 0.557592630 -0.366938412 0.372486591 0.188923299 0.114054710 -0.257563889 0.940723360
1662135929125567744.000000 0.557592511 -0.366938293 0.372486591 0.189496234 0.114814192 -0.257014900 0.940665841
1662135929167568384.000000 0.557592630 -0.366938382 0.372486681 0.189497188 0.114804476 -0.257026464 0.940663695
1662135929212569600.000000 0.557592571 -0.366938591 0.372486621 0.189498529 0.114794835 -0.257037848 0.940661490
1662135929257570560.000000 0.557592511 -0.366938591 0.372486949 0.189254329 0.115016863 -0.256974310 0.940700889
1662135929299571200.000000 0.557592511 -0.366938740 0.372487068 0.189256325 0.115007423 -0.256984025 0.940698981
1662135929341572352.000000 0.557592452 -0.366938859 0.372487128 0.189258635 0.114998095 -0.256993085 0.940697193
1662135929386573056.000000 0.557592571 -0.366939008 0.372487247 0.189764336 0.115409657 -0.256513983 0.940675676
1662135929428574208.000000 0.557592511 -0.366939276 0.372487336 0.189767733 0.115400739 -0.256521344 0.940674126
1662135929467574784.000000 0.557592630 -0.366939127 0.372487336 0.189771518 0.115392067 -0.256527722 0.940672636
1662135929512575744.000000 0.557592571 -0.366939396 0.372487456 0.189816535 0.115157142 -0.256910652 0.940587878
1662135929566576896.000000 0.557592571 -0.366939455 0.372487575 0.189821422 0.115148984 -0.256915420 0.940586567
1662135929608578048.000000 0.557592690 -0.366939664 0.372487694 0.189826652 0.115141243 -0.256919533 0.940585375
1662135929659579136.000000 0.557592750 -0.366939753 0.372487932 0.189909846 0.115254320 -0.256466597 0.940678298
1662135929707580160.000000 0.557592750 -0.366939902 0.372487932 0.189915419 0.115247227 -0.256469369 0.940677285
1662135929749580800.000000 0.557592750 -0.366940141 0.372488081 0.189921156 0.115240678 -0.256471694 0.940676332
1662135929800581888.000000 0.557592869 -0.366940111 0.372488111 0.189576253 0.115599379 -0.256537646 0.940683842
1662135929842583040.000000 0.557592988 -0.366940141 0.372488320 0.189582080 0.115593687 -0.256538928 0.940683007
1662135929884583680.000000 0.557592869 -0.366940409 0.372488171 0.189588025 0.115588725 -0.256539613 0.940682232
1662135929926584832.000000 0.557592869 -0.366940320 0.372488379 0.189910531 0.115909159 -0.255968094 0.940733433
1662135929968585472.000000 0.557592928 -0.366940528 0.372488499 0.189916685 0.115905084 -0.255967945 0.940732718
1662135930010586624.000000 0.557592988 -0.366940498 0.372488678 0.189923018 0.115901299 -0.255967528 0.940732062
1662135930061587456.000000 0.557593107 -0.366940796 0.372488618 0.189596891 0.115521699 -0.255697638 0.940917909
1662135930103588352.000000 0.557593226 -0.366940886 0.372488678 0.189603552 0.115518995 -0.255695999 0.940917373
1662135930154589696.000000 0.557593286 -0.366941035 0.372488886 0.189610288 0.115516543 -0.255694091 0.940916836
1662135930199590400.000000 0.557593286 -0.366941094 0.372488856 0.189527810 0.115445301 -0.255608439 0.940965414
1662135930241591552.000000 0.557593346 -0.366941154 0.372488856 0.189534768 0.115443103 -0.255605876 0.940964997
1662135930283592192.000000 0.557593286 -0.366941303 0.372488976 0.189541787 0.115441024 -0.255603105 0.940964580
1662135930328593152.000000 0.557593465 -0.366941452 0.372489184 0.189606234 0.115549602 -0.255754411 0.940897167
1662135930367593984.000000 0.557593465 -0.366941392 0.372489154 0.189612687 0.115547828 -0.255750984 0.940896988
1662135930415595008.000000 0.557593584 -0.366941690 0.372489244 0.189618558 0.115547679 -0.255746752 0.940896988
1662135930460595968.000000 0.557593703 -0.366941810 0.372489363 0.189467952 0.115879931 -0.255502611 0.940952837
1662135930511597056.000000 0.557593763 -0.366941929 0.372489393 0.189473480 0.115880616 -0.255497158 0.940953135
1662135930553598208.000000 0.557593822 -0.366942018 0.372489482 0.189478770 0.115881622 -0.255491257 0.940953553
1662135930598598912.000000 0.557593822 -0.366942167 0.372489721 0.189515948 0.116037063 -0.255323738 0.940972328
1662135930640600064.000000 0.557593942 -0.366942227 0.372489691 0.189521059 0.116038658 -0.255317181 0.940972865
1662135930685600768.000000 0.557594061 -0.366942436 0.372489810 0.189525768 0.116040684 -0.255310148 0.940973580
1662135930730601728.000000 0.557594061 -0.366942436 0.372489959 0.189556152 0.115790896 -0.255452663 0.940959573
1662135930778602752.000000 0.557594180 -0.366942436 0.372490019 0.189560667 0.115793206 -0.255444974 0.940960467
1662135930820603904.000000 0.557594299 -0.366942704 0.372489989 0.189565256 0.115795955 -0.255436987 0.940961421
1662135930865604608.000000 0.557594299 -0.366942763 0.372489929 0.189398184 0.115848914 -0.255365938 0.941007733
1662135930907605760.000000 0.557594419 -0.366942883 0.372489929 0.189402327 0.115852244 -0.255357683 0.941008806
1662135930952606720.000000 0.557594657 -0.366943121 0.372490048 0.189406455 0.115855902 -0.255349189 0.941009820
1662135930997607424.000000 0.557594597 -0.366943061 0.372490227 0.189449698 0.115923062 -0.255178720 0.941039026
1662135931039608576.000000 0.557594657 -0.366943121 0.372490287 0.189453036 0.115927212 -0.255169719 0.941040277
1662135931081609216.000000 0.557594717 -0.366943270 0.372490287 0.189456105 0.115931451 -0.255160481 0.941041708
1662135931135610624.000000 0.557594895 -0.366943330 0.372490615 0.189177662 0.116098657 -0.255238533 0.941055894
1662135931180611328.000000 0.557594895 -0.366943330 0.372490644 0.189180151 0.116103530 -0.255228966 0.941057384
1662135931222612480.000000 0.557595015 -0.366943479 0.372490793 0.189182490 0.116108783 -0.255219340 0.941058934
1662135931270613504.000000 0.557595134 -0.366943628 0.372490942 0.189211160 0.115949705 -0.255155981 0.941089928
1662135931321614592.000000 0.557595253 -0.366943747 0.372491062 0.189212963 0.115955152 -0.255146235 0.941091597
1662135931372615680.000000 0.557595253 -0.366943628 0.372491241 0.189214572 0.115960866 -0.255136520 0.941093147
1662135931420616704.000000 0.557595253 -0.366943806 0.372491419 0.189251304 0.115991890 -0.255158365 0.941075981
1662135931465617408.000000 0.557595372 -0.366943836 0.372491598 0.189252764 0.115998194 -0.255148381 0.941077650
1662135931507618304.000000 0.557595551 -0.366943896 0.372491658 0.189254165 0.116004542 -0.255138218 0.941079319
1662135931549619200.000000 0.557595670 -0.366943955 0.372491628 0.189228415 0.116053581 -0.255089521 0.941091657
1662135931591620096.000000 0.557595730 -0.366943955 0.372491658 0.189229757 0.116060205 -0.255079299 0.941093326
1662135931639621376.000000 0.557595730 -0.366944045 0.372491837 0.189267367 0.115983352 -0.255012959 0.941113234
1662135931684622336.000000 0.557595849 -0.366943955 0.372491986 0.189268515 0.115990408 -0.255002797 0.941114902
1662135931726622976.000000 0.557595968 -0.366944194 0.372491956 0.189249933 0.116012581 -0.254976481 0.941123068
1662135931774624000.000000 0.557596028 -0.366944253 0.372491986 0.189251065 0.116019852 -0.254966348 0.941124678
1662135931819625216.000000 0.557596147 -0.366944134 0.372492135 0.189247757 0.116076484 -0.254969001 0.941117585
1662135931870626304.000000 0.557596207 -0.366944164 0.372492105 0.189269632 0.116059743 -0.254994124 0.941108525
1662135931912626944.000000 0.557596326 -0.366944194 0.372492164 0.189269304 0.116232723 -0.254979551 0.941091120
1662135931960627968.000000 0.557596445 -0.366944224 0.372492194 0.189270288 0.116240568 -0.254969567 0.941092670
1662135932002629120.000000 0.557596505 -0.366944313 0.372492254 0.189249456 0.116110779 -0.254962504 0.941114843
1662135932065630208.000000 0.557596684 -0.366944373 0.372492254 0.189210847 0.116057917 -0.254894972 0.941147387
1662135932107631104.000000 0.557596803 -0.366944402 0.372492313 0.189211667 0.116065942 -0.254885018 0.941148996
1662135932149632256.000000 0.557596803 -0.366944313 0.372492313 0.189212739 0.116077453 -0.254932135 0.941134512
1662135932209633280.000000 0.557596922 -0.366944343 0.372492313 0.189213514 0.116085529 -0.254922181 0.941136062
1662135932254634496.000000 0.557597041 -0.366944373 0.372492403 0.189215884 0.116076633 -0.254851252 0.941155910
1662135932299635456.000000 0.557597160 -0.366944402 0.372492403 0.189280972 0.116097629 -0.254849046 0.941140831
1662135932350636544.000000 0.557597220 -0.366944432 0.372492492 0.189227566 0.116130330 -0.254863948 0.941143453
1662135932392637184.000000 0.557597280 -0.366944432 0.372492492 0.189228296 0.116138682 -0.254854202 0.941144943
1662135932434638336.000000 0.557597518 -0.366944522 0.372492433 0.189273596 0.116175875 -0.254896045 0.941119969
1662135932482639360.000000 0.557597458 -0.366944462 0.372492403 0.189255863 0.116234832 -0.254861623 0.941125572
1662135932524640000.000000 0.557597637 -0.366944522 0.372492313 0.189256668 0.116243348 -0.254851937 0.941127002
1662135932566641152.000000 0.557597756 -0.366944402 0.372492313 0.189225167 0.116231903 -0.254840702 0.941137731
1662135932608641792.000000 0.557597876 -0.366944551 0.372492492 0.189226002 0.116240554 -0.254831046 0.941139162
1662135932650642944.000000 0.557597935 -0.366944522 0.372492433 0.189226806 0.116249256 -0.254821390 0.941140473
1662135932695643648.000000 0.557597995 -0.366944522 0.372492433 0.189276889 0.116246291 -0.254829079 0.941128731
1662135932743644672.000000 0.557598114 -0.366944611 0.372492433 0.189277709 0.116255134 -0.254819512 0.941130042
1662135932785645824.000000 0.557598174 -0.366944522 0.372492522 0.189214185 0.116244242 -0.254805177 0.941148043
1662135932830646528.000000 0.557598233 -0.366944492 0.372492433 0.189215034 0.116253182 -0.254795611 0.941149354
1662135932875647488.000000 0.557598293 -0.366944492 0.372492403 0.189215854 0.116262250 -0.254786044 0.941150665
1662135932917648640.000000 0.557598412 -0.366944492 0.372492373 0.189167008 0.116182595 -0.254853010 0.941152215
1662135932959649280.000000 0.557598531 -0.366944492 0.372492373 0.189167798 0.116191775 -0.254843533 0.941153467
1662135933004650240.000000 0.557598591 -0.366944402 0.372492403 0.189248070 0.116323262 -0.254828900 0.941125035
1662135933049651456.000000 0.557598650 -0.366944462 0.372492343 0.189248845 0.116332576 -0.254819512 0.941126227
1662135933091652096.000000 0.557598770 -0.366944462 0.372492373 0.189223006 0.116349794 -0.254755944 0.941146553
1662135933133653248.000000 0.557598889 -0.366944492 0.372492433 0.189223826 0.116359204 -0.254746526 0.941147804
1662135933178653952.000000 0.557598889 -0.366944432 0.372492373 0.189224020 0.116392329 -0.254791141 0.941131532
1662135933223654912.000000 0.557599068 -0.366944551 0.372492343 0.189224884 0.116401851 -0.254781663 0.941132784
1662135933268656128.000000 0.557599127 -0.366944462 0.372492403 0.189265266 0.116363786 -0.254787266 0.941127837
1662135933310656768.000000 0.557599068 -0.366944432 0.372492373 0.189266145 0.116373405 -0.254777789 0.941129029
1662135933358657792.000000 0.557599127 -0.366944522 0.372492313 0.189302027 0.116381399 -0.254716873 0.941137314
1662135933403658752.000000 0.557599127 -0.366944611 0.372492373 0.189302951 0.116391152 -0.254707485 0.941138506
1662135933454659840.000000 0.557599366 -0.366944522 0.372492343 0.189304352 0.116405092 -0.254699081 0.941138744
1662135933499661056.000000 0.557599425 -0.366944492 0.372492313 0.189305276 0.116414972 -0.254689574 0.941139877
1662135933541661696.000000 0.557599545 -0.366944581 0.372492433 0.189232677 0.116419323 -0.254646182 0.941165686
1662135933589662720.000000 0.557599545 -0.366944581 0.372492403 0.189233512 0.116429292 -0.254636735 0.941166878
1662135933631663872.000000 0.557599604 -0.366944581 0.372492403 0.189251348 0.116489291 -0.254600227 0.941165686
1662135933679664896.000000 0.557599723 -0.366944641 0.372492373 0.189252138 0.116499335 -0.254590750 0.941166878
1662135933718665472.000000 0.557599783 -0.366944760 0.372492373 0.189247638 0.116406649 -0.254615277 0.941172659
1662135933757666304.000000 0.557599902 -0.366944790 0.372492403 0.189248338 0.116416775 -0.254605770 0.941173851
1662135933802667264.000000 0.557599843 -0.366944730 0.372492462 0.189168558 0.116495214 -0.254663497 0.941164494
1662135933853668352.000000 0.557599962 -0.366944849 0.372492403 0.189169273 0.116505504 -0.254653960 0.941165686
1662135933898669568.000000 0.557600141 -0.366944820 0.372492492 0.189158142 0.116603829 -0.254604638 0.941169083
1662135933940670208.000000 0.557600141 -0.366944820 0.372492492 0.189158827 0.116614304 -0.254595190 0.941170216
1662135933979671296.000000 0.557600200 -0.366944879 0.372492492 0.189214036 0.116545737 -0.254686236 0.941142976
1662135934024672000.000000 0.557600200 -0.366944909 0.372492552 0.189214677 0.116556399 -0.254676938 0.941144049
1662135934066673152.000000 0.557600379 -0.366944999 0.372492552 0.189237148 0.116550066 -0.254552841 0.941173911
1662135934111674112.000000 0.557600379 -0.366945028 0.372492582 0.189237759 0.116560839 -0.254543573 0.941174984
1662135934156674816.000000 0.557600498 -0.366944969 0.372492611 0.189267233 0.116641715 -0.254451931 0.941183746
1662135934210675968.000000 0.557600617 -0.366945028 0.372492582 0.189267829 0.116652563 -0.254442602 0.941184819
1662135934255676928.000000 0.557600617 -0.366945088 0.372492641 0.189245313 0.116619438 -0.254450083 0.941191435
1662135934297678080.000000 0.557600617 -0.366945088 0.372492611 0.189245909 0.116630316 -0.254440814 0.941192448
1662135934345679104.000000 0.557600796 -0.366945118 0.372492731 0.189240739 0.116641834 -0.254412562 0.941199780
1662135934387679744.000000 0.557600796 -0.366945028 0.372492850 0.189241454 0.116652891 -0.254403174 0.941200733
1662135934429680896.000000 0.557600796 -0.366945237 0.372492790 0.189246431 0.116669260 -0.254468977 0.941179931
1662135934468681472.000000 0.557600856 -0.366945207 0.372492790 0.189247146 0.116680361 -0.254459620 0.941180944
1662135934513682688.000000 0.557600975 -0.366945267 0.372492760 0.189178303 0.116664700 -0.254351169 0.941226006
1662135934555683328.000000 0.557600975 -0.366945267 0.372492790 0.189178959 0.116675936 -0.254341722 0.941227019
1662135934600684288.000000 0.557601035 -0.366945267 0.372492820 0.189230084 0.116787173 -0.254377306 0.941193342
1662135934642685184.000000 0.557601154 -0.366945386 0.372492909 0.189230844 0.116798587 -0.254367858 0.941194355
1662135934684686080.000000 0.557601213 -0.366945475 0.372492909 0.189225420 0.116892718 -0.254267663 0.941210866
1662135934729687296.000000 0.557601213 -0.366945446 0.372492909 0.189226195 0.116904221 -0.254258245 0.941211820
1662135934771687936.000000 0.557601213 -0.366945356 0.372493029 0.189207524 0.116968311 -0.254380703 0.941174448
1662135934816688896.000000 0.557601392 -0.366945475 0.372493058 0.189208359 0.116979942 -0.254371464 0.941175342
1662135934858689792.000000 0.557601333 -0.366945565 0.372493029 0.189241737 0.117015444 -0.254390508 0.941159129
1662135934900690688.000000 0.557601392 -0.366945595 0.372493118 0.189242616 0.117027149 -0.254381359 0.941159964
1662135934942691840.000000 0.557601333 -0.366945565 0.372493178 0.189272538 0.116817936 -0.254343957 0.941190004
1662135934990692608.000000 0.557601392 -0.366945505 0.372493327 0.189273417 0.116829641 -0.254334986 0.941190839
1662135935032693504.000000 0.557601392 -0.366945714 0.372493327 0.189476296 0.116964780 -0.254401952 0.941115141
1662135935077694720.000000 0.557601392 -0.366945773 0.372493356 0.189477310 0.116976477 -0.254393280 0.941115856
1662135935119695360.000000 0.557601511 -0.366945684 0.372493386 0.189348623 0.116988212 -0.254351616 0.941151500
1662135935158696448.000000 0.557601452 -0.366945744 0.372493327 0.189349622 0.116999909 -0.254343092 0.941152155
1662135935209697536.000000 0.557601511 -0.366945803 0.372493416 0.189276159 0.116910517 -0.254451364 0.941148818
1662135935251698176.000000 0.557601511 -0.366945922 0.372493476 0.189277127 0.116922162 -0.254443020 0.941149414
1662135935293699328.000000 0.557601571 -0.366945833 0.372493446 0.189436659 0.117023580 -0.254368663 0.941124797
1662135935344700416.000000 0.557601631 -0.366945863 0.372493535 0.189437672 0.117035203 -0.254360527 0.941125333
1662135935389701120.000000 0.557601571 -0.366945922 0.372493654 0.189277470 0.116977699 -0.254483044 0.941131592
1662135935431702016.000000 0.557601631 -0.366946012 0.372493744 0.189278483 0.116989248 -0.254475057 0.941132128
1662135935482703104.000000 0.557601631 -0.366946012 0.372493714 0.189277411 0.116999477 -0.254528314 0.941116631
1662135935524704256.000000 0.557601631 -0.366946042 0.372493744 0.189278409 0.117010891 -0.254520535 0.941117108
1662135935572705024.000000 0.557601690 -0.366946131 0.372493774 0.189278379 0.117013738 -0.254520148 0.941116929
1662135935620706048.000000 0.557601690 -0.366946161 0.372493833 0.189279303 0.117024980 -0.254512668 0.941117346
1662135935668707072.000000 0.557601631 -0.366946220 0.372493863 0.189268291 0.117142648 -0.254417837 0.941130579
1662135935713708288.000000 0.557601690 -0.366946220 0.372493923 0.189269215 0.117153868 -0.254410595 0.941130936
1662135935758709248.000000 0.557601750 -0.366946161 0.372493953 0.189193413 0.117101200 -0.254429519 0.941147566
1662135935803709952.000000 0.557601690 -0.366946220 0.372493982 0.189194337 0.117112271 -0.254422516 0.941147923
1662135935845711104.000000 0.557601571 -0.366946250 0.372494042 0.189195275 0.117123365 -0.254415601 0.941148221
1662135935887711744.000000 0.557601690 -0.366946250 0.372494102 0.189280391 0.117232338 -0.254399836 0.941121817
1662135935932712704.000000 0.557601690 -0.366946369 0.372494131 0.189281553 0.117243528 -0.254393101 0.941122055
1662135935974713856.000000 0.557601690 -0.366946340 0.372494191 0.189316496 0.117312834 -0.254308164 0.941129267
1662135936019714560.000000 0.557601571 -0.366946489 0.372494161 0.189317673 0.117323965 -0.254301578 0.941129446
1662135936067715584.000000 0.557601690 -0.366946429 0.372494221 0.189312056 0.117145896 -0.254382581 0.941130877
1662135936106716672.000000 0.557601631 -0.366946399 0.372494340 0.189313248 0.117156841 -0.254376143 0.941131055
1662135936154717440.000000 0.557601631 -0.366946399 0.372494370 0.189235762 0.117222793 -0.254296988 0.941159725
1662135936196718336.000000 0.557601571 -0.366946578 0.372494280 0.189236924 0.117233656 -0.254290611 0.941159904
1662135936235719168.000000 0.557601571 -0.366946548 0.372494400 0.189328298 0.117116340 -0.254308194 0.941151381
1662135936277720320.000000 0.557601631 -0.366946608 0.372494400 0.189329371 0.117127091 -0.254301935 0.941151559
1662135936325721344.000000 0.557601810 -0.366946638 0.372494400 0.189264327 0.117240839 -0.254370034 0.941132069
1662135936367721984.000000 0.557601810 -0.366946667 0.372494370 0.189265370 0.117251575 -0.254363865 0.941132188
1662135936415723008.000000 0.557601690 -0.366946638 0.372494578 0.189344838 0.117315978 -0.254287720 0.941128731
1662135936457724160.000000 0.557601631 -0.366946697 0.372494638 0.189345926 0.117326662 -0.254281580 0.941128850
1662135936499724800.000000 0.557601631 -0.366946667 0.372494578 0.189320892 0.117331959 -0.254329175 0.941120327
1662135936544726016.000000 0.557601571 -0.366946697 0.372494698 0.189322099 0.117342636 -0.254323035 0.941120446
1662135936592727040.000000 0.557601631 -0.366946816 0.372494698 0.189278156 0.117282003 -0.254359424 0.941127002
1662135936631727616.000000 0.557601571 -0.366946876 0.372494608 0.189279303 0.117292605 -0.254353374 0.941127121
1662135936679728640.000000 0.557601690 -0.366946816 0.372494727 0.189289480 0.117328838 -0.254287004 0.941138446
1662135936727729920.000000 0.557601571 -0.366946876 0.372494698 0.189290687 0.117339313 -0.254280955 0.941138506
1662135936772730880.000000 0.557601571 -0.366946876 0.372494817 0.189285696 0.117392652 -0.254291892 0.941129923
1662135936814731520.000000 0.557601631 -0.366946876 0.372494936 0.189286992 0.117403097 -0.254285842 0.941129982
1662135936856732672.000000 0.557601511 -0.366946936 0.372494936 0.189292431 0.117400207 -0.254303128 0.941124618
1662135936907733760.000000 0.557601511 -0.366946936 0.372494906 0.189293817 0.117410548 -0.254297137 0.941124618
1662135936949734400.000000 0.557601511 -0.366947025 0.372494876 0.189300641 0.117409132 -0.254301101 0.941122413
1662135936997735424.000000 0.557601571 -0.366947025 0.372494817 0.189302161 0.117419451 -0.254295170 0.941122413
1662135937045736448.000000 0.557601452 -0.366946995 0.372494966 0.189237997 0.117408171 -0.254291683 0.941137612
1662135937093737728.000000 0.557601452 -0.366947114 0.372495055 0.189239532 0.117418259 -0.254285842 0.941137671
1662135937135738368.000000 0.557601571 -0.366947114 0.372495145 0.189292893 0.117414139 -0.254277706 0.941129684
1662135937180739328.000000 0.557601571 -0.366947055 0.372495115 0.189294472 0.117424168 -0.254271835 0.941129684
1662135937222740480.000000 0.557601452 -0.366947114 0.372495085 0.189287186 0.117441580 -0.254255116 0.941133440
1662135937267741184.000000 0.557601511 -0.366947234 0.372495055 0.189288586 0.117451362 -0.254249334 0.941133559
1662135937306742272.000000 0.557601571 -0.366947234 0.372495085 0.189284652 0.117465854 -0.254245549 0.941133559
1662135937351742976.000000 0.557601571 -0.366947234 0.372495145 0.189285979 0.117475651 -0.254239738 0.941133618
1662135937396743936.000000 0.557601571 -0.366947263 0.372495115 0.189307928 0.117517687 -0.254211575 0.941131592
1662135937435744768.000000 0.557601511 -0.366947383 0.372495145 0.189309344 0.117527544 -0.254205793 0.941131651
1662135937477745664.000000 0.557601452 -0.366947234 0.372495204 0.189294338 0.117498375 -0.254223168 0.941133559
1662135937522746880.000000 0.557601452 -0.366947263 0.372495234 0.189295799 0.117508247 -0.254217416 0.941133618
1662135937567747584.000000 0.557601452 -0.366947234 0.372495294 0.189283013 0.117536999 -0.254221022 0.941131592
1662135937609748480.000000 0.557601511 -0.366947234 0.372495174 0.189284503 0.117546909 -0.254215389 0.941131592
1662135937660749568.000000 0.557601392 -0.366947234 0.372495234 0.189280763 0.117534287 -0.254190803 0.941140532
1662135937705750784.000000 0.557601511 -0.366947293 0.372495323 0.189282343 0.117544159 -0.254185259 0.941140473
1662135937756751872.000000 0.557601392 -0.366947323 0.372495264 0.189272359 0.117561445 -0.254184991 0.941140413
1662135937804752896.000000 0.557601452 -0.366947383 0.372495502 0.189273864 0.117571190 -0.254179537 0.941140354
1662135937846753536.000000 0.557601392 -0.366947472 0.372495562 0.189307570 0.117583215 -0.254170746 0.941134453
1662135937903755008.000000 0.557601452 -0.366947472 0.372495532 0.189309180 0.117592834 -0.254165411 0.941134334
1662135937942755584.000000 0.557601392 -0.366947591 0.372495592 0.189319476 0.117621183 -0.254169226 0.941127777
1662135937984756480.000000 0.557601452 -0.366947621 0.372495651 0.189321205 0.117630467 -0.254164040 0.941127658
1662135938032757504.000000 0.557601452 -0.366947532 0.372495711 0.189303041 0.117615223 -0.254176468 0.941129804
1662135938071758592.000000 0.557601452 -0.366947621 0.372495741 0.189304873 0.117624529 -0.254171252 0.941129684
1662135938119759616.000000 0.557601333 -0.366947651 0.372495711 0.189305544 0.117651150 -0.254160345 0.941129208
1662135938161760256.000000 0.557601333 -0.366947711 0.372495830 0.189307392 0.117660582 -0.254155070 0.941129088
1662135938212761344.000000 0.557601452 -0.366947711 0.372495830 0.189284816 0.117639340 -0.254145890 0.941138744
1662135938254762496.000000 0.557601392 -0.366947770 0.372495770 0.189286724 0.117648855 -0.254140645 0.941138625
1662135938308763392.000000 0.557601452 -0.366947740 0.372495860 0.189321116 0.117662169 -0.254122168 0.941134989
1662135938350764288.000000 0.557601452 -0.366947740 0.372496009 0.189323053 0.117671639 -0.254116923 0.941134810
1662135938395765248.000000 0.557601511 -0.366947770 0.372495919 0.189307839 0.117694080 -0.254104853 0.941138327
1662135938452766720.000000 0.557601511 -0.366947949 0.372496068 0.189309776 0.117703348 -0.254099727 0.941138208
1662135938500767744.000000 0.557601333 -0.366947860 0.372495919 0.189331412 0.117746621 -0.254121363 0.941122591
1662135938539768576.000000 0.557601333 -0.366947949 0.372495890 0.189333305 0.117755979 -0.254116297 0.941122472
1662135938584769536.000000 0.557601511 -0.366947949 0.372496098 0.189335212 0.117765322 -0.254111290 0.941122174
1662135938584769536.000000 0.557601511 -0.366947949 0.372496098 0.189335212 0.117765322 -0.254111290 0.941122174
1662135938584769536.000000 0.557601511 -0.366947949 0.372496098 0.189335212 0.117765322 -0.254111290 0.941122174
1662135938584769536.000000 0.557601511 -0.366947949 0.372496098 0.189335212 0.117765322 -0.254111290 0.941122174
1662135938584769536.000000 0.557601511 -0.366947949 0.372496098 0.189335212 0.117765322 -0.254111290 0.941122174
1662135938584769536.000000 0.557601511 -0.366947949 0.372496098 0.189335212 0.117765322 -0.254111290 0.941122174
1662135938584769536.000000 0.557601511 -0.366947949 0.372496098 0.189335212 0.117765322 -0.254111290 0.941122174
1662135938584769536.000000 0.557601511 -0.366947949 0.372496098 0.189335212 0.117765322 -0.254111290 0.941122174
1662135938584769536.000000 0.557601511 -0.366947949 0.372496098 0.189335212 0.117765322 -0.254111290 0.941122174
1662135938584769536.000000 0.557601511 -0.366947949 0.372496098 0.189335212 0.117765322 -0.254111290 0.941122174
1662135938584769536.000000 0.557601511 -0.366947949 0.372496098 0.189335212 0.117765322 -0.254111290 0.941122174
1662135938584769536.000000 0.557601511 -0.366947949 0.372496098 0.189335212 0.117765322 -0.254111290 0.941122174
1662135938584769536.000000 0.557601511 -0.366947949 0.372496098 0.189335212 0.117765322 -0.254111290 0.941122174
1662135938584769536.000000 0.557601511 -0.366947949 0.372496098 0.189335212 0.117765322 -0.254111290 0.941122174
1662135938584769536.000000 0.557601511 -0.366947949 0.372496098 0.189335212 0.117765322 -0.254111290 0.941122174
1662135938584769536.000000 0.557601511 -0.366947949 0.372496098 0.189335212 0.117765322 -0.254111290 0.941122174
1662135938584769536.000000 0.557601511 -0.366947949 0.372496098 0.189335212 0.117765322 -0.254111290 0.941122174
1662135938584769536.000000 0.557601511 -0.366947949 0.372496098 0.189335212 0.117765322 -0.254111290 0.941122174
1662135938584769536.000000 0.557601511 -0.366947949 0.372496098 0.189335212 0.117765322 -0.254111290 0.941122174
1662135938584769536.000000 0.557601511 -0.366947949 0.372496098 0.189335212 0.117765322 -0.254111290 0.941122174
1662135938584769536.000000 0.557601511 -0.366947949 0.372496098 0.189335212 0.117765322 -0.254111290 0.941122174
1662135938584769536.000000 0.557601511 -0.366947949 0.372496098 0.189335212 0.117765322 -0.254111290 0.941122174
1662135938584769536.000000 0.557601511 -0.366947949 0.372496098 0.189335212 0.117765322 -0.254111290 0.941122174
1662135938584769536.000000 0.557601511 -0.366947949 0.372496098 0.189335212 0.117765322 -0.254111290 0.941122174
1662135938584769536.000000 0.557601511 -0.366947949 0.372496098 0.189335212 0.117765322 -0.254111290 0.941122174
1662135938584769536.000000 0.557601511 -0.366947949 0.372496098 0.189335212 0.117765322 -0.254111290 0.941122174
1662135938584769536.000000 0.557601511 -0.366947949 0.372496098 0.189335212 0.117765322 -0.254111290 0.941122174
1662135938584769536.000000 0.557601511 -0.366947949 0.372496098 0.189335212 0.117765322 -0.254111290 0.941122174
1662135938584769536.000000 0.557601511 -0.366947949 0.372496098 0.189335212 0.117765322 -0.254111290 0.941122174
1662135938584769536.000000 0.557601511 -0.366947949 0.372496098 0.189335212 0.117765322 -0.254111290 0.941122174
1662135938584769536.000000 0.557601511 -0.366947949 0.372496098 0.189335212 0.117765322 -0.254111290 0.941122174
1662135938584769536.000000 0.557601511 -0.366947949 0.372496098 0.189335212 0.117765322 -0.254111290 0.941122174
1662135938584769536.000000 0.557601511 -0.366947949 0.372496098 0.189335212 0.117765322 -0.254111290 0.941122174
1662135938584769536.000000 0.557601511 -0.366947949 0.372496098 0.189335212 0.117765322 -0.254111290 0.941122174
1662135938584769536.000000 0.557601511 -0.366947949 0.372496098 0.189335212 0.117765322 -0.254111290 0.941122174
1662135938584769536.000000 0.557601511 -0.366947949 0.372496098 0.189335212 0.117765322 -0.254111290 0.941122174
1662135938584769536.000000 0.557601511 -0.366947949 0.372496098 0.189335212 0.117765322 -0.254111290 0.941122174
1662135938584769536.000000 0.557601511 -0.366947949 0.372496098 0.189335212 0.117765322 -0.254111290 0.941122174
1662135938584769536.000000 0.557601511 -0.366947949 0.372496098 0.189335212 0.117765322 -0.254111290 0.941122174
1662135938584769536.000000 0.557601511 -0.366947949 0.372496098 0.189335212 0.117765322 -0.254111290 0.941122174
1662135938584769536.000000 0.557601511 -0.366947949 0.372496098 0.189335212 0.117765322 -0.254111290 0.941122174
1662135938584769536.000000 0.557601511 -0.366947949 0.372496098 0.189335212 0.117765322 -0.254111290 0.941122174
1662135938584769536.000000 0.557601511 -0.366947949 0.372496098 0.189335212 0.117765322 -0.254111290 0.941122174
1662135938584769536.000000 0.557601511 -0.366947949 0.372496098 0.189335212 0.117765322 -0.254111290 0.941122174
1662135938584769536.000000 0.557601511 -0.366947949 0.372496098 0.189335212 0.117765322 -0.254111290 0.941122174
1662135938584769536.000000 0.557601511 -0.366947949 0.372496098 0.189335212 0.117765322 -0.254111290 0.941122174
1662135938584769536.000000 0.557601511 -0.366947949 0.372496098 0.189335212 0.117765322 -0.254111290 0.941122174
1662135938584769536.000000 0.557601511 -0.366947949 0.372496098 0.189335212 0.117765322 -0.254111290 0.941122174
1662135938584769536.000000 0.557601511 -0.366947949 0.372496098 0.189335212 0.117765322 -0.254111290 0.941122174
1662135938584769536.000000 0.557601511 -0.366947949 0.372496098 0.189335212 0.117765322 -0.254111290 0.941122174
1662135938584769536.000000 0.557601511 -0.366947949 0.372496098 0.189335212 0.117765322 -0.254111290 0.941122174
1662135938584769536.000000 0.557601511 -0.366947949 0.372496098 0.189335212 0.117765322 -0.254111290 0.941122174
1662135938584769536.000000 0.557601511 -0.366947949 0.372496098 0.189335212 0.117765322 -0.254111290 0.941122174
1662135938584769536.000000 0.557601511 -0.366947949 0.372496098 0.189335212 0.117765322 -0.254111290 0.941122174
1662135938584769536.000000 0.557601511 -0.366947949 0.372496098 0.189335212 0.117765322 -0.254111290 0.941122174
1662135938584769536.000000 0.557601511 -0.366947949 0.372496098 0.189335212 0.117765322 -0.254111290 0.941122174
1662135938584769536.000000 0.557601511 -0.366947949 0.372496098 0.189335212 0.117765322 -0.254111290 0.941122174
1662135938584769536.000000 0.557601511 -0.366947949 0.372496098 0.189335212 0.117765322 -0.254111290 0.941122174
1662135938584769536.000000 0.557601511 -0.366947949 0.372496098 0.189335212 0.117765322 -0.254111290 0.941122174
1662135938584769536.000000 0.557601511 -0.366947949 0.372496098 0.189335212 0.117765322 -0.254111290 0.941122174
1662135938584769536.000000 0.557601511 -0.366947949 0.372496098 0.189335212 0.117765322 -0.254111290 0.941122174
1662135938584769536.000000 0.557601511 -0.366947949 0.372496098 0.189335212 0.117765322 -0.254111290 0.941122174
1662135938584769536.000000 0.557601511 -0.366947949 0.372496098 0.189335212 0.117765322 -0.254111290 0.941122174
1662135938584769536.000000 0.557601511 -0.366947949 0.372496098 0.189335212 0.117765322 -0.254111290 0.941122174
1662135938584769536.000000 0.557601511 -0.366947949 0.372496098 0.189335212 0.117765322 -0.254111290 0.941122174
1662135938584769536.000000 0.557601511 -0.366947949 0.372496098 0.189335212 0.117765322 -0.254111290 0.941122174
1662135938584769536.000000 0.557601511 -0.366947949 0.372496098 0.189335212 0.117765322 -0.254111290 0.941122174
1662135938584769536.000000 0.557601511 -0.366947949 0.372496098 0.189335212 0.117765322 -0.254111290 0.941122174
