1662135930103588352.000000 -0.043150950 0.001287584 -0.001764251 0.004936036 0.025976513 0.001776667 0.999648809
1662135930154589696.000000 -0.043043982 0.002461995 0.003493668 0.007992599 0.030372564 0.005636284 0.999490857
1662135930199590400.000000 -0.045932449 0.003219115 0.007572329 0.010494228 0.034914277 0.006774911 0.999312222
1662135930241591552.000000 -0.043745033 0.002419855 0.003775539 0.012211498 0.035413556 0.009843190 0.999249697
1662135930283592192.000000 -0.046224859 0.004501587 0.012716798 0.014218091 0.042240422 0.012547822 0.998927534
1662135930328593152.000000 -0.046258785 0.004361193 0.015521259 0.014011059 0.045036968 0.013613528 0.998794317
1662135930367593984.000000 -0.046139356 0.004355332 0.015763110 0.014668919 0.045980509 0.014543138 0.998728752
1662135930415595008.000000 -0.047341313 0.005925795 0.021210393 0.017209752 0.053203169 0.018889444 0.998256743
1662135930460595968.000000 -0.047560059 0.006737602 0.024031928 0.017405415 0.058029260 0.022056332 0.997919440
1662135930511597056.000000 -0.046092711 0.006399362 0.025375733 0.018091375 0.060456403 0.024993962 0.997693896
1662135930553598208.000000 -0.045920849 0.007071151 0.027122365 0.019658979 0.063926347 0.027939973 0.997369707
1662135930598598912.000000 -0.046167415 0.007402550 0.029760506 0.018318539 0.068777092 0.030077642 0.997010291
1662135930640600064.000000 -0.046109378 0.007662358 0.031639148 0.020316245 0.073261000 0.033161875 0.996554255
1662135930685600768.000000 -0.045781400 0.007808042 0.033873010 0.020768346 0.076462038 0.036524400 0.996186852
1662135930730601728.000000 -0.045659538 0.008151880 0.035162102 0.020869713 0.080591336 0.039978340 0.995726585
1662135930778602752.000000 -0.044005569 0.008563888 0.037543517 0.020200741 0.083498582 0.045052446 0.995284021
1662135930820603904.000000 -0.043376617 0.008819600 0.039982021 0.019769164 0.087002315 0.048609000 0.994825125
1662135930865604608.000000 -0.043020606 0.008954583 0.041682407 0.018638084 0.090479776 0.051244635 0.994404376
1662135930907605760.000000 -0.042151246 0.009116553 0.042627912 0.017497955 0.090551369 0.051635087 0.994398355
1662135930952606720.000000 -0.041975837 0.009553853 0.045470580 0.017976342 0.098329872 0.058036372 0.993297458
1662135930997607424.000000 -0.041849669 0.010049430 0.046277419 0.018066151 0.104433760 0.062027961 0.992431283
1662135931039608576.000000 -0.041513547 0.010155912 0.049080007 0.016257534 0.108862028 0.064819984 0.991807997
1662135931081609216.000000 -0.042245511 0.010252030 0.050120756 0.014709317 0.116949089 0.066310398 0.990812600
1662135931135610624.000000 -0.042778630 0.011060954 0.054233253 0.012762307 0.123069733 0.069988146 0.989844799
1662135931180611328.000000 -0.043021943 0.011560529 0.055318851 0.013028176 0.127087072 0.071534388 0.989222944
1662135931222612480.000000 -0.041651584 0.011458556 0.057458963 0.009399576 0.131059736 0.075479910 0.988452256
1662135931270613504.000000 -0.041642614 0.011500819 0.059333734 0.006222020 0.137376308 0.077875473 0.987433255
1662135931321614592.000000 -0.041647121 0.012265889 0.061650489 0.004610110 0.143482432 0.080972746 0.986323953
1662135931372615680.000000 -0.042036384 0.012271797 0.063193217 0.001294867 0.148218066 0.080912068 0.985638380
1662135931420616704.000000 -0.042456724 0.013148901 0.066074468 -0.000443951 0.158386588 0.086805522 0.983553946
1662135931465617408.000000 -0.043682385 0.014554164 0.067446969 0.001364323 0.168265000 0.090076491 0.981616676
1662135931507618304.000000 -0.043286946 0.015216273 0.068778813 -0.001047543 0.171838984 0.092787445 0.980745018
1662135931549619200.000000 -0.042702034 0.015511930 0.068715177 -0.000794510 0.178906217 0.096574336 0.979114592
1662135931591620096.000000 -0.042448685 0.016006157 0.068652920 -0.001866620 0.182830781 0.101464741 0.977892876
1662135931639621376.000000 -0.043299105 0.016463311 0.069952473 -0.005307807 0.192100361 0.103151932 0.975924671
1662135931684622336.000000 -0.043866694 0.017313547 0.073007561 -0.008716074 0.199869543 0.105885804 0.974045396
1662135931726622976.000000 -0.043839857 0.017286928 0.073643036 -0.012060841 0.205321863 0.107284650 0.972721756
1662135931774624000.000000 -0.043696478 0.017961819 0.074960522 -0.015191806 0.211429030 0.109390251 0.971133769
1662135931819625216.000000 -0.043675240 0.018435845 0.076099977 -0.017707737 0.215993896 0.109955527 0.970022082
1662135931870626304.000000 -0.044305768 0.019257907 0.078045696 -0.022541663 0.226585567 0.113854222 0.967051268
1662135931912626944.000000 -0.044324722 0.019154262 0.078111008 -0.027544597 0.234613672 0.114981078 0.964871526
1662135931960627968.000000 -0.044035099 0.019570248 0.079658367 -0.031441808 0.237671480 0.115462154 0.963946164
1662135932002629120.000000 -0.044384137 0.019404203 0.079600386 -0.037806749 0.246408731 0.117698394 0.961249471
1662135932065630208.000000 -0.043947697 0.020023555 0.081812225 -0.046438828 0.252496630 0.116244681 0.959466577
1662135932107631104.000000 -0.044259176 0.020595310 0.082855396 -0.050188094 0.259812832 0.114759780 0.957501233
1662135932149632256.000000 -0.043982275 0.020568965 0.083757557 -0.057840828 0.265841365 0.116171822 0.955241799
1662135932209633280.000000 -0.043978550 0.020678731 0.084195063 -0.064314418 0.274243653 0.116351001 0.952426672
1662135932254634496.000000 -0.043943591 0.021384390 0.085850030 -0.068937808 0.283780605 0.118518800 0.949036062
1662135932299635456.000000 -0.043965466 0.021610057 0.086111315 -0.072227813 0.292703390 0.121086836 0.945751488
1662135932350636544.000000 -0.043918077 0.022138029 0.087088063 -0.077612206 0.299617141 0.120762393 0.943197966
1662135932392637184.000000 -0.043844137 0.022413958 0.087624088 -0.080998570 0.307286501 0.122759603 0.940183222
1662135932434638336.000000 -0.043852776 0.022659171 0.088626921 -0.087353565 0.315207034 0.122679114 0.936997175
1662135932482639360.000000 -0.043824539 0.022835670 0.088752732 -0.089181036 0.320629209 0.123357005 0.934893966
1662135932524640000.000000 -0.043643788 0.023322856 0.089737967 -0.095795177 0.329724997 0.124903031 0.930861950
1662135932566641152.000000 -0.043617159 0.023486901 0.089964934 -0.098054886 0.336701155 0.125898808 0.927990913
1662135932608641792.000000 -0.043612793 0.023803998 0.090458274 -0.101279438 0.343779624 0.126988247 0.924895763
1662135932650642944.000000 -0.043593511 0.023965992 0.090688378 -0.102923654 0.349638253 0.128549501 0.922298729
1662135932695643648.000000 -0.043568276 0.024085581 0.090938017 -0.107525073 0.358048081 0.130293891 0.918293834
1662135932743644672.000000 -0.043486115 0.024378859 0.091278911 -0.110238954 0.366190255 0.131518364 0.914579153
1662135932785645824.000000 -0.043552600 0.024960959 0.090920523 -0.106032953 0.373509526 0.135241151 0.911568761
1662135932830646528.000000 -0.043437071 0.025089351 0.091416247 -0.110734977 0.381689012 0.135829493 0.907525003
1662135932875647488.000000 -0.043155130 0.025258139 0.091661021 -0.114371374 0.385865986 0.136410132 0.905217648
1662135932917648640.000000 -0.042744167 0.025408436 0.092101835 -0.119208090 0.390470684 0.137675002 0.902423263
1662135932959649280.000000 -0.043007929 0.025465189 0.091950282 -0.120429970 0.399228036 0.140487224 0.897984922
1662135933004650240.000000 -0.042918257 0.025753256 0.091944650 -0.119935237 0.405775785 0.142607585 0.894776344
1662135933049651456.000000 -0.042795897 0.026017938 0.092049792 -0.122733109 0.411544234 0.145173907 0.891343057
1662135933091652096.000000 -0.042699043 0.026001712 0.092152327 -0.126330614 0.417903274 0.143825054 0.888094485
1662135933133653248.000000 -0.042620722 0.026267128 0.092256978 -0.128266618 0.424273700 0.145646989 0.884492278
1662135933178653952.000000 -0.042549998 0.026632182 0.092507087 -0.129992425 0.430541664 0.145457000 0.881236672
1662135933223654912.000000 -0.042520531 0.026712742 0.092614844 -0.132837281 0.438811004 0.147461340 0.876387060
1662135933268656128.000000 -0.042413726 0.026795782 0.092668802 -0.135767013 0.443837792 0.148383170 0.873245597
1662135933310656768.000000 -0.042378727 0.026806766 0.092679188 -0.137273654 0.447915226 0.149856433 0.870672762
1662135933358657792.000000 -0.042369261 0.026950317 0.092675716 -0.138917521 0.456916511 0.151643366 0.865409434
1662135933403658752.000000 -0.042341068 0.027004540 0.092707761 -0.140951976 0.463702708 0.152758002 0.861265004
1662135933454659840.000000 -0.042318169 0.027058903 0.092748635 -0.143227905 0.469802231 0.154061362 0.857342899
1662135933499661056.000000 -0.042323839 0.027014103 0.092715941 -0.143958300 0.470855772 0.155364946 0.856406808
1662135933541661696.000000 -0.041809402 0.027050577 0.093022801 -0.151959985 0.481405348 0.157735869 0.848691046
1662135933589662720.000000 -0.041658532 0.026996888 0.093029208 -0.155797020 0.485900402 0.158995822 0.845191360
1662135933631663872.000000 -0.041619625 0.026984055 0.093045466 -0.157791659 0.490938723 0.161202639 0.841483712
1662135933679664896.000000 -0.041657686 0.027173847 0.093016475 -0.158062771 0.496526092 0.157457814 0.838859379
1662135933718665472.000000 -0.041617386 0.027180171 0.093039162 -0.160490394 0.501764417 0.159616753 0.834863961
1662135933757666304.000000 -0.041525073 0.027293975 0.093086153 -0.162492469 0.505529225 0.158160806 0.832479179
1662135933802667264.000000 -0.041477583 0.027347047 0.093119852 -0.163874656 0.511091530 0.158913985 0.828659773
1662135933853668352.000000 -0.041434713 0.027408801 0.093119837 -0.165235877 0.515810907 0.159464821 0.825352788
1662135933898669568.000000 -0.041410804 0.027423687 0.093133971 -0.168783888 0.519665480 0.158887386 0.822322726
1662135933940670208.000000 -0.041318174 0.027442008 0.093193226 -0.172907025 0.523864150 0.160178453 0.818542898
1662135933979671296.000000 -0.041291185 0.027477179 0.093202636 -0.173942804 0.528459072 0.159113720 0.815572083
1662135934024672000.000000 -0.041257016 0.027589772 0.093227856 -0.173607498 0.532568693 0.157715887 0.813238442
1662135934066673152.000000 -0.041207422 0.027611861 0.093215860 -0.175613508 0.535543740 0.160745665 0.810255408
1662135934111674112.000000 -0.041124489 0.027658477 0.093206383 -0.177862391 0.538626552 0.158424899 0.808175683
1662135934156674816.000000 -0.041095842 0.027676344 0.093189918 -0.179848462 0.540714204 0.161436543 0.805742502
1662135934210675968.000000 -0.040966336 0.027787859 0.093210220 -0.181058526 0.546108067 0.159944355 0.802123189
1662135934255676928.000000 -0.040952705 0.027809445 0.093214251 -0.181316912 0.550082862 0.159528852 0.799427032
1662135934297678080.000000 -0.040902290 0.027871853 0.093255699 -0.183431774 0.552548528 0.158540443 0.797438323
1662135934345679104.000000 -0.040876281 0.027897818 0.093273826 -0.185855880 0.556804359 0.157191604 0.794177175
1662135934387679744.000000 -0.040755481 0.028030880 0.093256198 -0.184783593 0.559198737 0.156836063 0.792814195
1662135934429680896.000000 -0.040714402 0.028075054 0.093246549 -0.184777886 0.561439872 0.156722933 0.791252434
1662135934468681472.000000 -0.040643152 0.028151721 0.093241520 -0.185151860 0.563125670 0.156415775 0.790026844
1662135934513682688.000000 -0.040614843 0.028199524 0.093249708 -0.185706362 0.566896498 0.154530823 0.787566960
1662135934555683328.000000 -0.040524095 0.028279219 0.093240909 -0.187102467 0.566700816 0.157412067 0.786806405
1662135934600684288.000000 -0.040483385 0.028308712 0.093249232 -0.188045815 0.569667101 0.155007780 0.784914494
1662135934642685184.000000 -0.040362783 0.028408058 0.093228340 -0.187079459 0.570956588 0.154715925 0.784265757
1662135934684686080.000000 -0.040336147 0.028437790 0.093235724 -0.188127145 0.572786868 0.154935673 0.782635510
1662135934729687296.000000 -0.040216111 0.028519943 0.093212962 -0.188118026 0.573285580 0.154348403 0.782388508
1662135934771687936.000000 -0.040200762 0.028532408 0.093211710 -0.188338861 0.573691726 0.154816628 0.781944990
1662135934816688896.000000 -0.040054381 0.028668949 0.093197167 -0.187656343 0.575987220 0.151090086 0.781150162
1662135934858689792.000000 -0.040026225 0.028695976 0.093194559 -0.187794670 0.576413929 0.150262967 0.780961752
1662135934900690688.000000 -0.039904006 0.028787568 0.093186811 -0.188693225 0.577205718 0.150781482 0.780059814
1662135934942691840.000000 -0.039838098 0.028840438 0.093177930 -0.187274337 0.578378201 0.147857845 0.780092955
1662135934990692608.000000 -0.039716549 0.028910030 0.093164563 -0.187368885 0.578597069 0.147680447 0.779941559
1662135935032693504.000000 -0.039655000 0.028955158 0.093167320 -0.186726868 0.579837084 0.145575657 0.779570162
1662135935077694720.000000 -0.039554529 0.029009968 0.093150847 -0.186944708 0.579110742 0.145748392 0.780025542
1662135935119695360.000000 -0.039487071 0.029092584 0.093142807 -0.187244505 0.578839242 0.143222779 0.780622840
1662135935158696448.000000 -0.039351113 0.029123811 0.093127847 -0.187905982 0.578561842 0.144507527 0.780432642
1662135935209697536.000000 -0.039256208 0.029184431 0.093115062 -0.187719688 0.578152359 0.143298537 0.781003714
1662135935251698176.000000 -0.039157391 0.029229697 0.093115374 -0.188317001 0.578022003 0.143553436 0.780909538
1662135935293699328.000000 -0.039041363 0.029287331 0.093122527 -0.188069850 0.577895284 0.141289979 0.781475544
1662135935344700416.000000 -0.038951240 0.029340353 0.093109190 -0.188768968 0.576837897 0.141375154 0.782072484
1662135935389701120.000000 -0.038809910 0.029403850 0.093113586 -0.187399328 0.576669157 0.138187200 0.783095419
1662135935431702016.000000 -0.038712211 0.029448973 0.093104221 -0.187861189 0.575610161 0.136709109 0.784022808
1662135935482703104.000000 -0.038597494 0.029504046 0.093094230 -0.188869029 0.573705673 0.137921959 0.784963608
1662135935524704256.000000 -0.038468368 0.029549131 0.093117453 -0.188539803 0.573139250 0.135043636 0.785956323
1662135935572705024.000000 -0.038411066 0.029568195 0.093116999 -0.188587651 0.572450161 0.134437025 0.786550879
1662135935620706048.000000 -0.038224582 0.029646736 0.093090616 -0.187695041 0.569882751 0.132729739 0.788915098
1662135935668707072.000000 -0.038105514 0.029738544 0.093078010 -0.185917139 0.567849338 0.130634844 0.791148841
1662135935713708288.000000 -0.037961327 0.029759478 0.093083374 -0.188006595 0.565508544 0.132223129 0.792067409
1662135935758709248.000000 -0.037829708 0.029810924 0.093087733 -0.186777920 0.564063311 0.129204556 0.793884575
1662135935803709952.000000 -0.037821829 0.029816203 0.093088277 -0.186659068 0.564109266 0.129176036 0.793884575
1662135935845711104.000000 -0.037666854 0.029924968 0.093102612 -0.185673088 0.561632812 0.129102051 0.795881093
1662135935887711744.000000 -0.037566546 0.030030515 0.093123324 -0.180699110 0.561242640 0.123069443 0.798253417
1662135935932712704.000000 -0.037465692 0.030025518 0.093139015 -0.182217166 0.559885859 0.122759216 0.798908591
1662135935974713856.000000 -0.037305523 0.030082801 0.093134269 -0.182060629 0.555728853 0.120708585 0.802152693
1662135936019714560.000000 -0.037209161 0.030142423 0.093147561 -0.180693254 0.553930521 0.119606979 0.803868890
1662135936067715584.000000 -0.037105888 0.030220421 0.093162991 -0.178659260 0.553177774 0.116973951 0.805228174
1662135936106716672.000000 -0.036939431 0.030192889 0.093161263 -0.181589723 0.549839854 0.118178934 0.806681573
1662135936154717440.000000 -0.036897570 0.030217830 0.093159832 -0.182697460 0.547983110 0.117109597 0.807849944
1662135936196718336.000000 -0.036767434 0.030334506 0.093194321 -0.178967357 0.546566010 0.110088944 0.810627341
1662135936235719168.000000 -0.036559705 0.030337740 0.093165979 -0.179656714 0.541458428 0.113352224 0.813447952
1662135936277720320.000000 -0.036515255 0.030374523 0.093175583 -0.179147065 0.539781511 0.112148978 0.814840436
1662135936325721344.000000 -0.036321722 0.030410938 0.093206689 -0.181006968 0.536125064 0.111146070 0.816977978
1662135936367721984.000000 -0.036251295 0.030437846 0.093188137 -0.181387082 0.533930600 0.111892857 0.818227887
1662135936415723008.000000 -0.036116261 0.030490791 0.093180299 -0.179002047 0.529769182 0.106988542 0.822104871
1662135936457724160.000000 -0.035988912 0.030549988 0.093172558 -0.177176669 0.525010109 0.102114655 0.826163113
1662135936499724800.000000 -0.035809509 0.030560415 0.093209893 -0.179136038 0.523643732 0.105190881 0.826221764
1662135936544726016.000000 -0.035748143 0.030565251 0.093209371 -0.178179890 0.522289872 0.103307419 0.827522099
1662135936592727040.000000 -0.035599649 0.030654024 0.093230240 -0.174722672 0.517046094 0.096047916 0.832412302
1662135936631727616.000000 -0.035436213 0.030632384 0.093239099 -0.177031279 0.514927328 0.099689044 0.832809627
1662135936679728640.000000 -0.035274904 0.030647915 0.093251653 -0.177407041 0.511016965 0.099946283 0.835104287
1662135936727729920.000000 -0.035169423 0.030665934 0.093280792 -0.181111977 0.508326113 0.100922041 0.835833609
1662135936772730880.000000 -0.035000548 0.030727036 0.093284935 -0.177660212 0.503577113 0.096417978 0.839970529
1662135936814731520.000000 -0.034896903 0.030798022 0.093317829 -0.176186919 0.501518786 0.094999671 0.841672301
1662135936856732672.000000 -0.034787655 0.030861523 0.093341745 -0.173561350 0.499499381 0.091803856 0.843770623
1662135936907733760.000000 -0.034603529 0.030823082 0.093349531 -0.176433265 0.493827343 0.091147110 0.846580207
1662135936949734400.000000 -0.034457278 0.030804913 0.093368746 -0.178835496 0.490785927 0.091113172 0.847847521
1662135936997735424.000000 -0.034477070 0.030833278 0.093362749 -0.176319763 0.490971714 0.090356424 0.848347723
1662135937045736448.000000 -0.034267411 0.030865107 0.093405657 -0.179211214 0.484799653 0.089344531 0.851393104
1662135937093737728.000000 -0.034090359 0.030920915 0.093424328 -0.175432637 0.479266942 0.084397919 0.855805874
1662135937135738368.000000 -0.034006443 0.030959643 0.093492568 -0.173671260 0.478589237 0.082394540 0.856739104
1662135937180739328.000000 -0.033878576 0.030995805 0.093604214 -0.174535900 0.480375379 0.080596499 0.855734169
1662135937222740480.000000 -0.033828259 0.031078825 0.093625024 -0.168941945 0.478733450 0.076232754 0.858173370
1662135937267741184.000000 -0.033706475 0.031090753 0.093691267 -0.169698268 0.478633225 0.074564524 0.858226597
1662135937306742272.000000 -0.033610158 0.031121235 0.093759671 -0.168178618 0.477148980 0.074252263 0.859378576
1662135937351742976.000000 -0.033580374 0.031194104 0.093803190 -0.164004818 0.478608847 0.070371233 0.859699905
1662135937396743936.000000 -0.033406477 0.031255834 0.093864962 -0.164694890 0.474777788 0.069951147 0.861724138
1662135937435744768.000000 -0.033339120 0.031283326 0.093876138 -0.162790194 0.471892059 0.067769043 0.863842905
1662135937477745664.000000 -0.033178341 0.031271014 0.093927577 -0.164377555 0.470622241 0.067742012 0.864237130
1662135937522746880.000000 -0.033080205 0.031349815 0.093954302 -0.159666345 0.468583316 0.063519709 0.866545796
1662135937567747584.000000 -0.033063088 0.031377561 0.093970433 -0.158271447 0.468395203 0.060651515 0.867108762
1662135937609748480.000000 -0.032862317 0.031386163 0.094016574 -0.161298916 0.463908404 0.062531509 0.868827641
1662135937660749568.000000 -0.032736637 0.031405546 0.094046496 -0.158348829 0.460527301 0.059014324 0.871411264
1662135937705750784.000000 -0.032645006 0.031421602 0.094044499 -0.155759692 0.457361996 0.058190372 0.873597622
1662135937756751872.000000 -0.032487817 0.031496678 0.094113812 -0.154913440 0.456212312 0.054328546 0.874597430
1662135937804752896.000000 -0.032395117 0.031545449 0.094132841 -0.151918501 0.454119056 0.050743386 0.876425683
1662135937846753536.000000 -0.032304931 0.031531170 0.094190426 -0.152368173 0.453974813 0.050949153 0.876410365
1662135937903755008.000000 -0.032102872 0.031593245 0.094202019 -0.149159595 0.448862374 0.048666522 0.879719019
1662135937942755584.000000 -0.032036822 0.031625852 0.094221532 -0.147003710 0.447823316 0.045505825 0.880780041
1662135937984756480.000000 -0.031927951 0.031650085 0.094261222 -0.146479487 0.446169376 0.043899842 0.881787658
1662135938032757504.000000 -0.031800304 0.031706549 0.094282195 -0.141196027 0.444467634 0.042127851 0.883593559
1662135938071758592.000000 -0.031750079 0.031739559 0.094306014 -0.139112234 0.443925470 0.039975580 0.884296298
1662135938119759616.000000 -0.031573933 0.031759579 0.094375469 -0.138977170 0.441790164 0.038596872 0.885447383
1662135938161760256.000000 -0.031489063 0.031766728 0.094416589 -0.138988495 0.441040605 0.036732741 0.885898530
1662135938212761344.000000 -0.031336367 0.031794939 0.094460249 -0.136904135 0.438512117 0.036680158 0.887479007
1662135938254762496.000000 -0.031267278 0.031829100 0.094498344 -0.133534044 0.439153492 0.034439035 0.887765169
1662135938308763392.000000 -0.031140488 0.031808939 0.094549261 -0.135598317 0.436827868 0.034929372 0.888580024
1662135938350764288.000000 -0.031033713 0.031804398 0.094609141 -0.137202188 0.436708272 0.036144484 0.888344049
1662135938395765248.000000 -0.030943401 0.031792052 0.094632551 -0.136757329 0.434413403 0.035336245 0.889569461
1662135938452766720.000000 -0.030743878 0.031788167 0.094704501 -0.138099536 0.431454211 0.036107212 0.890770555
1662135938500767744.000000 -0.030745137 0.031786855 0.094706804 -0.138522655 0.431495070 0.035921779 0.890692592
1662135938539768576.000000 -0.030587614 0.031799942 0.094780087 -0.138878167 0.430160552 0.036133718 0.891273856
1662135938584769536.000000 -0.030494172 0.031824119 0.094811983 -0.134326935 0.429362118 0.034117553 0.892435133
1662135938629770240.000000 -0.030343726 0.031800546 0.094891906 -0.137211636 0.427825212 0.034809705 0.892707586
1662135938671771392.000000 -0.030282829 0.031797286 0.094929993 -0.134803325 0.428432435 0.033318799 0.892840266
1662135938716772352.000000 -0.030147679 0.031807702 0.094984040 -0.134053320 0.426477820 0.032856550 0.893905461
1662135938764773120.000000 -0.030058749 0.031822860 0.095045775 -0.132343456 0.427757114 0.032312121 0.893568695
1662135938815774208.000000 -0.029914666 0.031811014 0.095116951 -0.134012431 0.425416827 0.032876883 0.894416153
1662135938863775232.000000 -0.029824819 0.031800203 0.095168412 -0.136965737 0.425732940 0.035067622 0.893734932
1662135938905776384.000000 -0.029708214 0.031817514 0.095219187 -0.133433715 0.424377114 0.033578686 0.894970357
1662135938953777408.000000 -0.029710162 0.031812273 0.095221072 -0.133921087 0.424306095 0.033683788 0.894927382
1662135939001778432.000000 -0.029501520 0.031797133 0.095347844 -0.135004491 0.423928231 0.034175646 0.894924998
1662135939043779072.000000 -0.029455353 0.031826235 0.095403977 -0.133330151 0.425840676 0.031657364 0.894360483
1662135939094780160.000000 -0.029310647 0.031789348 0.095494777 -0.135774538 0.424941897 0.034349799 0.894320846
1662135939142781184.000000 -0.029227737 0.031813189 0.095544718 -0.134192035 0.425577164 0.033561543 0.894287586
1662135939187782400.000000 -0.029135033 0.031809330 0.095611140 -0.136889175 0.425491959 0.035732359 0.893835068
1662135939235783424.000000 -0.029046521 0.031809904 0.095665112 -0.134849474 0.427071810 0.037169192 0.893332958
1662135939274784000.000000 -0.028968662 0.031811245 0.095723480 -0.136453867 0.425977081 0.036379557 0.893644452
1662135939322785024.000000 -0.028941937 0.031803340 0.095748872 -0.136133283 0.426837713 0.036846228 0.893263578
1662135939367786240.000000 -0.028835356 0.031807560 0.095821112 -0.134030744 0.426522672 0.036095031 0.893762469
1662135939409786880.000000 -0.028736882 0.031815186 0.095851451 -0.132429615 0.426321089 0.039103422 0.893970788
1662135939460787968.000000 -0.028649941 0.031822313 0.095943972 -0.132183939 0.426646054 0.037205119 0.893933058
1662135939502789120.000000 -0.028603107 0.031846084 0.096021429 -0.132818013 0.430231452 0.035756525 0.892178118
1662135939541789696.000000 -0.028506111 0.031849299 0.096080661 -0.132748261 0.428895593 0.037562065 0.892757297
1662135939592790784.000000 -0.028418981 0.031842891 0.096100383 -0.130738243 0.427315772 0.041509368 0.893636227
1662135939637792000.000000 -0.028379012 0.031834088 0.096190363 -0.131275773 0.429434955 0.038271379 0.892685652
1662135939688792832.000000 -0.028316054 0.031830251 0.096236095 -0.129506826 0.430361599 0.041332114 0.892361283
1662135939736794112.000000 -0.028258294 0.031855728 0.096301734 -0.129182070 0.430976868 0.039042030 0.892214477
1662135939778794752.000000 -0.028238662 0.031866062 0.096302614 -0.124304846 0.431150198 0.039861724 0.892787218
1662135939820795648.000000 -0.028167225 0.031859711 0.096388720 -0.128479362 0.432173878 0.040540338 0.891669989
1662135939865796864.000000 -0.028115492 0.031873222 0.096429966 -0.128004938 0.433262438 0.041405465 0.891170084
1662135939919798016.000000 -0.028051924 0.031875990 0.096510306 -0.129805401 0.434427828 0.042247858 0.890302300
1662135939961798656.000000 -0.028015442 0.031886358 0.096559569 -0.128250748 0.435870796 0.042410500 0.889814496
1662135940006799616.000000 -0.027955793 0.031895846 0.096616954 -0.129136384 0.436391652 0.043162253 0.889394820
1662135940045800448.000000 -0.027923193 0.031904574 0.096654102 -0.126875609 0.437606901 0.043186113 0.889121950
1662135940093801472.000000 -0.027869653 0.031908602 0.096709892 -0.126678616 0.438394666 0.044722997 0.888685822
1662135940135802624.000000 -0.027834363 0.031913422 0.096766487 -0.129005790 0.440997571 0.045371853 0.887028813
1662135940180803584.000000 -0.027781695 0.031921830 0.096842021 -0.126866236 0.441870809 0.045429524 0.886899829
1662135940228804352.000000 -0.027733527 0.031930521 0.096902512 -0.127791315 0.443941176 0.046460897 0.885678828
1662135940282805760.000000 -0.027692240 0.031942509 0.096959971 -0.126594916 0.444782794 0.047315676 0.885383070
1662135940327806464.000000 -0.027649324 0.031951103 0.097025968 -0.125314578 0.446633786 0.048242852 0.884583056
1662135940372807424.000000 -0.027599674 0.031953178 0.097096995 -0.124492593 0.448847204 0.049453098 0.883511245
1662135940426808576.000000 -0.027567957 0.031962167 0.097149745 -0.124218881 0.450662941 0.050342724 0.882574797
1662135940468809728.000000 -0.027528618 0.031971995 0.097218163 -0.124746807 0.452281266 0.050849393 0.881642938
1662135940510810368.000000 -0.027499884 0.031967536 0.097267643 -0.124644130 0.454023600 0.051822897 0.880704761
1662135940552811264.000000 -0.027465764 0.031983912 0.097325869 -0.123205170 0.455896407 0.052571796 0.879894972
1662135940603812352.000000 -0.027428716 0.032003157 0.097380929 -0.121590994 0.457446247 0.052966904 0.879291296
1662135940642813184.000000 -0.027397543 0.032006733 0.097440340 -0.125303730 0.459217280 0.054312874 0.877763391
1662135940681814272.000000 -0.027368348 0.032010168 0.097503647 -0.124536991 0.461702257 0.055070795 0.876520872
1662135940723814912.000000 -0.027333960 0.032025654 0.097556777 -0.122763455 0.462736398 0.055720109 0.876184583
1662135940765816064.000000 -0.027318723 0.032032326 0.097599998 -0.123480715 0.464718014 0.056263834 0.874999464
1662135940807816704.000000 -0.027278256 0.032042045 0.097660527 -0.121907458 0.466461599 0.057552066 0.874208152
1662135940849817856.000000 -0.027249113 0.032046560 0.097724795 -0.121557258 0.467902720 0.059216488 0.873375237
1662135940888818432.000000 -0.027215570 0.032053888 0.097777545 -0.121239126 0.469187707 0.060394466 0.872649193
1662135940930819584.000000 -0.027201038 0.032062601 0.097820960 -0.120967142 0.471268713 0.060100611 0.871585131
1662135940978820608.000000 -0.027159967 0.032085054 0.097893253 -0.121233411 0.473141700 0.061675381 0.870422602
1662135941023821312.000000 -0.027154475 0.032092102 0.097914912 -0.120065302 0.473934442 0.061698224 0.870151639
1662135941065822464.000000 -0.027111687 0.032108162 0.098006032 -0.120427959 0.476606697 0.063521951 0.868509173
1662135941107823104.000000 -0.027075741 0.032112673 0.098064117 -0.119286716 0.477972180 0.064856984 0.867817283
1662135941149824256.000000 -0.027047541 0.032136757 0.098112859 -0.117198899 0.479667634 0.065586209 0.867111206
1662135941188824832.000000 -0.027032711 0.032141220 0.098155603 -0.118038505 0.480587691 0.065655529 0.866482437
1662135941233826048.000000 -0.026999414 0.032155115 0.098206520 -0.116840757 0.481494755 0.067468092 0.866001785
1662135941281827072.000000 -0.026969519 0.032191612 0.098285839 -0.114895537 0.484197825 0.067783639 0.864729404
1662135941323827712.000000 -0.026956901 0.032189433 0.098319829 -0.115302354 0.484778434 0.068178445 0.864318788
1662135941365828864.000000 -0.026924521 0.032197721 0.098384775 -0.115787849 0.486184329 0.070611835 0.863268197
1662135941413829888.000000 -0.026904676 0.032207813 0.098434255 -0.115764588 0.487550765 0.071105488 0.862459779
1662135941455830528.000000 -0.026875149 0.032231141 0.098472089 -0.114278585 0.488061756 0.071711242 0.862318814
1662135941500831488.000000 -0.026859920 0.032224901 0.098553106 -0.114909098 0.490601391 0.073507495 0.860641003
1662135941542832384.000000 -0.026830614 0.032244831 0.098598137 -0.114402607 0.490879446 0.074848242 0.860434294
1662135941581833472.000000 -0.026811305 0.032262895 0.098639257 -0.112154528 0.492082208 0.075628430 0.859974861
1662135941623834112.000000 -0.026796963 0.032259703 0.098712884 -0.113525927 0.494355142 0.076634116 0.858400941
1662135941665835264.000000 -0.026776150 0.032277737 0.098754384 -0.114612110 0.495240450 0.076969109 0.857716084
1662135941707835904.000000 -0.026764646 0.032281518 0.098794967 -0.114843011 0.496194452 0.076984383 0.857132196
1662135941746836992.000000 -0.026740771 0.032286573 0.098860189 -0.113240764 0.497293442 0.079333209 0.856494009
1662135941791837696.000000 -0.026721444 0.032295760 0.098905034 -0.112741403 0.498357624 0.081751391 0.855713665
1662135941833838592.000000 -0.026708219 0.032294985 0.098940849 -0.114249527 0.498714894 0.081934199 0.855287850
1662135941878839808.000000 -0.026694454 0.032310683 0.098995581 -0.114991128 0.500109434 0.082103118 0.854357481
1662135941929840896.000000 -0.026672758 0.032317825 0.099049509 -0.113695383 0.501163661 0.082916617 0.853834450
1662135941977841920.000000 -0.026647810 0.032344360 0.099110901 -0.112117916 0.501667976 0.082955912 0.853743017
1662135942025842944.000000 -0.026620552 0.032345686 0.099190757 -0.112821877 0.503693163 0.085300483 0.852225482
1662135942061843712.000000 -0.026593044 0.032352049 0.099225782 -0.113355301 0.503531456 0.086469904 0.852132380
1662135942103844352.000000 -0.026584387 0.032371424 0.099263586 -0.114196524 0.504208803 0.086603813 0.851605833
1662135942145845504.000000 -0.026562043 0.032380469 0.099335261 -0.112779945 0.504881024 0.087612413 0.851293087
1662135942199846400.000000 -0.026556946 0.032387622 0.099361628 -0.111916713 0.505582333 0.088487908 0.850900173
1662135942247847680.000000 -0.026525237 0.032392025 0.099426754 -0.115528435 0.506067932 0.089820623 0.849988699
1662135942292848640.000000 -0.026493695 0.032409754 0.099509574 -0.113312207 0.506543279 0.090027861 0.849981964
1662135942334849280.000000 -0.026474684 0.032419961 0.099551931 -0.113506846 0.506612778 0.090775855 0.849835038
1662135942388850432.000000 -0.026450872 0.032426409 0.099613391 -0.113390386 0.507386446 0.091649704 0.849295020
1662135942433851392.000000 -0.026428901 0.032426894 0.099679023 -0.114262871 0.507720947 0.092772305 0.848856151
1662135942478852608.000000 -0.026408814 0.032422967 0.099721685 -0.116908200 0.507544756 0.094192542 0.848444879
1662135942520853248.000000 -0.026391309 0.032436907 0.099759072 -0.115770996 0.507367849 0.094306089 0.848693967
1662135942562854400.000000 -0.026362181 0.032447729 0.099823706 -0.115207836 0.507687032 0.094943322 0.848508656
1662135942613855488.000000 -0.026346520 0.032437265 0.099861369 -0.117692597 0.507301569 0.095524400 0.848332942
1662135942658856448.000000 -0.026326727 0.032450575 0.099902533 -0.115886554 0.507247031 0.096243724 0.848532856
1662135942700857088.000000 -0.026308376 0.032462880 0.099965625 -0.117426194 0.508280516 0.097058490 0.847609401
1662135942751858176.000000 -0.026278272 0.032466758 0.100022301 -0.116841160 0.507380307 0.098217890 0.848095953
1662135942793859328.000000 -0.026259199 0.032477178 0.100071780 -0.116124153 0.507711172 0.098858848 0.847921968
1662135942835859968.000000 -0.026240770 0.032490298 0.100120753 -0.115173697 0.507986009 0.099115044 0.847856998
1662135942883860992.000000 -0.026212361 0.032492839 0.100164466 -0.116450429 0.506993115 0.099489853 0.848232985
1662135942925862144.000000 -0.026188280 0.032504432 0.100215845 -0.118153840 0.506475449 0.100092821 0.848235667
1662135942967862784.000000 -0.026175208 0.032510106 0.100247420 -0.117118657 0.506086111 0.100437343 0.848570824
1662135943006863872.000000 -0.026141878 0.032524258 0.100299180 -0.115687117 0.505202532 0.100145474 0.849327862
1662135943048864512.000000 -0.026130341 0.032522708 0.100326695 -0.118219711 0.504743934 0.101027481 0.849147379
1662135943093865728.000000 -0.026101511 0.032546867 0.100367025 -0.116002753 0.503233373 0.100681327 0.850389838
1662135943138866432.000000 -0.026085544 0.032530271 0.100425050 -0.116685562 0.504530132 0.102099329 0.849358320
1662135943186867456.000000 -0.026056670 0.032539412 0.100469321 -0.117403232 0.502957106 0.102108151 0.850190938
1662135943234868480.000000 -0.026022423 0.032546628 0.100500599 -0.117089838 0.500989377 0.102196723 0.851384401
1662135943276869632.000000 -0.025990918 0.032547340 0.100569718 -0.116954930 0.501404941 0.102689505 0.851099014
1662135943321870336.000000 -0.025960777 0.032538667 0.100611240 -0.118725546 0.499777168 0.103316218 0.851735234
1662135943369871360.000000 -0.025939401 0.032541186 0.100639969 -0.118161634 0.498826295 0.103105940 0.852396250
1662135943408872448.000000 -0.025914472 0.032573551 0.100691177 -0.116231494 0.498812288 0.102732778 0.852714837
1662135943456873472.000000 -0.025884748 0.032573454 0.100732490 -0.116653621 0.497476101 0.103900567 0.853296041
1662135943501874176.000000 -0.025883775 0.032560185 0.100746147 -0.118259586 0.497882783 0.104684807 0.852741778
1662135943543875328.000000 -0.025840878 0.032582942 0.100803025 -0.119651720 0.495572716 0.105969980 0.853733897
1662135943582875904.000000 -0.025807273 0.032568958 0.100844309 -0.119870514 0.494696110 0.105618328 0.854255021
1662135943627877120.000000 -0.025767248 0.032575030 0.100890361 -0.119139433 0.493003130 0.104977727 0.855414152
1662135943669877760.000000 -0.025747571 0.032578703 0.100920737 -0.120172381 0.492069095 0.105522819 0.855740368
1662135943720878848.000000 -0.025707524 0.032571059 0.100972347 -0.121848524 0.490989119 0.105433248 0.856134593
1662135943762879744.000000 -0.025683496 0.032581784 0.101002596 -0.122191943 0.490509808 0.106386416 0.856242478
1662135943804880896.000000 -0.025651157 0.032573171 0.101020478 -0.121431619 0.488240659 0.105136603 0.857800543
1662135943849881600.000000 -0.025617048 0.032590300 0.101055562 -0.118967913 0.486444920 0.105560213 0.859112918
1662135943894882560.000000 -0.025568396 0.032575138 0.101114228 -0.121274069 0.485522419 0.105996341 0.859258592
1662135943945883648.000000 -0.025544927 0.032572474 0.101137489 -0.121597014 0.484530985 0.106286421 0.859736681
1662135943996884736.000000 -0.025486711 0.032572601 0.101199001 -0.122553319 0.482513934 0.106263861 0.860737503
1662135944038885888.000000 -0.025456749 0.032575451 0.101226389 -0.121274807 0.481809467 0.104981445 0.861470222
1662135944083886592.000000 -0.025423009 0.032576431 0.101260692 -0.122736782 0.480548054 0.105222657 0.861938179
1662135944134887680.000000 -0.025383815 0.032585390 0.101290196 -0.120298944 0.479171932 0.104272358 0.863162637
1662135944182888704.000000 -0.025331944 0.032572288 0.101331115 -0.122112431 0.477635682 0.103738785 0.863823473
1662135944224889856.000000 -0.025301043 0.032561429 0.101367228 -0.124326721 0.477182806 0.105165020 0.863585472
1662135944275890944.000000 -0.025250267 0.032558113 0.101403564 -0.123191215 0.475599229 0.104187876 0.864739418
1662135944317891584.000000 -0.025218349 0.032552321 0.101430543 -0.125610456 0.474708259 0.105358779 0.864739060
1662135944362892544.000000 -0.025170937 0.032558061 0.101460911 -0.123156138 0.473237872 0.103787482 0.866086960
1662135944410893568.000000 -0.025138840 0.032558128 0.101486765 -0.122648418 0.472688526 0.103604540 0.866480887
1662135944452894464.000000 -0.025086585 0.032539472 0.101530522 -0.124748878 0.472029924 0.103511557 0.866551101
1662135944497895424.000000 -0.025035799 0.032527018 0.101563379 -0.125107229 0.470594198 0.103196494 0.867317557
1662135944551896576.000000 -0.024980992 0.032524113 0.101604879 -0.125520796 0.469729006 0.103518762 0.867688417
1662135944593897472.000000 -0.024940033 0.032528989 0.101611122 -0.123294123 0.467697769 0.102710105 0.869199634
1662135944635898624.000000 -0.024890471 0.032509811 0.101653874 -0.124997221 0.467502981 0.102329098 0.869106114
1662135944680899328.000000 -0.024842955 0.032510605 0.101672813 -0.124264695 0.465809464 0.102197267 0.870135367
1662135944731900416.000000 -0.024784617 0.032494985 0.101703458 -0.126183242 0.464530528 0.102451891 0.870512962
1662135944776901376.000000 -0.024730891 0.032491330 0.101721697 -0.125975162 0.462590545 0.100750729 0.871773779
1662135944824902656.000000 -0.024677865 0.032485873 0.101753116 -0.125324175 0.462361932 0.101517670 0.871899903
1662135944878903552.000000 -0.024656869 0.032477088 0.101766728 -0.127631277 0.461878508 0.102931328 0.871655703
1662135944923904768.000000 -0.024565857 0.032467663 0.101814963 -0.125896201 0.461227894 0.102303229 0.872326255
1662135944965905408.000000 -0.024515875 0.032479405 0.101823114 -0.123370498 0.459521353 0.100526400 0.873793066
1662135945010906368.000000 -0.024518907 0.032452166 0.101838455 -0.127336204 0.460768431 0.101162530 0.872493088
1662135945058907392.000000 -0.024401780 0.032436065 0.101892829 -0.127784327 0.459006101 0.099270120 0.873573184
1662135945100908288.000000 -0.024355646 0.032423764 0.101914033 -0.130098790 0.459010124 0.101983823 0.872916639
1662135945142909184.000000 -0.024299044 0.032402150 0.101949498 -0.131207258 0.460424244 0.100414366 0.872187555
1662135945190910464.000000 -0.024250593 0.032391429 0.101964414 -0.132297695 0.459722251 0.099315353 0.872518897
1662135945235911424.000000 -0.024184491 0.032380350 0.101997808 -0.132788405 0.460117877 0.102227628 0.871899307
1662135945289912576.000000 -0.024109907 0.032387692 0.102005810 -0.129940525 0.458511680 0.100727834 0.873347819
1662135945331913216.000000 -0.024062149 0.032380171 0.102048598 -0.133904085 0.459681869 0.101247258 0.872072995
1662135945376914176.000000 -0.024000499 0.032368034 0.102053620 -0.132663816 0.459166288 0.098814212 0.872812986
1662135945421915392.000000 -0.023940817 0.032406718 0.102080226 -0.126200184 0.460191756 0.096449263 0.873495638
1662135945466916096.000000 -0.023895670 0.032394666 0.102081858 -0.126004755 0.459146976 0.096106008 0.874111295
1662135945508916992.000000 -0.023820192 0.032395467 0.102123298 -0.125248834 0.461265683 0.094610117 0.873267233
1662135945550918144.000000 -0.023774587 0.032380249 0.102139279 -0.124721505 0.462633669 0.096484393 0.872413635
1662135945595918848.000000 -0.023710698 0.032355070 0.102166124 -0.125740036 0.462381870 0.094555736 0.872612000
1662135945634919936.000000 -0.023674585 0.032360017 0.102175809 -0.122194730 0.463448972 0.094551966 0.872550011
1662135945679920640.000000 -0.023604456 0.032338046 0.102204353 -0.125131965 0.464151233 0.093342252 0.871890366
1662135945727921664.000000 -0.023547433 0.032324322 0.102229916 -0.126593426 0.465780884 0.094316110 0.870704770
1662135945775922688.000000 -0.023478176 0.032301143 0.102262594 -0.127576277 0.466825873 0.092598513 0.870185852
1662135945817923840.000000 -0.023425005 0.032294750 0.102259278 -0.124080211 0.466644764 0.092718914 0.870775521
1662135945862924544.000000 -0.023408752 0.032289129 0.102256693 -0.124550693 0.466132253 0.093962446 0.870849550
1662135945904925696.000000 -0.023397334 0.032283731 0.102257386 -0.122708872 0.465970904 0.091595262 0.871449411
1662135945949926656.000000 -0.023346517 0.032313190 0.102323472 -0.123348787 0.470822722 0.088104606 0.869107962
1662135945991927296.000000 -0.023343690 0.032304324 0.102324039 -0.124029547 0.469712287 0.086167559 0.869805872
1662135946036928512.000000 -0.023266129 0.032334793 0.102366760 -0.120847292 0.473749429 0.084426284 0.868233681
1662135946081929216.000000 -0.023232371 0.032343950 0.102381855 -0.120345429 0.475025773 0.084040739 0.867643178
1662135946123930112.000000 -0.023202717 0.032331802 0.102386698 -0.121327676 0.475308985 0.083004892 0.867450953
1662135946165931264.000000 -0.023178481 0.032327317 0.102388889 -0.122709058 0.475433022 0.082778312 0.867210269
1662135946216932352.000000 -0.023163471 0.032318562 0.102396511 -0.123205103 0.476271361 0.081092864 0.866839111
1662135946261933056.000000 -0.023153350 0.032295745 0.102382235 -0.123869941 0.474818587 0.079570286 0.867682099
1662135946306934016.000000 -0.023147535 0.032308742 0.102391921 -0.121188432 0.476774335 0.078100033 0.867121696
1662135946351935232.000000 -0.023145225 0.032305904 0.102393948 -0.122669451 0.477443039 0.075479768 0.866777480
1662135946393935872.000000 -0.023136992 0.032306343 0.102389291 -0.120582864 0.477169573 0.074667230 0.867291033
1662135946438936832.000000 -0.023121048 0.032304637 0.102388084 -0.119052306 0.477233291 0.073577099 0.867560565
1662135946477937664.000000 -0.023121454 0.032303210 0.102389082 -0.119864866 0.478693306 0.071268663 0.866836786
1662135946519938816.000000 -0.023108579 0.032303713 0.102385052 -0.119125165 0.478494942 0.073065065 0.866898715
1662135946564939776.000000 -0.023088593 0.032302067 0.102380984 -0.122112170 0.479131103 0.069350556 0.866436720
1662135946609940480.000000 -0.023092352 0.032307453 0.102381393 -0.117229484 0.480221123 0.067668818 0.866640627
1662135946651941632.000000 -0.023086037 0.032312490 0.102379806 -0.114989348 0.481509209 0.065400995 0.866400063
1662135946690942208.000000 -0.023077048 0.032307975 0.102376819 -0.117363676 0.480629057 0.064767689 0.866617918
1662135946735943424.000000 -0.023070503 0.032309216 0.102375433 -0.116467819 0.481729418 0.062522404 0.866292715
1662135946783944448.000000 -0.023063216 0.032306217 0.102373794 -0.114417732 0.482182920 0.060766324 0.866438508
1662135946825945088.000000 -0.023054544 0.032303706 0.102372430 -0.115555808 0.482889354 0.059839409 0.865958393
1662135946867946240.000000 -0.023049999 0.032303236 0.102373861 -0.115681402 0.483902752 0.057733603 0.865518808
1662135946918947328.000000 -0.023047287 0.032300927 0.102370754 -0.115107149 0.484352261 0.055466793 0.865492165
1662135946963948288.000000 -0.023045972 0.032300726 0.102365881 -0.112415925 0.484183997 0.053745020 0.866048515
1662135947005948928.000000 -0.023046754 0.032300472 0.102363914 -0.109712809 0.485504746 0.051431403 0.865796268
1662135947047950080.000000 -0.023047104 0.032297991 0.102356173 -0.106329039 0.484530866 0.050674394 0.866808057
1662135947095950848.000000 -0.023049124 0.032295227 0.102345012 -0.102563873 0.483711064 0.050183121 0.867747664
1662135947134951936.000000 -0.023054738 0.032288704 0.102332398 -0.094247937 0.482582748 0.051425982 0.869244874
1662135947188952832.000000 -0.023038447 0.032286331 0.102343082 -0.103294320 0.485616058 0.047303777 0.866758108
1662135947236953856.000000 -0.023033760 0.032279629 0.102340065 -0.107523873 0.485755354 0.045094199 0.866283417
1662135947278954752.000000 -0.023031596 0.032279663 0.102340251 -0.106091216 0.486335576 0.042267382 0.866277099
1662135947320955648.000000 -0.023026120 0.032281540 0.102338739 -0.107523851 0.486381263 0.041373119 0.866117954
1662135947368956928.000000 -0.023023877 0.032278452 0.102337375 -0.105233505 0.485897064 0.040205933 0.866725683
1662135947410957568.000000 -0.023019429 0.032279555 0.102337070 -0.105837122 0.486403555 0.038904339 0.866427481
1662135947452958464.000000 -0.023016889 0.032280706 0.102335848 -0.099167645 0.487037092 0.037880179 0.866905868
1662135947494959360.000000 -0.023015920 0.032279968 0.102335379 -0.101286650 0.486376643 0.033301134 0.867219567
1662135947539960320.000000 -0.023012772 0.032279886 0.102335326 -0.101759836 0.487716228 0.033589453 0.866400361
1662135947578961408.000000 -0.023011643 0.032281511 0.102334842 -0.097720228 0.487652063 0.028059242 0.867098033
1662135947623962112.000000 -0.023011547 0.032282040 0.102334917 -0.096244007 0.488025844 0.025699290 0.867126048
1662135947665963264.000000 -0.023006890 0.032282181 0.102333985 -0.095137984 0.487451017 0.024546377 0.867604673
1662135947716964352.000000 -0.023002151 0.032281037 0.102332935 -0.093937159 0.486595929 0.023345958 0.868248403
1662135947758964992.000000 -0.023000792 0.032280277 0.102332860 -0.094067499 0.486506373 0.020933392 0.868345976
1662135947800966144.000000 -0.022999644 0.032280542 0.102332681 -0.090478599 0.485310256 0.016323308 0.869494796
1662135947842966784.000000 -0.022996385 0.032281473 0.102331914 -0.086998783 0.484589309 0.013804913 0.870295227
1662135947890967808.000000 -0.022993870 0.032282408 0.102331340 -0.083011478 0.483794302 0.010675990 0.871170580
1662135947941968896.000000 -0.022991091 0.032282755 0.102332354 -0.082901858 0.485813856 0.007448360 0.870090067
1662135947989969920.000000 -0.022988912 0.032283202 0.102332532 -0.082313560 0.485914797 0.004698893 0.870108783
1662135948031971072.000000 -0.022986095 0.032283541 0.102332428 -0.077680185 0.484897673 0.000644410 0.871114075
1662135948079972096.000000 -0.022984911 0.032283753 0.102332458 -0.075303182 0.484591901 -0.001907388 0.871491015
1662135948121972736.000000 -0.022981811 0.032284420 0.102332629 -0.073875591 0.484182984 -0.003738114 0.871834397
1662135948163973888.000000 -0.022979736 0.032284535 0.102332518 -0.071475722 0.483870745 -0.006324753 0.872192860
1662135948211974912.000000 -0.022979449 0.032284662 0.102332801 -0.070621923 0.483758718 -0.007491277 0.872315288
1662135948253975552.000000 -0.022975650 0.032285172 0.102332860 -0.067741565 0.480520755 -0.011422214 0.874288619
1662135948292976384.000000 -0.022972438 0.032285705 0.102333337 -0.064152934 0.480786771 -0.016041296 0.874340475
1662135948337977344.000000 -0.022970781 0.032285944 0.102333426 -0.061658029 0.479499161 -0.020020159 0.875144601
1662135948382978560.000000 -0.022967689 0.032286007 0.102333784 -0.059905257 0.477860391 -0.022769567 0.876094937
1662135948430979584.000000 -0.022965655 0.032286316 0.102334090 -0.056308746 0.476218075 -0.027441422 0.877093315
1662135948472980224.000000 -0.022963267 0.032286428 0.102334395 -0.057772145 0.474632859 -0.028409094 0.877826273
1662135948514981376.000000 -0.022961475 0.032286435 0.102334797 -0.057500545 0.474402785 -0.031625353 0.877858520
1662135948553981952.000000 -0.022959393 0.032286987 0.102335185 -0.053348660 0.472318202 -0.034129661 0.879149914
1662135948595983104.000000 -0.022959255 0.032287221 0.102335155 -0.053650148 0.471230358 -0.036336903 0.879626811
1662135948637983744.000000 -0.022956267 0.032287512 0.102336064 -0.050949026 0.469643414 -0.038900599 0.880526006
1662135948685984768.000000 -0.022954524 0.032288045 0.102337062 -0.050013632 0.472003639 -0.040685616 0.879235983
1662135948730985984.000000 -0.022953093 0.032288406 0.102337226 -0.047803052 0.469120830 -0.041466907 0.880863786
1662135948772986624.000000 -0.022950787 0.032289091 0.102338880 -0.045917548 0.470222980 -0.045889106 0.880156934
1662135948814987776.000000 -0.022950388 0.032289352 0.102338955 -0.044770434 0.468929619 -0.046379495 0.880879998
1662135948856988416.000000 -0.022949304 0.032289170 0.102338955 -0.043170076 0.467358530 -0.047503263 0.881734610
1662135948895989504.000000 -0.022947658 0.032290135 0.102340244 -0.039568804 0.467489898 -0.051923119 0.881584704
1662135948937990144.000000 -0.022946618 0.032290474 0.102341093 -0.038478117 0.468331248 -0.052471865 0.881153882
1662135948982991104.000000 -0.022945259 0.032290846 0.102341339 -0.034512755 0.466573864 -0.054014746 0.882156491
1662135949033992192.000000 -0.022944026 0.032291502 0.102342099 -0.031485815 0.465393990 -0.057090182 0.882699192
1662135949078993408.000000 -0.022943128 0.032291915 0.102342211 -0.029272877 0.464324892 -0.059079967 0.883207321
1662135949120994048.000000 -0.022942390 0.032292020 0.102343522 -0.028060216 0.465700835 -0.061020788 0.882389903
1662135949174995456.000000 -0.022941891 0.032292657 0.102343909 -0.025512179 0.464334697 -0.067454875 0.882718682
1662135949216996096.000000 -0.022941627 0.032293011 0.102344304 -0.024713289 0.464142919 -0.071405217 0.882531583
1662135949261997312.000000 -0.022940174 0.032293692 0.102344707 -0.020799030 0.462285399 -0.073110223 0.883467317
1662135949306998016.000000 -0.022939742 0.032294530 0.102344938 -0.016131897 0.460637629 -0.076781034 0.884113967
1662135949348998912.000000 -0.022939358 0.032295581 0.102344938 -0.011506362 0.459115356 -0.081695594 0.884537518
1662135949394000128.000000 -0.022938494 0.032296613 0.102345385 -0.006889894 0.457415104 -0.085365139 0.885119677
1662135949439000832.000000 -0.022937883 0.032296073 0.102345720 -0.008848851 0.455228388 -0.086304821 0.886137903
1662135949481001728.000000 -0.022937551 0.032296129 0.102345794 -0.009374828 0.453010768 -0.088731766 0.887028813
1662135949529003008.000000 -0.022936556 0.032296523 0.102346450 -0.006779809 0.450979590 -0.088485211 0.888111353
1662135949568003584.000000 -0.022936042 0.032296527 0.102346629 -0.005084723 0.448524833 -0.088216089 0.889391720
1662135949616004608.000000 -0.022935715 0.032296371 0.102346666 -0.004043579 0.446025997 -0.087983228 0.890675902
1662135949667005696.000000 -0.022934701 0.032296821 0.102347240 -0.004157549 0.443127722 -0.089634903 0.891956329
1662135949709006848.000000 -0.022934068 0.032296810 0.102347590 -0.004041177 0.439367831 -0.092006922 0.893573940
1662135949754007552.000000 -0.022933461 0.032297023 0.102348097 -0.003926117 0.435597271 -0.094378583 0.895171702
1662135949796008704.000000 -0.022932999 0.032297183 0.102348380 -0.002226415 0.432967335 -0.096291929 0.896248937
1662135949838009344.000000 -0.022932544 0.032297280 0.102348574 -0.002109664 0.429197848 -0.098664194 0.897802949
1662135949886010368.000000 -0.022932038 0.032297384 0.102349043 -0.002581053 0.425684035 -0.100359678 0.899285495
1662135949928011520.000000 -0.022931386 0.032297533 0.102349438 -0.002462558 0.421899170 -0.102726065 0.900801003
1662135949970012160.000000 -0.022931170 0.032297499 0.102349594 -0.002346469 0.418105334 -0.105090953 0.902296126
1662135950012013312.000000 -0.022930536 0.032297596 0.102349989 -0.002699590 0.412943393 -0.107238069 0.904417217
1662135950057014272.000000 -0.022930421 0.032297578 0.102350026 -0.003627892 0.411214679 -0.108496204 0.905051351
1662135950099014912.000000 -0.022929642 0.032297790 0.102350764 -0.006642944 0.404538691 -0.110225402 0.907829702
1662135950144016128.000000 -0.022929080 0.032297544 0.102351069 -0.009060688 0.398241371 -0.112156048 0.910353065
1662135950186016768.000000 -0.022928629 0.032297522 0.102351218 -0.012070075 0.391514748 -0.113874167 0.913018763
1662135950240018176.000000 -0.022927929 0.032297537 0.102351859 -0.014526171 0.385246336 -0.116099164 0.915366173
1662135950285018880.000000 -0.022927463 0.032297473 0.102352090 -0.017532857 0.378473938 -0.117806606 0.917917073
1662135950327020032.000000 -0.022927202 0.032297429 0.102352224 -0.020535985 0.371676892 -0.119505651 0.920409143
1662135950375021056.000000 -0.022926455 0.032297410 0.102352709 -0.023390861 0.364215821 -0.121192783 0.923099160
1662135950417021696.000000 -0.022926012 0.032297444 0.102353096 -0.026381401 0.357364923 -0.122879706 0.925470173
1662135950468022784.000000 -0.022925705 0.032297317 0.102353156 -0.029368846 0.350491196 -0.124558844 0.927781463
1662135950510023936.000000 -0.022925152 0.032297354 0.102353424 -0.031070581 0.343737990 -0.126311898 0.930012941
1662135950558024960.000000 -0.022924760 0.032297634 0.102353930 -0.034047771 0.336820304 -0.127986133 0.932208359
1662135950600025600.000000 -0.022924254 0.032297693 0.102354288 -0.037021279 0.329876333 -0.129653841 0.934345245
1662135950642026752.000000 -0.022924069 0.032297581 0.102354944 -0.040280648 0.323115706 -0.132043213 0.936236262
1662135950690027776.000000 -0.022923902 0.032297641 0.102355160 -0.043256748 0.316122830 -0.133693948 0.938254297
1662135950735028480.000000 -0.022923632 0.032297496 0.102355219 -0.046226710 0.309107989 -0.135337815 0.940212309
1662135950777029632.000000 -0.022923127 0.032297723 0.102355711 -0.049643725 0.296478599 -0.138923064 0.943576396
1662135950822030592.000000 -0.022922875 0.032297898 0.102355666 -0.052343041 0.284221113 -0.142919257 0.946600616
1662135950870031360.000000 -0.022922480 0.032298189 0.102355823 -0.055033162 0.271910429 -0.146891370 0.949452043
1662135950918032384.000000 -0.022921847 0.032298461 0.102355741 -0.054039713 0.264091492 -0.148721769 0.951429069
1662135950960033536.000000 -0.022921506 0.032298844 0.102356121 -0.055408634 0.252128631 -0.152718619 0.953959167
1662135951002034176.000000 -0.022921173 0.032299295 0.102356076 -0.056771524 0.240122214 -0.156692341 0.956329405
1662135951047035136.000000 -0.022920661 0.032299314 0.102356158 -0.061564393 0.225767270 -0.161374509 0.958747745
1662135951089036288.000000 -0.022920376 0.032299262 0.102356136 -0.066228099 0.211856484 -0.165898323 0.960837364
1662135951146037248.000000 -0.022920139 0.032299459 0.102356315 -0.070877574 0.197893441 -0.170382246 0.962696493
1662135951188038400.000000 -0.022919547 0.032299675 0.102356426 -0.075248241 0.184157789 -0.174713150 0.964312673
1662135951230039040.000000 -0.022919346 0.032299761 0.102356464 -0.079864070 0.170104742 -0.179115742 0.965714097
1662135951272040192.000000 -0.022918979 0.032299813 0.102356568 -0.084460177 0.156012326 -0.183474630 0.966883540
1662135951317040896.000000 -0.022918478 0.032300193 0.102356747 -0.088965312 0.141983986 -0.187732205 0.967823505
1662135951368041984.000000 -0.022918381 0.032299999 0.102356441 -0.093518421 0.127820179 -0.192001253 0.968530774
1662135951413042944.000000 -0.022918209 0.032300215 0.102356508 -0.098049916 0.113624871 -0.196222186 0.969005942
1662135951455044096.000000 -0.022917915 0.032300368 0.102356471 -0.102620877 0.099327572 -0.200416774 0.969245136
1662135951494044672.000000 -0.022917468 0.032300860 0.102356851 -0.107105970 0.085080840 -0.204540491 0.969253719
1662135951545045760.000000 -0.022917368 0.032301012 0.102356747 -0.111565299 0.070811130 -0.208613917 0.969030023
1662135951587046912.000000 -0.022917148 0.032301132 0.102356695 -0.115959592 0.056468766 -0.212612361 0.968586922
1662135951632047616.000000 -0.022917025 0.032301284 0.102356501 -0.120364375 0.042168282 -0.216584876 0.967897356
1662135951674048768.000000 -0.022916682 0.032301426 0.102356583 -0.124781035 0.027920140 -0.220526174 0.966963530
1662135951722049792.000000 -0.022916563 0.032301798 0.102356501 -0.129127875 0.013601339 -0.224392205 0.965810120
1662135951770050816.000000 -0.022916351 0.032302223 0.102356486 -0.133404762 -0.000783651 -0.228184789 0.964434743
1662135951815051520.000000 -0.022916146 0.032302476 0.102356389 -0.137691855 -0.015104097 -0.231974751 0.962808728
1662135951860052480.000000 -0.022916134 0.032302558 0.102356173 -0.141943261 -0.029423473 -0.235677212 0.960959196
1662135951902053632.000000 -0.022916107 0.032302335 0.102355577 -0.146161243 -0.043736167 -0.239322647 0.958878934
1662135951944054272.000000 -0.022915836 0.032302938 0.102355793 -0.150254965 -0.057956759 -0.242912650 0.956586599
1662135951986055424.000000 -0.022915669 0.032303173 0.102355726 -0.154403016 -0.072246499 -0.246442124 0.954047382
1662135952028056064.000000 -0.022915510 0.032303389 0.102355525 -0.158516213 -0.086519480 -0.249910727 0.951278925
1662135952067056896.000000 -0.022915412 0.032303013 0.102354914 -0.162597328 -0.100789107 -0.253308237 0.948281944
1662135952112057856.000000 -0.022915564 0.032303818 0.102354623 -0.162597537 -0.100789346 -0.253308117 0.948281884
1662135952112057856.000000 -0.022915564 0.032303818 0.102354623 -0.162597537 -0.100789346 -0.253308117 0.948281884
1662135952112057856.000000 -0.022915564 0.032303818 0.102354623 -0.162597537 -0.100789346 -0.253308117 0.948281884
1662135952112057856.000000 -0.022915564 0.032303818 0.102354623 -0.162597537 -0.100789346 -0.253308117 0.948281884
1662135952112057856.000000 -0.022915564 0.032303818 0.102354623 -0.162597537 -0.100789346 -0.253308117 0.948281884
1662135952112057856.000000 -0.022915564 0.032303818 0.102354623 -0.162597537 -0.100789346 -0.253308117 0.948281884
1662135952112057856.000000 -0.022915564 0.032303818 0.102354623 -0.162597537 -0.100789346 -0.253308117 0.948281884
1662135952112057856.000000 -0.022915564 0.032303818 0.102354623 -0.162597537 -0.100789346 -0.253308117 0.948281884
1662135952112057856.000000 -0.022915564 0.032303818 0.102354623 -0.162597537 -0.100789346 -0.253308117 0.948281884
1662135952112057856.000000 -0.022915564 0.032303818 0.102354623 -0.162597537 -0.100789346 -0.253308117 0.948281884
1662135952112057856.000000 -0.022915564 0.032303818 0.102354623 -0.162597537 -0.100789346 -0.253308117 0.948281884
1662135952112057856.000000 -0.022915564 0.032303818 0.102354623 -0.162597537 -0.100789346 -0.253308117 0.948281884
1662135952112057856.000000 -0.022915564 0.032303818 0.102354623 -0.162597537 -0.100789346 -0.253308117 0.948281884
1662135952112057856.000000 -0.022915564 0.032303818 0.102354623 -0.162597537 -0.100789346 -0.253308117 0.948281884
1662135952112057856.000000 -0.022915564 0.032303818 0.102354623 -0.162597537 -0.100789346 -0.253308117 0.948281884
1662135952112057856.000000 -0.022915564 0.032303818 0.102354623 -0.162597537 -0.100789346 -0.253308117 0.948281884
1662135952112057856.000000 -0.022915564 0.032303818 0.102354623 -0.162597537 -0.100789346 -0.253308117 0.948281884
1662135952112057856.000000 -0.022915564 0.032303818 0.102354623 -0.162597537 -0.100789346 -0.253308117 0.948281884
1662135952112057856.000000 -0.022915564 0.032303818 0.102354623 -0.162597537 -0.100789346 -0.253308117 0.948281884
1662135952112057856.000000 -0.022915564 0.032303818 0.102354623 -0.162597537 -0.100789346 -0.253308117 0.948281884
1662135952112057856.000000 -0.022915564 0.032303818 0.102354623 -0.162597537 -0.100789346 -0.253308117 0.948281884
1662135952112057856.000000 -0.022915564 0.032303818 0.102354623 -0.162597537 -0.100789346 -0.253308117 0.948281884
1662135952112057856.000000 -0.022915564 0.032303818 0.102354623 -0.162597537 -0.100789346 -0.253308117 0.948281884
1662135952112057856.000000 -0.022915564 0.032303818 0.102354623 -0.162597537 -0.100789346 -0.253308117 0.948281884
1662135952112057856.000000 -0.022915564 0.032303818 0.102354623 -0.162597537 -0.100789346 -0.253308117 0.948281884
1662135952112057856.000000 -0.022915564 0.032303818 0.102354623 -0.162597537 -0.100789346 -0.253308117 0.948281884
1662135952112057856.000000 -0.022915564 0.032303818 0.102354623 -0.162597537 -0.100789346 -0.253308117 0.948281884
1662135952112057856.000000 -0.022915564 0.032303818 0.102354623 -0.162597537 -0.100789346 -0.253308117 0.948281884
1662135952112057856.000000 -0.022915564 0.032303818 0.102354623 -0.162597537 -0.100789346 -0.253308117 0.948281884
1662135952112057856.000000 -0.022915564 0.032303818 0.102354623 -0.162597537 -0.100789346 -0.253308117 0.948281884
1662135952112057856.000000 -0.022915564 0.032303818 0.102354623 -0.162597537 -0.100789346 -0.253308117 0.948281884
1662135952112057856.000000 -0.022915564 0.032303818 0.102354623 -0.162597537 -0.100789346 -0.253308117 0.948281884
1662135952112057856.000000 -0.022915564 0.032303818 0.102354623 -0.162597537 -0.100789346 -0.253308117 0.948281884
1662135952112057856.000000 -0.022915564 0.032303818 0.102354623 -0.162597537 -0.100789346 -0.253308117 0.948281884
1662135952112057856.000000 -0.022915564 0.032303818 0.102354623 -0.162597537 -0.100789346 -0.253308117 0.948281884
1662135952112057856.000000 -0.022915564 0.032303818 0.102354623 -0.162597537 -0.100789346 -0.253308117 0.948281884
1662135952112057856.000000 -0.022915564 0.032303818 0.102354623 -0.162597537 -0.100789346 -0.253308117 0.948281884
1662135952112057856.000000 -0.022915564 0.032303818 0.102354623 -0.162597537 -0.100789346 -0.253308117 0.948281884
1662135952112057856.000000 -0.022915564 0.032303818 0.102354623 -0.162597537 -0.100789346 -0.253308117 0.948281884
1662135952112057856.000000 -0.022915564 0.032303818 0.102354623 -0.162597537 -0.100789346 -0.253308117 0.948281884
1662135952112057856.000000 -0.022915564 0.032303818 0.102354623 -0.162597537 -0.100789346 -0.253308117 0.948281884
1662135952112057856.000000 -0.022915564 0.032303818 0.102354623 -0.162597537 -0.100789346 -0.253308117 0.948281884
1662135952112057856.000000 -0.022915564 0.032303818 0.102354623 -0.162597537 -0.100789346 -0.253308117 0.948281884
1662135952112057856.000000 -0.022915564 0.032303818 0.102354623 -0.162597537 -0.100789346 -0.253308117 0.948281884
1662135952112057856.000000 -0.022915564 0.032303818 0.102354623 -0.162597537 -0.100789346 -0.253308117 0.948281884
1662135952112057856.000000 -0.022915564 0.032303818 0.102354623 -0.162597537 -0.100789346 -0.253308117 0.948281884
1662135952112057856.000000 -0.022915564 0.032303818 0.102354623 -0.162597537 -0.100789346 -0.253308117 0.948281884
1662135952112057856.000000 -0.022915564 0.032303818 0.102354623 -0.162597537 -0.100789346 -0.253308117 0.948281884
1662135952112057856.000000 -0.022915564 0.032303818 0.102354623 -0.162597537 -0.100789346 -0.253308117 0.948281884
1662135952112057856.000000 -0.022915564 0.032303818 0.102354623 -0.162597537 -0.100789346 -0.253308117 0.948281884
1662135952112057856.000000 -0.022915564 0.032303818 0.102354623 -0.162597537 -0.100789346 -0.253308117 0.948281884
1662135952112057856.000000 -0.022915564 0.032303818 0.102354623 -0.162597537 -0.100789346 -0.253308117 0.948281884
1662135952112057856.000000 -0.022915564 0.032303818 0.102354623 -0.162597537 -0.100789346 -0.253308117 0.948281884
1662135952112057856.000000 -0.022915564 0.032303818 0.102354623 -0.162597537 -0.100789346 -0.253308117 0.948281884
1662135952112057856.000000 -0.022915564 0.032303818 0.102354623 -0.162597537 -0.100789346 -0.253308117 0.948281884
1662135952112057856.000000 -0.022915564 0.032303818 0.102354623 -0.162597537 -0.100789346 -0.253308117 0.948281884
1662135952112057856.000000 -0.022915564 0.032303818 0.102354623 -0.162597537 -0.100789346 -0.253308117 0.948281884
1662135952112057856.000000 -0.022915564 0.032303818 0.102354623 -0.162597537 -0.100789346 -0.253308117 0.948281884
1662135952112057856.000000 -0.022915564 0.032303818 0.102354623 -0.162597537 -0.100789346 -0.253308117 0.948281884
1662135952112057856.000000 -0.022915564 0.032303818 0.102354623 -0.162597537 -0.100789346 -0.253308117 0.948281884
1662135952112057856.000000 -0.022915564 0.032303818 0.102354623 -0.162597537 -0.100789346 -0.253308117 0.948281884
1662135952112057856.000000 -0.022915564 0.032303818 0.102354623 -0.162597537 -0.100789346 -0.253308117 0.948281884
1662135952112057856.000000 -0.022915564 0.032303818 0.102354623 -0.162597537 -0.100789346 -0.253308117 0.948281884
1662135952112057856.000000 -0.022915564 0.032303818 0.102354623 -0.162597537 -0.100789346 -0.253308117 0.948281884
1662135952112057856.000000 -0.022915564 0.032303818 0.102354623 -0.162597537 -0.100789346 -0.253308117 0.948281884
1662135952112057856.000000 -0.022915564 0.032303818 0.102354623 -0.162597537 -0.100789346 -0.253308117 0.948281884
1662135952112057856.000000 -0.022915564 0.032303818 0.102354623 -0.162597537 -0.100789346 -0.253308117 0.948281884
1662135952112057856.000000 -0.022915564 0.032303818 0.102354623 -0.162597537 -0.100789346 -0.253308117 0.948281884
