1542828252.523862 0.0000000 0.0000000 0.0000000 -0.0000000 -0.0000000 -0.0000000 1.0000000
1542828252.573765 -0.0000879 0.0004783 0.0000019 0.0004352 0.0020144 0.0018290 0.9999962
1542828252.624901 0.0034134 0.0009510 -0.0007743 0.0011235 0.0006388 0.0041378 0.9999906
1542828252.673675 0.0029497 -0.0011686 -0.0003305 -0.0007308 0.0030079 0.0063427 0.9999751
1542828252.823721 0.0028457 -0.0014332 -0.0007079 -0.0006805 0.0087371 0.0119178 0.9998906
1542828255.774275 0.0663927 0.0434454 -0.0084272 -0.0105889 0.0274627 0.1048661 0.9940507
1542828256.323164 0.0768970 0.0551512 -0.0103904 -0.0102246 0.0354768 0.1165578 0.9924974
1542828256.775192 0.0846075 0.0607058 -0.0121046 -0.0125020 0.0423671 0.1246231 0.9912204
1542828256.873122 0.0862671 0.0617615 -0.0129402 -0.0132020 0.0435941 0.1258540 0.9910026
1542828257.674145 0.0997148 0.0749821 -0.0152527 -0.0123927 0.0507257 0.1367773 0.9892246
1542828258.725070 0.1114880 0.0883292 -0.0156920 -0.0097522 0.0578548 0.1500544 0.9869354
1542828258.823894 0.1129553 0.0889138 -0.0153843 -0.0099046 0.0580593 0.1519073 0.9866384
1542828259.023973 0.1153140 0.0895978 -0.0154950 -0.0103178 0.0590552 0.1541854 0.9862216
1542828263.123492 0.1636733 0.1283499 -0.0084856 0.0027591 0.0764772 0.2125038 0.9741590
1542828263.573048 0.1677429 0.1311203 -0.0071169 0.0023263 0.0811060 0.2191888 0.9723028
1542828264.424404 0.1791581 0.1378099 -0.0042553 0.0025433 0.0834715 0.2314520 0.9692554
1542828268.471045 0.1865413 0.1535909 -0.0006928 -0.0060060 0.0520163 0.1418384 0.9885040
1542828268.822076 0.1858987 0.1540161 -0.0012618 -0.0073460 0.0467878 0.1306054 0.9903026
1542828279.169809 0.1793267 0.1705779 -0.0510990 -0.0138070 -0.0382014 -0.0945512 0.9946910
1542828282.119276 0.1656700 0.1891048 -0.0661766 -0.0137372 -0.0675320 -0.1945771 0.9784634
1542828285.718564 0.1748146 0.2098009 -0.0788986 -0.0198205 -0.1021036 -0.2429577 0.9644447
1542828288.118149 0.1811345 0.2295639 -0.0891021 -0.0138856 -0.1006559 -0.2941985 0.9503278
1542828289.417773 0.1857415 0.2381731 -0.0892623 -0.0188523 -0.1141118 -0.2990500 0.9472023
1542828290.467670 0.1884124 0.2472968 -0.0913576 -0.0230867 -0.1270835 -0.3175155 0.9394151
1542828290.768550 0.1896503 0.2498172 -0.0926041 -0.0230950 -0.1291151 -0.3242891 0.9368204
1542828291.518430 0.1929065 0.2541370 -0.0951907 -0.0190004 -0.1270002 -0.3361344 0.9330186
1542828293.018034 0.1884660 0.2554026 -0.0906798 -0.0094699 -0.1243546 -0.3421601 0.9313285
1542828293.417359 0.1849027 0.2558825 -0.0872081 -0.0090700 -0.1271803 -0.3413352 0.9312536
1542828293.616929 0.1812492 0.2559405 -0.0860257 -0.0097800 -0.1275374 -0.3413032 0.9312093
1542828293.817674 0.1778695 0.2554788 -0.0839496 -0.0107410 -0.1289991 -0.3411928 0.9310378
1542828294.767253 0.1619616 0.2533516 -0.0759896 -0.0109556 -0.1368239 -0.3426485 0.9293821
1542828295.466908 0.1476294 0.2510450 -0.0716191 -0.0061108 -0.1385337 -0.3458543 0.9279848
1542828295.717776 0.1412414 0.2469190 -0.0700755 -0.0067251 -0.1385013 -0.3467752 0.9276417
1542828296.018292 0.1391463 0.2497625 -0.0671825 0.0014296 -0.1408879 -0.3477299 0.9269480
1542828296.319083 0.1307932 0.2467924 -0.0665731 0.0032562 -0.1393787 -0.3488502 0.9267505
1542828296.617729 0.1253442 0.2447289 -0.0647647 0.0059233 -0.1404171 -0.3488416 0.9265838
1542828297.417676 0.1067912 0.2400322 -0.0604926 0.0082237 -0.1423713 -0.3498171 0.9259000
1542828297.767222 0.0987583 0.2384013 -0.0583575 0.0075755 -0.1438151 -0.3501805 0.9255450
1542828298.016447 0.0932000 0.2365283 -0.0571113 0.0062185 -0.1449834 -0.3503725 0.9253001
1542828299.366261 0.0678803 0.2300505 -0.0516650 0.0006335 -0.1490565 -0.3554091 0.9227492
1542828300.215824 0.0562138 0.2276207 -0.0522059 -0.0000431 -0.1488339 -0.3624972 0.9200240
1542828301.267807 0.0453562 0.2229677 -0.0545798 0.0026166 -0.1458360 -0.3731036 0.9162526
1542828301.966066 0.0387257 0.2216941 -0.0561832 0.0031516 -0.1464981 -0.3805013 0.9130976
1542828302.616939 0.0302045 0.2231442 -0.0572261 -0.0015169 -0.1505563 -0.3922605 0.9074482
1542828304.966082 0.0125457 0.2298524 -0.0677312 -0.0126717 -0.1726705 -0.4434870 0.8793997
1542828306.615130 0.0172925 0.2172692 -0.0775720 0.0100818 -0.1555537 -0.4248749 0.8917302
1542828307.614666 0.0232865 0.2070867 -0.0789272 0.0120926 -0.1442540 -0.3882312 0.9101214
1542828307.915071 0.0264677 0.2019112 -0.0790871 0.0091024 -0.1420019 -0.3744752 0.9162538
1542828308.267259 0.0308489 0.1964644 -0.0780017 0.0051217 -0.1392395 -0.3579769 0.9232761
1542828308.865601 0.0414566 0.1907889 -0.0760124 0.0011879 -0.1320921 -0.3274679 0.9355827
1542828309.465249 0.0514474 0.1837026 -0.0740607 -0.0020031 -0.1189365 -0.2979722 0.9471340
1542828309.814462 0.0581539 0.1813529 -0.0734650 -0.0005599 -0.1093199 -0.2813340 0.9533625
1542828310.114627 0.0640646 0.1793980 -0.0732865 0.0010642 -0.1011060 -0.2676021 0.9582096
1542828312.114212 0.0939388 0.1678397 -0.0646842 -0.0130684 -0.0750947 -0.1897674 0.9788659
1542828313.314779 0.1080109 0.1623944 -0.0621674 -0.0127262 -0.0643533 -0.1582749 0.9852136
1542828313.663683 0.1120279 0.1606396 -0.0615051 -0.0111748 -0.0591812 -0.1486781 0.9870499
1542828314.014558 0.1178905 0.1591579 -0.0609863 -0.0071076 -0.0544210 -0.1388772 0.9887877
1542828314.363585 0.1211264 0.1567727 -0.0603756 -0.0032019 -0.0465607 -0.1282935 0.9906375
1542828314.763542 0.1242924 0.1524032 -0.0588871 -0.0004526 -0.0383811 -0.1154871 0.9925671
1542828315.114689 0.1296846 0.1523569 -0.0578002 0.0053566 -0.0339961 -0.1036440 0.9940189
1542828316.764483 0.1395886 0.1353049 -0.0451694 0.0076031 -0.0251874 -0.0530326 0.9982461
1542828318.014017 0.1499659 0.1237251 -0.0342258 0.0056872 -0.0191800 -0.0216288 0.9995659
1542828318.714276 0.1596657 0.1201060 -0.0324031 0.0083051 -0.0031424 0.0019074 0.9999588
1542828319.963103 0.1766486 0.1143064 -0.0270175 0.0058734 0.0150350 0.0384360 0.9991307
1542828320.763933 0.1832826 0.1053939 -0.0193424 0.0044998 0.0189778 0.0528514 0.9984120
1542828321.213788 0.1868295 0.0986427 -0.0145255 0.0064805 0.0207036 0.0572902 0.9981219
1542828321.612472 0.1880567 0.0921709 -0.0098005 0.0086931 0.0236747 0.0595719 0.9979054
1542828322.512722 0.1919929 0.0730696 0.0021701 0.0107249 0.0265982 0.0635302 0.9975678
1542828322.911875 0.1937922 0.0642673 0.0075547 0.0117420 0.0274906 0.0662392 0.9973559
1542828323.713314 0.1987155 0.0467146 0.0173616 0.0152513 0.0291136 0.0735659 0.9967487
1542828326.861610 0.2383406 0.0076493 0.0230633 0.0224449 0.0618531 0.1564340 0.9854943
1542828327.261573 0.2426318 0.0028900 0.0240839 0.0182701 0.0634359 0.1616019 0.9846456
1542828327.712784 0.2466634 -0.0018947 0.0250784 0.0150819 0.0656337 0.1659565 0.9838309
1542828328.862384 0.2575535 -0.0155377 0.0269181 0.0083438 0.0681095 0.1732996 0.9824758
1542828329.564130 0.2662218 -0.0219186 0.0262940 0.0074833 0.0698301 0.1788814 0.9813609
1542828331.261027 0.2875887 -0.0378069 0.0230285 0.0088224 0.0771663 0.1940698 0.9779082
1542828331.660983 0.2918464 -0.0410008 0.0227148 0.0105090 0.0782539 0.1962702 0.9773658
1542828332.761291 0.3053060 -0.0529424 0.0220124 0.0104094 0.0793396 0.2018950 0.9761328
1542828333.212594 0.3094687 -0.0568096 0.0221974 0.0105523 0.0797058 0.2038724 0.9756904
1542828334.411614 0.3229600 -0.0677571 0.0230397 0.0089552 0.0792965 0.2087635 0.9747049
1542828335.011454 0.3291974 -0.0721768 0.0242893 0.0088071 0.0809442 0.2102063 0.9742606
1542828335.610452 0.3364605 -0.0739614 0.0317328 0.0070662 0.0802645 0.2112569 0.9741038
1542828336.310738 0.3444956 -0.0674894 0.0486969 0.0048110 0.0773603 0.2106984 0.9744734
1542828340.210800 0.3815277 -0.0001626 0.1345240 -0.0053685 0.0753234 0.2085809 0.9750854
1542828340.910025 0.3879568 0.0097316 0.1461271 -0.0030564 0.0755955 0.2117021 0.9744015
1542828341.259407 0.3911676 0.0146224 0.1510392 -0.0013334 0.0760881 0.2135055 0.9739734
1542828342.211197 0.3998809 0.0256893 0.1627767 0.0010768 0.0787100 0.2193719 0.9724606
1542828343.159282 0.4086635 0.0344710 0.1714332 0.0037523 0.0827808 0.2253611 0.9707449
1542828343.409194 0.4108253 0.0360568 0.1737035 0.0039732 0.0838289 0.2266124 0.9703627
1542828344.261048 0.4176536 0.0397442 0.1816397 0.0060705 0.0857137 0.2292527 0.9695667
1542828347.658272 0.4266508 0.0268385 0.2051357 0.0071692 0.0729368 0.1899929 0.9790462
1542828347.959172 0.4272538 0.0244029 0.2058021 0.0075915 0.0716603 0.1846427 0.9801604
1542828349.309437 0.4300472 0.0111929 0.2073520 0.0089850 0.0661221 0.1633424 0.9843102
1542828350.658303 0.4349857 -0.0040487 0.2081719 0.0088628 0.0595322 0.1471437 0.9872822
1542828351.107784 0.4372137 -0.0106263 0.2084912 0.0081504 0.0577298 0.1424537 0.9880829
1542828352.810706 0.4405473 -0.0325984 0.2087909 0.0072974 0.0466296 0.1167165 0.9920432
1542828354.608532 0.4408678 -0.0552263 0.2095522 0.0056339 0.0269670 0.0857398 0.9959366
1542828355.107945 0.4403974 -0.0611542 0.2090008 0.0064948 0.0241622 0.0758117 0.9968082
1542828355.457432 0.4398071 -0.0655823 0.2087905 0.0067153 0.0230163 0.0687884 0.9973431
1542828356.306733 0.4404313 -0.0735383 0.2067166 0.0092693 0.0244458 0.0571151 0.9980252
1542828363.856957 0.4255464 -0.0872579 0.1996529 -0.0001906 0.0287056 0.1121731 0.9932740
1542828364.557006 0.4217299 -0.0915337 0.1991473 0.0025352 0.0337979 0.1124096 0.9930838
1542828370.804976 0.4024580 -0.0991014 0.1961651 0.0043013 0.0755731 0.2051896 0.9757907
1542828373.003905 0.3977457 -0.1135902 0.2061633 0.0033091 0.0769135 0.2470085 0.9659504
1542828380.402956 0.3988662 -0.0998087 0.1880665 -0.0013608 0.1241606 0.3394283 0.9324005
1542828381.553542 0.3976623 -0.0956880 0.1899101 -0.0039429 0.1158332 0.3495657 0.9297156
1542828382.002500 0.3976401 -0.0958330 0.1917324 -0.0038669 0.1105169 0.3482242 0.9308657
1542828385.151809 0.3830632 -0.1302896 0.2064868 0.0011070 0.0990866 0.2748545 0.9563658
1542828386.453480 0.3837459 -0.1432406 0.2116397 0.0061412 0.0936812 0.2545621 0.9624887
1542828387.351581 0.3886938 -0.1506739 0.2129225 0.0102490 0.0923025 0.2484081 0.9641933
1542828395.751763 0.4551209 -0.1978970 0.2273445 0.0067787 0.0839863 0.2293952 0.9696795
1542828397.849917 0.4637511 -0.2065569 0.2304106 -0.0016432 0.0757527 0.2101454 0.9747296
1542828398.401049 0.4657145 -0.2085396 0.2302984 -0.0008474 0.0747550 0.2048195 0.9759405
1542828399.000908 0.4686877 -0.2119723 0.2299397 -0.0008430 0.0743534 0.1995065 0.9770712
1542828399.499845 0.4718475 -0.2134272 0.2292070 0.0008276 0.0731894 0.1967139 0.9777251
1542828409.198454 0.4677972 -0.2345494 0.2387475 -0.0040782 -0.0062585 -0.0028214 0.9999681
1542828412.700014 0.4828072 -0.2398941 0.2505867 -0.0067976 -0.0108048 -0.0208120 0.9997019
1542828413.648824 0.4822406 -0.2413472 0.2551023 -0.0100064 -0.0199065 -0.0348937 0.9991427
1542828415.897161 0.4893839 -0.2480742 0.2580485 -0.0002606 -0.0185729 -0.0558610 0.9982658
1542828416.398397 0.4920244 -0.2481144 0.2592499 0.0019328 -0.0192139 -0.0590718 0.9980670
1542828417.799222 0.5017864 -0.2425474 0.2766638 -0.0075606 -0.0307138 -0.0597387 0.9977128
1542828419.196691 0.5145824 -0.2343747 0.2957025 -0.0133971 -0.0326001 -0.0596883 0.9975947
1542828421.746419 0.5366858 -0.2230666 0.3280156 -0.0042664 -0.0214642 -0.0520357 0.9984055
1542828422.595766 0.5395748 -0.2198591 0.3425160 -0.0033163 -0.0286451 -0.0484297 0.9984103
1542828423.048037 0.5394707 -0.2193085 0.3507363 -0.0057655 -0.0323698 -0.0496996 0.9982229
1542828423.897088 0.5383574 -0.2178646 0.3665197 -0.0070483 -0.0370696 -0.0578390 0.9976125
1542828424.298455 0.5367564 -0.2183257 0.3744342 -0.0055429 -0.0360672 -0.0633377 0.9973248
1542828425.145926 0.5325887 -0.2219216 0.3916550 -0.0028360 -0.0337084 -0.0765404 0.9964925
1542828426.145825 0.5278746 -0.2251752 0.4106419 -0.0037601 -0.0386628 -0.0874456 0.9954116
1542828426.946427 0.5255893 -0.2268078 0.4227720 -0.0065137 -0.0452604 -0.0921841 0.9946915
1542828428.844874 0.5243589 -0.2317316 0.4417147 -0.0027981 -0.0514968 -0.0994144 0.9937087
1542828429.245968 0.5246491 -0.2331318 0.4441079 -0.0012276 -0.0511253 -0.1006837 0.9936033
1542828429.746903 0.5245972 -0.2363935 0.4440408 0.0019619 -0.0493551 -0.1022090 0.9935359
1542828430.445964 0.5244604 -0.2430886 0.4414597 0.0086829 -0.0473108 -0.1039844 0.9934151
1542828430.796666 0.5244774 -0.2454201 0.4405851 0.0140500 -0.0466205 -0.1049825 0.9932814
1542828432.046626 0.5244438 -0.2541406 0.4408417 0.0103222 -0.0507288 -0.1137080 0.9921646
1542828433.594183 0.5213662 -0.2589151 0.4476871 -0.0034729 -0.0541111 -0.1255854 0.9906000
1542828433.944305 0.5206102 -0.2605712 0.4480368 -0.0003013 -0.0505570 -0.1277710 0.9905142
1542828434.694068 0.5219807 -0.2701887 0.4439229 0.0028750 -0.0492756 -0.1311351 0.9901350
1542828435.395811 0.5221555 -0.2780358 0.4393780 0.0110377 -0.0466210 -0.1344932 0.9897556
1542828436.143768 0.5198729 -0.2821643 0.4348250 0.0151584 -0.0550581 -0.1467355 0.9875259
1542828436.443758 0.5177956 -0.2826537 0.4331573 0.0140257 -0.0605099 -0.1550846 0.9859466
1542828439.093210 0.5142640 -0.2967167 0.4239884 0.0048280 -0.0732257 -0.1943846 0.9781766
1542828440.444400 0.5189607 -0.2963807 0.4286212 -0.0163227 -0.0919159 -0.2046570 0.9743719
1542828440.844101 0.5189676 -0.2957668 0.4272924 -0.0127589 -0.0910563 -0.2059877 0.9742253
1542828441.194128 0.5182943 -0.2963491 0.4247997 -0.0055516 -0.0862963 -0.2071473 0.9744805
1542828441.545148 0.5177128 -0.2964640 0.4210252 0.0064175 -0.0805022 -0.2079360 0.9748030
1542828442.442641 0.5175798 -0.3080175 0.4075556 0.0176817 -0.0749518 -0.2124430 0.9741343
1542828442.795763 0.5158483 -0.3104263 0.4030198 0.0198348 -0.0768520 -0.2182252 0.9726655
1542828443.142956 0.5149962 -0.3122015 0.3986727 0.0199852 -0.0827640 -0.2245455 0.9707369
1542828443.493456 0.5137213 -0.3136155 0.3950821 0.0167737 -0.0900486 -0.2321351 0.9683611
1542828444.243994 0.5111722 -0.3153715 0.3888871 0.0085585 -0.1015728 -0.2450951 0.9641256
1542828445.043420 0.5106200 -0.3169919 0.3899326 -0.0010632 -0.1027135 -0.2484900 0.9631727
1542828446.142132 0.5146080 -0.3205325 0.3947977 -0.0195110 -0.0977248 -0.2475400 0.9637392
1542828446.542508 0.5154117 -0.3245528 0.3914937 -0.0224526 -0.0919966 -0.2459389 0.9646484
1542828446.992174 0.5160072 -0.3289775 0.3867703 -0.0191589 -0.0848377 -0.2424121 0.9662670
1542828447.493072 0.5171708 -0.3340348 0.3798212 -0.0075952 -0.0774931 -0.2394467 0.9677822
1542828448.545225 0.5172335 -0.3433604 0.3645265 0.0130776 -0.0743205 -0.2334673 0.9694320
1542828449.042552 0.5149242 -0.3472803 0.3582292 0.0130866 -0.0800511 -0.2359065 0.9683846
1542828449.491863 0.5120128 -0.3499825 0.3527814 0.0097780 -0.0861532 -0.2390623 0.9671252
1542828449.991556 0.5092118 -0.3535560 0.3481889 0.0042284 -0.0920523 -0.2407641 0.9661993
1542828450.491403 0.5074624 -0.3564822 0.3472571 0.0006962 -0.0956435 -0.2406514 0.9658875
1542828455.691796 0.5203588 -0.3556773 0.3791782 -0.0177321 -0.0911426 -0.2322277 0.9682195
1542828458.441389 0.5088208 -0.3558554 0.3847035 -0.0052822 -0.0997390 -0.2491050 0.9633125
1542828459.543205 0.5002993 -0.3577124 0.3880149 -0.0079072 -0.1018133 -0.2594807 0.9603339
1542828460.139877 0.4963138 -0.3579545 0.3909110 -0.0098617 -0.1063071 -0.2651618 0.9582750
1542828460.689915 0.4922906 -0.3583200 0.3926427 -0.0113225 -0.1097567 -0.2703281 0.9564246
1542828464.291622 0.4628504 -0.3588253 0.4113654 -0.0111865 -0.1236256 -0.3074299 0.9434397
1542828464.791556 0.4609301 -0.3583594 0.4156602 -0.0154102 -0.1258812 -0.3088427 0.9426201
1542828465.239319 0.4590929 -0.3584836 0.4186862 -0.0180651 -0.1263663 -0.3106792 0.9419043
1542828465.738896 0.4572800 -0.3588777 0.4211830 -0.0194395 -0.1247674 -0.3124547 0.9415027
1542828474.388646 0.4349634 -0.3552430 0.3919159 -0.0135561 -0.1578780 -0.4147230 0.8960444
1542828474.887912 0.4347496 -0.3530909 0.3877274 -0.0143877 -0.1641834 -0.4236377 0.8907120
1542828476.388323 0.4326461 -0.3478940 0.3734985 -0.0166955 -0.1726488 -0.4507898 0.8756154
1542828477.540180 0.4326570 -0.3476257 0.3655944 -0.0137095 -0.1724613 -0.4576279 0.8721502
1542828478.087949 0.4323744 -0.3486149 0.3629764 -0.0144441 -0.1727853 -0.4575092 0.8721364
1542828480.186823 0.4322484 -0.3516803 0.3562700 -0.0180953 -0.1743459 -0.4485008 0.8764263
1542828486.787207 0.4257166 -0.3562369 0.3748244 -0.0183687 -0.1550993 -0.3745850 0.9139436
1542828487.386453 0.4242857 -0.3551694 0.3820559 -0.0228263 -0.1499972 -0.3707103 0.9162716
1542828490.086455 0.4273546 -0.3471823 0.4073353 -0.0155632 -0.1317488 -0.3482687 0.9279596
1542828491.037234 0.4298944 -0.3461643 0.4150656 -0.0232594 -0.1380121 -0.3332898 0.9323785
1542828491.535508 0.4315333 -0.3451562 0.4182303 -0.0225947 -0.1391103 -0.3259210 0.9348333
1542828492.035604 0.4326960 -0.3451354 0.4203838 -0.0206286 -0.1358820 -0.3197843 0.9374692
1542828497.184694 0.4471757 -0.3580770 0.4326220 -0.0051682 -0.1064177 -0.2600091 0.9597103
1542828497.784837 0.4492477 -0.3617183 0.4314132 0.0002012 -0.1032315 -0.2541958 0.9616277
1542828498.285490 0.4495702 -0.3660019 0.4297697 0.0027520 -0.0994313 -0.2502051 0.9630697
1542828498.733925 0.4512239 -0.3693752 0.4284492 0.0057409 -0.0987133 -0.2452984 0.9643917
1542828499.633533 0.4514269 -0.3780772 0.4248554 0.0056145 -0.0936963 -0.2382570 0.9666556
1542828500.133870 0.4520116 -0.3832085 0.4233902 0.0042754 -0.0927336 -0.2344156 0.9676939
1542828500.634618 0.4526995 -0.3876723 0.4218924 0.0034188 -0.0913069 -0.2300999 0.9688681
1542828501.134749 0.4530343 -0.3923943 0.4208292 0.0016489 -0.0893740 -0.2259836 0.9700211
1542828503.734170 0.4603766 -0.4149053 0.4181479 -0.0022168 -0.0820099 -0.2045483 0.9754125
1542828504.184057 0.4603088 -0.4178774 0.4171846 -0.0038988 -0.0818410 -0.2035685 0.9756263
1542828504.883973 0.4598655 -0.4225159 0.4147282 -0.0085769 -0.0853185 -0.2087892 0.9741942
1542828509.032581 0.4786466 -0.4128475 0.4338018 -0.0128427 -0.0823462 -0.2297584 0.9696727
1542828511.081733 0.4898109 -0.4136139 0.4362550 -0.0116767 -0.0870560 -0.2188286 0.9718019
1542828511.482149 0.4914099 -0.4127772 0.4364106 -0.0133015 -0.0906220 -0.2226683 0.9705821
1542828512.581916 0.4956571 -0.4084620 0.4341057 -0.0140346 -0.0947379 -0.2389202 0.9663048
1542828512.931999 0.4957594 -0.4079857 0.4321869 -0.0126992 -0.0909982 -0.2445920 0.9652631
1542828514.132485 0.5006505 -0.4084512 0.4296464 -0.0080462 -0.0838533 -0.2504438 0.9644594
1542828515.830768 0.5054514 -0.4146607 0.4182970 -0.0022517 -0.0886460 -0.2410727 0.9664475
1542828517.230713 0.5021886 -0.4239742 0.4035526 -0.0012939 -0.1014443 -0.2539039 0.9618941
1542828518.131585 0.4944340 -0.4248286 0.3933399 -0.0059200 -0.1148953 -0.2811849 0.9527324
1542828518.880988 0.4883348 -0.4249005 0.3839009 -0.0079930 -0.1243610 -0.3052326 0.9440888
1542828520.180501 0.4756065 -0.4257277 0.3659849 -0.0107657 -0.1385893 -0.3488688 0.9268051
1542828521.031510 0.4687660 -0.4290135 0.3521527 -0.0089491 -0.1402661 -0.3702167 0.9182510
1542828521.929626 0.4664365 -0.4342087 0.3395451 -0.0019968 -0.1394244 -0.3742527 0.9167834
1542828523.429462 0.4578790 -0.4328841 0.3289004 -0.0111858 -0.1533130 -0.3984799 0.9042034
1542828527.080198 0.4429662 -0.4364046 0.2983421 -0.0003605 -0.1647971 -0.4437011 0.8808923
1542828527.731314 0.4428926 -0.4352486 0.2998440 -0.0030623 -0.1715495 -0.4424967 0.8802034
1542828528.429220 0.4429072 -0.4349788 0.3051978 -0.0175700 -0.1785842 -0.4410488 0.8793606
1542828533.128222 0.4409447 -0.4470240 0.2900280 -0.0013513 -0.1712711 -0.4274743 0.8876542
1542828536.427598 0.4359146 -0.4412788 0.2690214 -0.0129747 -0.1798205 -0.4703382 0.8638740
1542828537.177470 0.4327502 -0.4330374 0.2672885 -0.0227601 -0.1890615 -0.4925010 0.8492234
1542828537.928287 0.4285266 -0.4215401 0.2657814 -0.0374428 -0.2017612 -0.5177526 0.8305556
1542828538.727045 0.4252448 -0.4102731 0.2624602 -0.0439353 -0.2106231 -0.5452180 0.8102129
1542828539.578187 0.4239337 -0.4027880 0.2575195 -0.0330416 -0.2107217 -0.5648945 0.7971191
1542828540.326780 0.4243684 -0.3939351 0.2534681 -0.0223126 -0.2137036 -0.5799314 0.7858196
1542828541.227259 0.4249640 -0.3825830 0.2506696 -0.0218991 -0.2245166 -0.5962675 0.7704400
1542828542.129020 0.4245229 -0.3750383 0.2498638 -0.0281761 -0.2341792 -0.6023723 0.7625704
1542828543.026570 0.4219578 -0.3661169 0.2501737 -0.0404566 -0.2470482 -0.6176434 0.7455515
1542828543.826861 0.4206261 -0.3543545 0.2504485 -0.0483001 -0.2603303 -0.6467317 0.7152855
1542828544.776485 0.4166645 -0.3444747 0.2491500 -0.0432354 -0.2657469 -0.6881429 0.6737720
1542828546.477134 0.4091619 -0.3184910 0.2611126 -0.0393672 -0.2733190 -0.7582309 0.5906208
1542828547.478083 0.4079441 -0.3058210 0.2665421 -0.0424770 -0.2830002 -0.7918025 0.5395882
1542828548.427002 0.4073159 -0.2999609 0.2687498 -0.0304155 -0.2917276 -0.8131569 0.5027383
1542828549.276460 0.4088813 -0.2922370 0.2697129 -0.0241361 -0.3026721 -0.8248798 0.4768442
1542828551.075416 0.4135564 -0.2746643 0.2769511 -0.0353402 -0.3227676 -0.8403445 0.4340430
1542828551.924913 0.4166185 -0.2672504 0.2803157 -0.0363961 -0.3254571 -0.8475401 0.4176469
1542828552.777951 0.4168619 -0.2579378 0.2817631 -0.0400309 -0.3261343 -0.8622385 0.3854592
1542828553.625084 0.4174639 -0.2462980 0.2815978 -0.0379729 -0.3259224 -0.8813592 0.3399096
1542828554.424564 0.4189803 -0.2357885 0.2792857 -0.0261739 -0.3274871 -0.8960481 0.2986051
1542828555.224584 0.4191458 -0.2279704 0.2768156 -0.0156699 -0.3335080 -0.9054182 0.2621921
1542828555.924296 0.4191760 -0.2213652 0.2757325 -0.0147997 -0.3380472 -0.9118091 0.2326139
1542828557.325822 0.4173566 -0.2097635 0.2760432 -0.0284511 -0.3400314 -0.9242281 0.1713815
1542828558.574150 0.4099443 -0.2063425 0.2730903 -0.0201415 -0.3416133 -0.9302945 0.1320867
1542828559.123714 0.4066833 -0.2046870 0.2713585 -0.0150436 -0.3440903 -0.9319564 0.1132827
1542828560.273403 0.4055596 -0.1963226 0.2675882 -0.0105181 -0.3446391 -0.9361122 0.0693344
1542828561.473392 0.4097194 -0.1877891 0.2634465 -0.0154147 -0.3530528 -0.9347693 0.0363645
1542828562.574659 0.4073376 -0.1851061 0.2584062 -0.0220160 -0.3632073 -0.9309414 0.0307219
1542828563.723518 0.4020823 -0.1839345 0.2522098 -0.0229671 -0.3700039 -0.9279546 0.0383396
1542828564.323003 0.3981149 -0.1828364 0.2499876 -0.0234316 -0.3714565 -0.9271102 0.0440207
1542828565.474639 0.3950931 -0.1730080 0.2454328 -0.0253595 -0.3651959 -0.9295610 0.0436496
1542828566.123331 0.3954877 -0.1659124 0.2434292 -0.0238485 -0.3617169 -0.9311323 0.0398107
1542828566.724263 0.3970339 -0.1573254 0.2400504 -0.0212067 -0.3580437 -0.9327965 0.0352949
1542828567.323938 0.3995090 -0.1491131 0.2366575 -0.0176497 -0.3601994 -0.9321151 0.0332633
1542828567.925145 0.4033445 -0.1397400 0.2324588 -0.0171124 -0.3616160 -0.9316785 0.0302680
1542828568.522350 0.4076405 -0.1299350 0.2286436 -0.0222499 -0.3615417 -0.9317409 0.0255219
1542828570.373004 0.4186909 -0.1020472 0.2128886 -0.0336171 -0.3663122 -0.9298338 0.0097234
1542828571.072850 0.4225961 -0.0920590 0.2058349 -0.0297385 -0.3695908 -0.9287000 0.0058853
1542828571.623148 0.4256663 -0.0845573 0.2012290 -0.0269438 -0.3718982 -0.9278791 0.0024783
1542828572.175320 0.4307767 -0.0756729 0.1963905 0.0245368 0.3708763 0.9283555 0.0021918
1542828572.721495 0.4356467 -0.0663382 0.1922650 0.0253948 0.3684301 0.9292794 0.0073649
1542828573.272286 0.4411214 -0.0567112 0.1890589 0.0284670 0.3651258 0.9304369 0.0126496
1542828573.922885 0.4459864 -0.0459577 0.1850097 0.0334122 0.3621043 0.9313833 0.0170066
1542828574.771270 0.4466824 -0.0366670 0.1781742 0.0324837 0.3644060 0.9306369 0.0082512
1542828577.221415 0.4363060 -0.0145089 0.1588898 -0.0250952 -0.3708466 -0.9270512 0.0491834
1542828577.771834 0.4358432 -0.0071675 0.1552601 -0.0301011 -0.3676079 -0.9278594 0.0550956
1542828578.370405 0.4356144 0.0006661 0.1515530 -0.0337761 -0.3656737 -0.9281988 0.0599074
1542828579.472272 0.4329225 0.0142015 0.1435915 -0.0320858 -0.3640071 -0.9280387 0.0722039
1542828580.522875 0.4304651 0.0274616 0.1343629 -0.0246013 -0.3642619 -0.9271998 0.0837167
1542828581.069998 0.4293690 0.0344698 0.1297795 -0.0233037 -0.3648971 -0.9264514 0.0894142
1542828581.620451 0.4294359 0.0431415 0.1251844 -0.0239015 -0.3643119 -0.9262159 0.0939661
1542828582.121891 0.4293039 0.0505524 0.1211632 -0.0266486 -0.3646090 -0.9257153 0.0969610
1542828582.570345 0.4299516 0.0583506 0.1170893 -0.0289762 -0.3632872 -0.9259356 0.0991268
1542828583.470756 0.4304331 0.0723168 0.1102056 -0.0328277 -0.3638415 -0.9251590 0.1030662
1542828584.869366 0.4327383 0.0943062 0.0971012 -0.0297289 -0.3649237 -0.9241134 0.1093678
1542828585.272720 0.4337929 0.0999537 0.0936280 -0.0280778 -0.3665720 -0.9233232 0.1109551
1542828586.419664 0.4356160 0.1184741 0.0824756 -0.0279770 -0.3656996 -0.9231297 0.1153807
1542828586.719128 0.4361401 0.1234211 0.0796659 -0.0284286 -0.3652378 -0.9231527 0.1165433
1542828587.020480 0.4367756 0.1282021 0.0772347 -0.0293607 -0.3650698 -0.9230452 0.1176842
1542828587.718851 0.4380423 0.1397251 0.0712038 -0.0314808 -0.3634839 -0.9232532 0.1203827
1542828588.419061 0.4394335 0.1504302 0.0655551 -0.0327109 -0.3629733 -0.9230368 0.1232207
1542828589.269596 0.4407925 0.1640188 0.0581225 -0.0329724 -0.3612268 -0.9232116 0.1269192
1542828589.620027 0.4410555 0.1691928 0.0552304 -0.0328402 -0.3611333 -0.9230337 0.1285037
1542828590.269030 0.4419719 0.1791935 0.0496065 -0.0318021 -0.3606298 -0.9228328 0.1315839
1542828590.569163 0.4424247 0.1836269 0.0470431 -0.0309403 -0.3607185 -0.9226464 0.1328473
1542828590.820217 0.4428874 0.1874819 0.0448503 -0.0302425 -0.3606004 -0.9225166 0.1342234
1542828591.419014 0.4430903 0.1964186 0.0398439 -0.0299970 -0.3607252 -0.9220712 0.1369750
1542828592.319391 0.4438157 0.2100926 0.0323155 -0.0309068 -0.3605178 -0.9215133 0.1410138
1542828592.970310 0.4442407 0.2199863 0.0275488 -0.0323142 -0.3604392 -0.9210423 0.1439463
1542828593.968825 0.4447960 0.2352150 0.0205039 -0.0344350 -0.3598489 -0.9204451 0.1486730
1542828594.369107 0.4448417 0.2412952 0.0178714 -0.0347284 -0.3595021 -0.9202228 0.1508057
1542828595.069533 0.4452298 0.2514369 0.0134358 -0.0329885 -0.3595236 -0.9196227 0.1547532
1542828595.670089 0.4453162 0.2603698 0.0094583 -0.0310461 -0.3592383 -0.9192256 0.1581406
1542828597.118028 0.4449644 0.2817049 0.0006258 -0.0320846 -0.3585720 -0.9178178 0.1673532
1542828598.069758 0.4445168 0.2958924 -0.0048082 -0.0337008 -0.3580301 -0.9168877 0.1731926
1542828598.967588 0.4442619 0.3085653 -0.0101313 -0.0332390 -0.3585901 -0.9155869 0.1789107
1542828600.218032 0.4431113 0.3264021 -0.0182134 -0.0312736 -0.3584259 -0.9141817 0.1866137
1542828600.517193 0.4429250 0.3306963 -0.0199759 -0.0308531 -0.3583757 -0.9138076 0.1886020
1542828601.167299 0.4423032 0.3399593 -0.0237011 -0.0306149 -0.3582944 -0.9130266 0.1925366
1542828601.718104 0.4426177 0.3478205 -0.0267511 -0.0314360 -0.3579106 -0.9127975 0.1941973
1542828602.266846 0.4452920 0.3567100 -0.0288710 -0.0365559 -0.3567927 -0.9145776 0.1868434
1542828603.116505 0.4521738 0.3724762 -0.0332659 -0.0437163 -0.3540257 -0.9196416 0.1643597
1542828603.467173 0.4542760 0.3782197 -0.0354639 -0.0435868 -0.3536917 -0.9208641 0.1581509
1542828603.966229 0.4562771 0.3855933 -0.0390204 -0.0399654 -0.3547932 -0.9216203 0.1521203
1542828605.167395 0.4595993 0.4017946 -0.0496216 -0.0269726 -0.3605778 -0.9207231 0.1467146
1542828605.468971 0.4606768 0.4064683 -0.0521800 -0.0252705 -0.3614660 -0.9206155 0.1455019
1542828605.966551 0.4632109 0.4155370 -0.0562321 -0.0252769 -0.3628032 -0.9206482 0.1419218
1542828606.216554 0.4647915 0.4209663 -0.0582530 -0.0269433 -0.3632212 -0.9208156 0.1394384
1542828606.816998 0.4689827 0.4347334 -0.0618649 -0.0346373 -0.3646862 -0.9211254 0.1316519
1542828607.366997 0.4733245 0.4494597 -0.0661892 -0.0398479 -0.3643241 -0.9221197 0.1239971
1542828607.616856 0.4751529 0.4564248 -0.0682850 -0.0401882 -0.3645351 -0.9223709 0.1213717
1542828607.917060 0.4760238 0.4653447 -0.0713650 -0.0407548 -0.3641744 -0.9228003 0.1189776
1542828608.215539 0.4775226 0.4736921 -0.0741476 -0.0391906 -0.3653388 -0.9226659 0.1169587
1542828608.567247 0.4792932 0.4837943 -0.0778628 -0.0359473 -0.3668818 -0.9224287 0.1150251
1542828608.966290 0.4811405 0.4953504 -0.0826869 -0.0315243 -0.3683260 -0.9222186 0.1133798
1542828609.266972 0.4832170 0.5037709 -0.0863402 -0.0280142 -0.3698330 -0.9218594 0.1123121
1542828609.565550 0.4844542 0.5119259 -0.0897784 -0.0259088 -0.3713790 -0.9214207 0.1113115
1542828610.115769 0.4874412 0.5261560 -0.0954995 -0.0239869 -0.3739751 -0.9206979 0.1090076
1542828610.365439 0.4888199 0.5326840 -0.0982150 -0.0248510 -0.3741692 -0.9207543 0.1076631
1542828611.165277 0.4925756 0.5540329 -0.1062421 -0.0301135 -0.3740414 -0.9212971 0.1019702
1542828611.416071 0.4944220 0.5604745 -0.1087983 -0.0309531 -0.3737426 -0.9216049 0.1000135
1542828611.916615 0.4959055 0.5717247 -0.1129478 -0.0343960 -0.3731807 -0.9220740 0.0966063
1542828612.166140 0.4970430 0.5773840 -0.1153906 -0.0349914 -0.3724746 -0.9224870 0.0951633
1542828612.717059 0.4993669 0.5890425 -0.1208724 -0.0346390 -0.3715454 -0.9231951 0.0920049
1542828613.515124 0.5017329 0.6052600 -0.1285233 -0.0298045 -0.3711005 -0.9237310 0.0900954
1542828613.815735 0.5023880 0.6115839 -0.1314105 -0.0274527 -0.3718098 -0.9235423 0.0898530
1542828614.365332 0.5045134 0.6249176 -0.1370717 -0.0243546 -0.3728369 -0.9233386 0.0885748
1542828614.614472 0.5059188 0.6314622 -0.1399859 -0.0230536 -0.3731099 -0.9233322 0.0878355
1542828615.164432 0.5090425 0.6462016 -0.1454720 -0.0232015 -0.3734357 -0.9233446 0.0862684
1542828615.465093 0.5106260 0.6543623 -0.1479387 -0.0248388 -0.3728937 -0.9235972 0.0854496
1542828615.715785 0.5118905 0.6614287 -0.1500556 -0.0265031 -0.3721716 -0.9239324 0.0844679
1542828616.315753 0.5154673 0.6783256 -0.1554229 -0.0306557 -0.3703228 -0.9247144 0.0826104
1542828616.565977 0.5171427 0.6856247 -0.1579410 -0.0322500 -0.3694791 -0.9250700 0.0817958
1542828617.315980 0.5208742 0.7060262 -0.1650679 -0.0363552 -0.3695610 -0.9251049 0.0792709
1542828617.565412 0.5224888 0.7129701 -0.1677635 -0.0363648 -0.3696555 -0.9251532 0.0782555
1542828617.815054 0.5240785 0.7198976 -0.1704915 -0.0360374 -0.3699503 -0.9251244 0.0773500
1542828618.363930 0.5273238 0.7352837 -0.1771742 -0.0339515 -0.3710625 -0.9249250 0.0753236
1542828618.865666 0.5306065 0.7478769 -0.1825884 -0.0315595 -0.3741357 -0.9239116 0.0735795
1542828619.166003 0.5325596 0.7559364 -0.1863583 -0.0306399 -0.3749586 -0.9236541 0.0730089
1542828619.964436 0.5387728 0.7773548 -0.1950217 -0.0306622 -0.3762085 -0.9233817 0.0699516
1542828620.214641 0.5409752 0.7839625 -0.1972204 -0.0319628 -0.3763659 -0.9233995 0.0682672
1542828620.713592 0.5454700 0.7974460 -0.2022022 -0.0347389 -0.3756540 -0.9238707 0.0643436
1542828620.963761 0.5472718 0.8041627 -0.2046319 -0.0363119 -0.3751569 -0.9241003 0.0630660
1542828621.213654 0.5489979 0.8111286 -0.2071584 -0.0372396 -0.3745725 -0.9244056 0.0615064
1542828621.714817 0.5528739 0.8248712 -0.2126123 -0.0365518 -0.3744933 -0.9245854 0.0596704
1542828621.964785 0.5545901 0.8315945 -0.2152532 -0.0354950 -0.3751833 -0.9243941 0.0589337
1542828622.463594 0.5585483 0.8456600 -0.2209740 -0.0330792 -0.3758321 -0.9242632 0.0582548
1542828622.713624 0.5604501 0.8525889 -0.2234078 -0.0320289 -0.3765467 -0.9240506 0.0575961
1542828622.964839 0.5624982 0.8592214 -0.2261124 -0.0309407 -0.3772331 -0.9238219 0.0573665
1542828623.213634 0.5643407 0.8662397 -0.2286594 -0.0306082 -0.3774225 -0.9237788 0.0569935
1542828623.914587 0.5699978 0.8861548 -0.2357685 -0.0312389 -0.3770487 -0.9239911 0.0556677
1542828624.364602 0.5741864 0.8986884 -0.2398828 -0.0324463 -0.3765452 -0.9242460 0.0541342
1542828624.613063 0.5764850 0.9052145 -0.2418191 -0.0332383 -0.3767098 -0.9242151 0.0530234
1542828625.113291 0.5804064 0.9197333 -0.2468872 -0.0348577 -0.3756841 -0.9247040 0.0506861
1542828625.365650 0.5826637 0.9269612 -0.2497720 -0.0350531 -0.3753617 -0.9248875 0.0495790
1542828625.613109 0.5851610 0.9338545 -0.2523343 -0.0349382 -0.3756969 -0.9248274 0.0482228
1542828626.113643 0.5900139 0.9468136 -0.2576541 -0.0347680 -0.3764000 -0.9246384 0.0464551
1542828626.363496 0.5919237 0.9530282 -0.2604516 -0.0355287 -0.3762411 -0.9247149 0.0456375
1542828626.863638 0.5957361 0.9640857 -0.2655313 -0.0361719 -0.3766223 -0.9246036 0.0442201
1542828627.112968 0.5974233 0.9688212 -0.2677903 -0.0362726 -0.3774123 -0.9243191 0.0433409
1542828627.612616 0.6005867 0.9790486 -0.2730071 -0.0361517 -0.3772223 -0.9244634 0.0419978
1542828627.862699 0.6024150 0.9837731 -0.2751357 -0.0358227 -0.3774756 -0.9243969 0.0414649
1542828628.162735 0.6037292 0.9896656 -0.2776430 -0.0358908 -0.3772161 -0.9245298 0.0407985
1542828628.462389 0.6053436 0.9950971 -0.2802164 -0.0351456 -0.3771794 -0.9246002 0.0401856
1542828629.362556 0.6107072 1.0115519 -0.2881598 -0.0319867 -0.3767887 -0.9249767 0.0377520
1542828630.262626 0.6159713 1.0283237 -0.2950760 -0.0310455 -0.3740074 -0.9262452 0.0349939
1542828630.562490 0.6177337 1.0342726 -0.2976812 -0.0310975 -0.3726350 -0.9268411 0.0337906
1542828631.161869 0.6205704 1.0450642 -0.3017923 -0.0324792 -0.3715760 -0.9272836 0.0319616
1542828631.412365 0.6220320 1.0497677 -0.3038499 -0.0326849 -0.3709985 -0.9275456 0.0308380
1542828632.011689 0.6250253 1.0602274 -0.3084940 -0.0337553 -0.3708040 -0.9276440 0.0290094
1542828632.311770 0.6268249 1.0657188 -0.3112220 -0.0333839 -0.3706442 -0.9277523 0.0280036
1542828632.912244 0.6296855 1.0759103 -0.3159194 -0.0328917 -0.3716789 -0.9274031 0.0263890
1542828633.811501 0.6335964 1.0915709 -0.3233872 -0.0325831 -0.3716995 -0.9274766 0.0237725
1542828634.112789 0.6359392 1.0965171 -0.3257903 -0.0316970 -0.3715002 -0.9276015 0.0232019
1542828634.712832 0.6379604 1.1069055 -0.3297819 -0.0330837 -0.3702263 -0.9280916 0.0219984
1542828635.312459 0.6409224 1.1170006 -0.3333120 -0.0339468 -0.3690721 -0.9285451 0.0209153
1542828635.661392 0.6423481 1.1231372 -0.3355152 -0.0348491 -0.3679578 -0.9289557 0.0208320
1542828636.361359 0.6458606 1.1347640 -0.3400983 -0.0345795 -0.3673350 -0.9292340 0.0198395
1542828637.011093 0.6479587 1.1454387 -0.3443812 -0.0342066 -0.3675330 -0.9291805 0.0193130
1542828637.311994 0.6490487 1.1499985 -0.3459419 -0.0334700 -0.3684458 -0.9288482 0.0191959
1542828638.511012 0.6543341 1.1690389 -0.3540635 -0.0310317 -0.3700229 -0.9283072 0.0191285
1542828638.812495 0.6556584 1.1739430 -0.3560851 -0.0309021 -0.3698601 -0.9283720 0.0193376
1542828639.810703 0.6584867 1.1901106 -0.3610487 -0.0336222 -0.3687319 -0.9287146 0.0198892
1542828640.413083 0.6611077 1.1997410 -0.3645765 -0.0337134 -0.3676930 -0.9291031 0.0207987
1542828640.711549 0.6622195 1.2045426 -0.3660824 -0.0339504 -0.3672947 -0.9292434 0.0211802
1542828641.010731 0.6637927 1.2098777 -0.3678424 -0.0346095 -0.3665947 -0.9295263 0.0197831
1542828641.511685 0.6676128 1.2201074 -0.3709416 -0.0361555 -0.3650932 -0.9301432 0.0152736
1542828642.062520 0.6728403 1.2306286 -0.3734376 -0.0379809 -0.3655953 -0.9299692 0.0074062
1542828642.360093 0.6764244 1.2362862 -0.3749721 -0.0385195 -0.3659765 -0.9298253 0.0015438
1542828642.711301 0.6797919 1.2440168 -0.3770692 0.0392067 0.3656074 0.9299307 0.0048020
1542828643.211501 0.6860183 1.2551053 -0.3811185 0.0358449 0.3671369 0.9294066 0.0113623
1542828643.460378 0.6885797 1.2614026 -0.3833079 0.0340516 0.3679460 0.9291172 0.0140532
1542828644.210265 0.6973705 1.2803260 -0.3894297 0.0280052 0.3723954 0.9274204 0.0207102
1542828644.610250 0.7020648 1.2916803 -0.3922110 0.0271392 0.3737210 0.9268174 0.0246100
1542828644.860252 0.7044451 1.2981675 -0.3931729 0.0279649 0.3749337 0.9262494 0.0265472
1542828645.110030 0.7076973 1.3050942 -0.3944286 0.0285143 0.3752743 0.9260398 0.0283982
1542828645.610881 0.7136224 1.3186139 -0.3965148 0.0307345 0.3758193 0.9256393 0.0317353
1542828645.862062 0.7177433 1.3255146 -0.3993895 0.0303761 0.3749748 0.9259220 0.0337600
1542828646.109586 0.7207891 1.3322378 -0.4005639 0.0317107 0.3750712 0.9257597 0.0358469
1542828646.609903 0.7267988 1.3462330 -0.4032127 0.0342200 0.3745850 0.9256967 0.0400092
1542828647.160697 0.7339089 1.3609631 -0.4068429 0.0344847 0.3745763 0.9255095 0.0439971
1542828647.659555 0.7387079 1.3727092 -0.4101721 0.0325414 0.3763572 0.9248664 0.0437991
1542828648.160271 0.7422454 1.3842394 -0.4129362 0.0310501 0.3782104 0.9242557 0.0417641
1542828648.410069 0.7447472 1.3894159 -0.4146222 0.0301417 0.3787175 0.9240982 0.0413183
1542828648.959410 0.7502829 1.4020889 -0.4178781 0.0303437 0.3781241 0.9243629 0.0406784
1542828649.210213 0.7521632 1.4080569 -0.4186534 0.0316081 0.3779867 0.9243806 0.0405884
1542828649.711353 0.7570074 1.4190791 -0.4210706 0.0334693 0.3770672 0.9246652 0.0411637
1542828650.009269 0.7598351 1.4251882 -0.4224870 0.0346522 0.3761180 0.9249897 0.0415746
1542828650.660056 0.7643173 1.4377182 -0.4244946 0.0371060 0.3750861 0.9252927 0.0420343
1542828652.859057 0.7802356 1.4769933 -0.4358157 0.0297423 0.3741303 0.9258773 0.0435112
1542828653.159379 0.7831393 1.4818604 -0.4363284 0.0290201 0.3743595 0.9257973 0.0437284
1542828653.461480 0.7847818 1.4867413 -0.4369432 0.0299411 0.3744026 0.9257324 0.0441100
1542828654.009818 0.7883623 1.4967362 -0.4392162 0.0318339 0.3728310 0.9262640 0.0449292
1542828655.108201 0.7931715 1.5130286 -0.4436897 0.0306978 0.3733740 0.9264243 0.0372496
1542828656.258256 0.7835841 1.5205894 -0.4466798 -0.0251771 -0.3780787 -0.9254281 0.0023373
1542828656.608639 0.7790186 1.5227807 -0.4470431 -0.0259123 -0.3776153 -0.9254641 0.0158584
1542828656.858914 0.7777021 1.5239397 -0.4467685 -0.0262967 -0.3771513 -0.9254561 0.0244206
1542828659.557699 0.7595406 1.5437188 -0.4477956 -0.0329668 -0.3649903 -0.9260869 0.0897686
1542828659.758494 0.7580532 1.5433519 -0.4479669 -0.0299901 -0.3666064 -0.9248421 0.0967856
1542828660.509142 0.7490723 1.5435741 -0.4501179 -0.0247683 -0.3690437 -0.9210056 0.1222377
1542828661.356852 0.7401254 1.5421338 -0.4496003 -0.0297550 -0.3679952 -0.9171489 0.1501065
1542828661.757569 0.7352282 1.5421464 -0.4487531 -0.0349772 -0.3652544 -0.9159418 0.1625312
1542828662.008088 0.7328624 1.5424320 -0.4485035 -0.0372250 -0.3633850 -0.9152486 0.1699577
1542828662.759039 0.7245129 1.5397189 -0.4464758 -0.0401037 -0.3600792 -0.9108899 0.1975202
1542828664.757878 0.7038306 1.5409746 -0.4439338 -0.0330369 -0.3532866 -0.8987319 0.2576397
1542828665.608401 0.6990839 1.5465373 -0.4419558 -0.0353886 -0.3547021 -0.8933267 0.2736813
1542828669.256974 0.6782920 1.5728348 -0.4441877 -0.0317344 -0.3544742 -0.8700236 0.3411743
1542828669.406035 0.6747937 1.5726492 -0.4429624 -0.0321529 -0.3541041 -0.8680696 0.3464557
1542828669.656323 0.6761560 1.5702505 -0.4396608 -0.0278714 -0.3573137 -0.8626943 0.3568035
1542828670.356910 0.6687417 1.5725865 -0.4401167 -0.0270654 -0.3533579 -0.8554736 0.3775853
1542828670.755658 0.6679595 1.5753024 -0.4391188 -0.0283971 -0.3523410 -0.8519825 0.3862320
1542828670.908169 0.6669576 1.5756128 -0.4385961 -0.0303788 -0.3518458 -0.8504193 0.3899598
