0.0 0.09129010914663423 -0.01490274588842664 -0.015034843582181186 -0.0141468989985 0.0214041048805 0.0786409538004 0.996572792087
20.0 0.09129010914663423 -0.014902745890475176 -0.015034843581083755 -0.0214352340971 0.00813169506263 0.0577919934463 0.998065374496
40.0 0.09129010914736584 -0.014902745892670037 -0.015034843580425297 -0.0174934607529 0.0126026596327 0.0422905924585 0.998872693385
60.0 0.09129010914809746 -0.014902745894718574 -0.015034843580352135 -0.0100357107323 0.0206771195751 0.0407339556674 0.998905644239
80.0 0.09129010914882908 -0.014902745896328139 -0.015034843580425297 -0.00146244887341 0.0280527289282 0.0593878825951 0.997839658985
100.0 0.0912901091495607 -0.014902745897498732 -0.015034843580352135 -0.00259718548065 0.020283231888 0.0693814746417 0.997380597419
120.0 0.09129010914882908 -0.014902745898961971 -0.015034843580059487 -0.0106713017899 0.0108260806297 0.0654764499552 0.997738319299
140.0 0.09129010914882908 -0.014902745900498376 -0.01503484357976684 -0.015362066427 0.00821347760606 0.0466168362506 0.998760940505
160.0 0.09129010914882908 -0.014902745901668969 -0.015034843579547354 -0.0143914567361 0.00383722398454 0.013378545179 0.999799568021
180.0 0.09129010914809746 -0.014902745903205368 -0.015034843579254704 -0.0139940958505 0.00100959252756 -0.00910471684494 0.999860115284
200.0 0.09129010914809746 -0.014902745904961257 -0.01503484357874257 -0.00963265272185 0.00126245817448 -0.0107639915253 0.999894871818
220.0 0.09129010914736584 -0.014902745906717146 -0.015034843578084113 -0.011030720891 0.00275281674724 0.0013116733408 0.99993451021
240.0 0.09129010914736584 -0.014902745908399875 -0.015034843577352493 -0.015321641027 0.00366479016375 0.0154145480514 0.999757074662
260.0 0.09129010914736584 -0.0149027459100826 -0.015034843576767196 -0.0176630800563 0.00573670877747 0.0249728739683 0.999515613355
280.0 0.09129010914882908 -0.014902745903059046 -0.015034843583863913 -0.0135927700952 0.00305626179474 0.0121606172783 0.999828993005
300.0 0.09129010914736584 -0.014902745913228568 -0.015034843576108738 -0.0146354863959 0.010522836374 0.0378103320537 0.999122340478
320.0 0.09129010914809746 -0.014902745913448054 -0.01503484357691352 -0.0120267023555 0.00897434786642 0.0435482745458 0.998938620384
340.0 0.0912901091495607 -0.014902745912277462 -0.015034843578230437 -0.00864541944211 0.00663742004985 0.0507007994201 0.998654409852
360.0 0.09129010915029233 -0.014902745910594735 -0.01503484357976684 -0.0118146710672 0.00431931177653 0.0484869561571 0.998744598071
380.0 0.09129010915175556 -0.014902745908912007 -0.015034843581083755 -0.0175940002539 0.00316690432928 0.0326704074074 0.999306292561
400.0 0.09129010915248718 -0.014902745907229282 -0.015034843581888538 -0.0169809853521 0.000929089511556 0.00758166653417 0.999826635603
420.0 0.09129010915395043 -0.01490274590613185 -0.015034843582181186 -0.0197357899381 -0.00823782127675 -0.0268805721595 0.999409861737
440.0 0.09129010915541366 -0.014902745904595447 -0.015034843581888538 -0.0184765698804 -0.0132490910157 -0.0619060004551 0.99782299285
460.0 0.09129010915687691 -0.014902745902766397 -0.015034843580644785 -0.01982589387 -0.0205473009084 -0.0811041604012 0.996296571069
480.0 0.09129010915834014 -0.01490274590071786 -0.015034843579181544 -0.0199226615563 -0.0228982729901 -0.0850708939991 0.995912495978
500.0 0.09129010915980339 -0.014902745898961971 -0.015034843577645141 -0.0192805339478 -0.0143279127996 -0.0699617826922 0.997260407761
520.0 0.09129010916126663 -0.014902745897498732 -0.015034843576328222 -0.0203352346809 -0.0101096813017 -0.0521980118657 0.998378505444
540.0 0.09129010916346149 -0.014902745896547626 -0.015034843575230794 -0.0199448365199 -0.00851080334896 -0.0338224389273 0.99919258021
560.0 0.09129010916419311 -0.014902745896913436 -0.015034843574060201 -0.0185396326407 -0.00301336849559 -0.0203823718443 0.999615806473
580.0 0.09129010916565634 -0.014902745898230351 -0.015034843573035934 -0.0156484481492 0.000108668314895 -0.0153697542222 0.999759413518
600.0 0.09129010916638797 -0.014902745900425212 -0.015034843572157989 -0.00892094123896 0.00227771764314 -0.016941164087 0.999814095604
620.0 0.09129010916638797 -0.014902745902693236 -0.015034843571719015 -0.00417946115685 -0.00247715202154 -0.0158599894223 0.999862418815
640.0 0.09129010915102394 -0.014902745903351694 -0.01503484358554664 -0.0124899094978 0.00344466189817 0.00866157446487 0.999878549421
660.0 0.09129010916858284 -0.014902745906790308 -0.015034843571426367 -0.012149139438 0.00564130110955 0.0152035515633 0.999794692001
680.0 0.0912901091495607 -0.014902745902400587 -0.015034843580059487 -0.0131188248442 0.00400528231319 0.00974871858002 0.999858398292
700.0 0.09129010915029233 -0.014902745902181101 -0.015034843580791107 -0.0129397190521 0.00200840668859 0.0103688824954 0.999860498394
720.0 0.09129010915468204 -0.014902745904156477 -0.015034843587522013 -0.0127013552491 0.00254746988539 0.0104242661322 0.999861750767
740.0 0.09129010915468204 -0.014902745904229638 -0.015034843578230437 -0.0134773878051 0.00336247300367 0.00925358409408 0.999860702785
760.0 0.09129010914882908 -0.014902745901961615 -0.015034843578815734 -0.0132086231488 0.00436896744795 0.0117382525016 0.999834315187
780.0 0.0912901091495607 -0.014902745901010508 -0.015034843578888894 -0.0127668809693 0.00272973378687 0.0116971034092 0.999846354734
800.0 0.0912901091495607 -0.014902745903644342 -0.015034843580791107 -0.0140311756698 0.00322145011143 0.0137045679472 0.999802447079
820.0 0.09129010915029233 -0.014902745901815291 -0.015034843581010595 -0.0130655537444 0.00389185435176 0.0121554604892 0.999833180863
840.0 0.09129010915102394 -0.014902745902034777 -0.015034843582766483 -0.012947322546 0.00355084812203 0.0124382565932 0.999832510018
860.0 0.09129010914882908 -0.014902745901595805 -0.015034843579913163 -0.0134674195447 0.00295600866516 0.0119934592082 0.999833009837
880.0 0.09129010914882908 -0.014902745901522643 -0.015034843580425297 -0.0126762675963 0.00219660883308 0.00858118725927 0.999880418037
900.0 0.09129010915029233 -0.014902745901595805 -0.0150348435819617 -0.0130496453637 0.00196136201894 0.00876113190091 0.999874543322
920.0 0.09129010915029233 -0.014902745902693236 -0.0150348435819617 -0.0127242804472 0.0030388573169 0.00999917758667 0.999864428051
940.0 0.0912901091495607 -0.014902745901595805 -0.015034843579474192 -0.012650564929 0.00341089692319 0.0088610706471 0.999874897383
960.0 0.09129010915029233 -0.014902745903351694 -0.01503484358269332 -0.0127079518466 0.0033662954318 0.0102841257532 0.999860696684
980.0 0.09129010915395043 -0.014902745903644342 -0.015034843584376047 -0.0126587977367 0.00321206762326 0.00985344413307 0.999866164594
1000.0 0.0912901091495607 -0.014902745900425212 -0.015034843577206167 -0.0127459449788 0.00374670082181 0.0109293388049 0.999852015387
1020.0 0.09129010915029233 -0.014902745902473749 -0.015034843583424941 -0.0127779473251 0.00416215053902 0.0129619434456 0.9998256791
1040.0 0.09129010915029233 -0.014902745900864186 -0.015034843582254348 -0.0119046156402 0.00340559410006 0.0105248259676 0.999867946328
1060.0 0.0912901091532188 -0.014902745904083314 -0.015034843584083399 -0.0126047599283 0.00377433923633 0.00819090448541 0.999879884523
1080.0 0.09129010914736584 -0.014902745897498732 -0.015034843579693676 -0.0128415258774 0.00395589282577 0.013263247277 0.999821750312
1100.0 0.09129010915175556 -0.014902745900059402 -0.015034843581010595 -0.0118369477678 0.00286722052053 0.00865397381638 0.999888380996
1120.0 0.09129010915175556 -0.014902745904449125 -0.015034843584449209 -0.0131752396284 0.00379004562141 0.0103746166521 0.999852197049
1140.0 0.0912901091532188 -0.014902745901449481 -0.01503484358049846 -0.0123923124814 0.00184256811616 0.00668927974207 0.999899139449
1160.0 0.0912901091495607 -0.014902745900791024 -0.015034843580059487 -0.013486121678 0.00389611814097 0.0135847460489 0.999809181524
1180.0 0.0912901091495607 -0.014902745901668969 -0.015034843580571621 -0.012878905037 0.00247835538767 0.00920041676659 0.99987166371
1200.0 0.09129010915175556 -0.014902745903278532 -0.01503484358335178 -0.0129572358112 0.00319425934961 0.0104081414373 0.999856778413
1220.0 0.09129010915248718 -0.014902745904595447 -0.015034843584888182 -0.0125006836694 0.00255228371813 0.00891725799388 0.999878843293
1240.0 0.0912901091495607 -0.014902745901449481 -0.015034843579108382 -0.0132394391261 0.0032714185912 0.0121297105362 0.999833428724
1260.0 0.09129010915248718 -0.014902745903132206 -0.015034843585692964 -0.0132026958274 0.0027094210967 0.0107778648941 0.999851081656
1280.0 0.09129010915395043 -0.01490274590576604 -0.015034843587302529 -0.0128437040518 0.00245925539464 0.0101461450364 0.999863014152
1300.0 0.09129010915248718 -0.014902745904961257 -0.015034843585034504 -0.0131179100282 0.00173090176648 0.00776660428755 0.999882295209
1320.0 0.09129010915029233 -0.014902745901668969 -0.015034843583278616 -0.0137086641567 0.00278780368379 0.0123723972529 0.999825597024
1340.0 0.09129010914882908 -0.014902745900791024 -0.015034843580644785 -0.0135010175987 0.00406860328836 0.013141140238 0.999814222456
1360.0 0.09129010915541366 -0.014902745900205728 -0.015034843581376403 -0.0121901644713 0.00368633946445 0.0110950777636 0.999857344845
1380.0 0.0912901091532188 -0.014902745904083314 -0.015034843583937073 -0.0120945889124 0.0011059787972 0.00661328278747 0.999904376538
1400.0 0.09129010914882908 -0.014902745901888453 -0.015034843579327866 -0.0130819839657 0.00285919342964 0.0127639320826 0.99982886973
1420.0 0.09129010915248718 -0.014902745906863472 -0.015034843582108022 -0.0122863638109 0.00276340894893 0.00890767592316 0.999881023995
1440.0 0.0912901091495607 -0.014902745902327427 -0.015034843580278973 -0.0125381397891 0.00321591569175 0.00991820957898 0.999867032188
1460.0 0.09129010915102394 -0.014902745902620074 -0.015034843583790751 -0.0123209392321 0.00350123109681 0.00985993376348 0.999869350237
1480.0 0.0912901091495607 -0.014902745899327783 -0.01503484358123008 -0.0117371302213 0.00377636996029 0.0103530333688 0.999870388352
1500.0 0.0912901091495607 -0.014902745901156833 -0.015034843579108382 -0.0126426675094 0.0037319057002 0.0118489317325 0.999842906988
1520.0 0.0912901091532188 -0.014902745902985884 -0.01503484358627826 -0.0130852302984 0.00365623767922 0.0115483745945 0.99984100922
1540.0 0.09129010915614529 -0.01490274590715612 -0.015034843589643713 -0.0123694941231 0.00349726848257 0.00920741767532 0.99987498628
1560.0 0.0912901091495607 -0.014902745900791024 -0.015034843580205811 -0.012403292533 0.00518137344492 0.0126491996584 0.999829640215
1580.0 0.09129010915468204 -0.014902745905912366 -0.01503484358013265 -0.0126472065735 0.00358231633283 0.011863034618 0.999843229504
1600.0 0.0912901091495607 -0.014902745901522643 -0.01503484358049846 -0.0120097013918 0.00353278289233 0.0105358984216 0.999866131721
1620.0 0.09129010915248718 -0.014902745902985884 -0.015034843583644427 -0.01240732348 0.00397897959414 0.0101079156534 0.999864018798
1640.0 0.09129010915029233 -0.014902745901815291 -0.0150348435819617 -0.0123221235821 0.0044570631565 0.0116553180824 0.999846214884
1660.0 0.09129010915248718 -0.014902745904595447 -0.015034843582839644 -0.0123870721512 0.00465792289543 0.0093337354764 0.999868864192
1680.0 0.0912901091495607 -0.01490274589998624 -0.015034843579840002 -0.0127643574563 0.00476696598125 0.0115211734026 0.999840792215
1700.0 0.09129010914078126 -0.014902745892084741 -0.015034843578669408 -0.0129465461053 0.00561138062181 0.0183840422094 0.999731427106
1720.0 0.09129010914882908 -0.014902745901156833 -0.015034843581156917 -0.0126428114879 0.00606369244185 0.0129239861423 0.999818164235
1740.0 0.0912901091495607 -0.014902745901522643 -0.015034843581303243 -0.0128188106019 0.00530696723456 0.0125198173922 0.999825368935
1760.0 0.09129010914882908 -0.014902745899254619 -0.015034843580425297 -0.013467961119 0.00708458720488 0.0195223054014 0.99969360418
1780.0 0.09129010914882908 -0.01490274590071786 -0.01503484358123008 -0.0144001095026 0.0030056201245 0.0127342655143 0.999810702871
1800.0 0.09129010915029233 -0.014902745902473749 -0.015034843581888538 -0.0134798514854 -0.00201930105539 -0.00105455613839 0.999906547603
1820.0 0.09129010915029233 -0.014902745903278532 -0.015034843583059131 -0.00935696922436 0.00123067268512 -0.00986387033665 0.999906813975
1840.0 0.0912901091532188 -0.014902745904156477 -0.015034843584229724 -0.0110006182857 0.00310006445319 -0.00241233632805 0.999931775988
1860.0 0.09129010915614529 -0.014902745904595447 -0.01503484358518083 -0.0125276020558 0.00592150933767 0.0129484411074 0.99982015022
1880.0 0.09129010915907176 -0.014902745905180745 -0.015034843585839288 -0.0143870269475 0.0094850408727 0.0279285836665 0.999461375777
1900.0 0.09129010916346149 -0.014902745906058688 -0.015034843586351423 -0.0128643761089 0.0168388201383 0.0475517915289 0.998643975141
1920.0 0.0912901091495607 -0.014902745901229995 -0.015034843579547354 -0.0128014086261 0.00469344067516 0.012833075393 0.999824688497
1940.0 0.09129010915029233 -0.01490274590108367 -0.015034843580352135 -0.0127067143013 0.0039464629803 0.0122017774246 0.999837027455
1960.0 0.0912901091495607 -0.014902745902107939 -0.015034843579693676 -0.0128616874421 0.00445076246836 0.0128754815042 0.999824479439
1980.0 0.0912901091495607 -0.014902745900864186 -0.01503484357874257 -0.0129461692556 0.00449183790458 0.0127347138633 0.999825008267
2000.0 0.0912901091495607 -0.014902745902107939 -0.01503484358013265 -0.0125232995607 0.00424562650624 0.00947043769185 0.999867717467
2020.0 0.09129010915175556 -0.014902745902620074 -0.01503484358554664 -0.0118851716937 0.00472057435177 0.0088751264236 0.999878838161
2040.0 0.09129010914882908 -0.014902745900059402 -0.015034843580352135 -0.0123223517813 0.00573080541708 0.0180138200443 0.999745377485
2060.0 0.0912901091495607 -0.014902745900791024 -0.01503484358013265 -0.0118183099219 0.00422896532443 0.00983101035485 0.999872889241
2080.0 0.09129010914882908 -0.014902745902766397 -0.015034843578596246 -0.0120773946049 0.00367370213614 0.010740674151 0.99986262975
2100.0 0.09129010915248718 -0.014902745903863828 -0.015034843584229724 -0.0126036715809 0.00370315017234 0.0101610126622 0.999862084471
2120.0 0.09129010916126663 -0.014902745908619359 -0.015034843597398888 -0.0122643054978 0.0027858623808 0.00990283147971 0.999871871647
2140.0 0.09129010914736584 -0.014902745894791737 -0.01503484358159589 -0.0134584699586 0.0048777959985 0.011116996275 0.999835731051
2160.0 0.09129010914736584 -0.014902745895230708 -0.015034843581669052 -0.0107540764163 0.00460654090657 0.00146983683641 0.999930482184
2180.0 0.09129010914736584 -0.014902745895596517 -0.015034843581669052 -0.00960931588903 0.00367827393492 0.002430413911 0.999944110657
2200.0 0.09129010914809746 -0.014902745895742843 -0.015034843581742213 -0.0122666566482 0.00466663600848 0.0181785338995 0.999748614677
2220.0 0.09129010914882908 -0.014902745895962329 -0.015034843581815375 -0.0113865135167 0.0111445184638 0.0406342979698 0.999047046363
2240.0 0.0912901091495607 -0.014902745896474463 -0.01503484358159589 -0.00788559138643 0.0182600110452 0.0446425728047 0.998805001058
2260.0 0.0912901091495607 -0.014902745897059758 -0.015034843581083755 -0.0133478803072 0.00985129822224 0.0252338724509 0.999543914841
2280.0 0.09129010914882908 -0.01490274589779138 -0.015034843580571621 -0.0208865829819 -0.00151369811177 -0.00760099307244 0.999751811338
2300.0 0.09129010914882908 -0.014902745898523 -0.015034843580205811 -0.0206436711705 -0.00218719098327 -0.0246983324904 0.999479388186
2320.0 0.09129010914882908 -0.014902745899181457 -0.015034843579986324 -0.0175968270492 -0.000348538911789 -0.0185900403875 0.999672266594
2340.0 0.09129010914882908 -0.014902745899839916 -0.01503484357976684 -0.0130236246467 0.00190842177689 0.00136325660244 0.999912438496
2360.0 0.0912901091495607 -0.014902745900571538 -0.015034843579620514 -0.01080389157 0.00832738853026 0.0247964177193 0.999599453879
2380.0 0.0912901091495607 -0.014902745901303157 -0.01503484357940103 -0.00932040469786 0.0111690998348 0.0334005612836 0.999336171551
2400.0 0.09129010914882908 -0.014902745902107939 -0.015034843579035218 -0.0111104806319 0.00786622709685 0.0251619562511 0.999590694059
2420.0 0.09129010914882908 -0.014902745902912722 -0.01503484357874257 -0.0120441644444 0.00373010580128 0.0135609786374 0.999828547438
2440.0 0.09129010914882908 -0.01490274590357118 -0.015034843578596246 -0.00696286017233 0.0112724843323 0.0166379187151 0.999773789082
2460.0 0.09129010914882908 -0.014902745904083314 -0.015034843578596246 -0.00111893898207 0.0168454620472 0.0284757106003 0.999451905941
2480.0 0.09129010914882908 -0.014902745904522287 -0.015034843578596246 0.00334261292869 0.021808300773 0.0512107711703 0.998444130571
2500.0 0.0912901091495607 -0.014902745904741773 -0.01503484357874257 0.00603760797274 0.0291060910866 0.0795664130976 0.996386254752
2520.0 0.0912901091495607 -0.014902745904888097 -0.01503484357874257 0.000295499236254 0.0264906880746 0.0915524928271 0.995447787271
2540.0 0.0912901091495607 -0.014902745904961257 -0.015034843578888894 -0.0109916678049 0.0137107019595 0.0833656011015 0.996364078258
2560.0 0.0912901091495607 -0.014902745904888097 -0.015034843579108382 -0.0200007087809 0.000242967097657 0.0574419016886 0.998148456166
2580.0 0.0912901091495607 -0.01490274590466861 -0.015034843579474192 -0.0206741642075 0.00195527751984 0.0266090946259 0.999430193614
2600.0 0.0912901091495607 -0.014902745904229638 -0.015034843579840002 -0.0211331838691 -0.00083454812767 -0.00562049550641 0.999760522375
2620.0 0.09129010915029233 -0.014902745903790668 -0.015034843580278973 -0.0251760116657 -0.00911275166856 -0.0284366360539 0.99923695084
2640.0 0.09129010915029233 -0.014902745903205368 -0.015034843580644785 -0.0315631650957 -0.0211321836722 -0.0410489494394 0.998434865764
2660.0 0.09129010915102394 -0.01490274590254691 -0.015034843581083755 -0.0325984566505 -0.0271191832068 -0.0491599124469 0.997890371501
2680.0 0.09129010915175556 -0.014902745901815291 -0.015034843581449565 -0.0292582800747 -0.0250631400454 -0.0553107283503 0.997725671408
2700.0 0.09129010915248718 -0.014902745901010508 -0.015034843581815375 -0.0288995582981 -0.0214761448111 -0.0588291276213 0.997618526531
2720.0 0.0912901091532188 -0.014902745900205728 -0.0150348435819617 -0.0275792596279 -0.0189801900762 -0.0562636142026 0.99785446962
2740.0 0.0912927491355835 -0.014900281556683773 -0.015027986043977258 -0.011786628471 0.00286392313944 0.00833284178935 0.999891712678
2760.0 0.09129210907024393 -0.014903840280244707 -0.01502591377241101 -0.0126514212308 0.00462048707767 0.0112147419899 0.999846399304
2780.0 0.09129010915760853 -0.014902745899474107 -0.015034843586863555 -0.0103472981775 0.000976558317693 0.0122012068962 0.999871546902
2800.0 0.0912901091495607 -0.014902745901668969 -0.01503484358049846 -0.0132368201026 0.00587247235194 0.0125749954394 0.99981606816
2820.0 0.09129010915541366 -0.014902745899108297 -0.015034843579840002 -0.00938188174382 2.13836364683e-05 -0.00658029344255 0.999934337632
2840.0 0.09129010915541366 -0.014902745899913078 -0.015034843579327866 -0.0102926968234 -0.00568643584258 -0.00732072677684 0.999904061297
2860.0 0.09129010915541366 -0.01490274590071786 -0.015034843578962056 0.00191764480066 -0.0114955153646 -0.0206619276334 0.99971859066
2880.0 0.09129010915541366 -0.014902745901449481 -0.01503484357874257 0.0169929295384 -0.00903284206739 -0.0399589959438 0.999015979228
2900.0 0.09129010915541366 -0.014902745902107939 -0.015034843578669408 0.0222370564595 -0.0049522438337 -0.0453397295203 0.998711819059
2920.0 0.09129010915541366 -0.014902745902620074 -0.015034843578596246 0.0148827101529 -0.00966145882951 -0.0436129476715 0.998890920945
2940.0 0.09129010915468204 -0.014902745903132206 -0.015034843578523084 -0.00231503513221 -0.0234947553971 -0.0437549925952 0.998763304144
2960.0 0.09129010915468204 -0.014902745903790668 -0.015034843578523084 -0.0100155538229 -0.0219861699879 -0.0473827848118 0.998584582654
2980.0 0.09129010915468204 -0.0149027459043028 -0.015034843578669408 -0.00377430123019 -0.00517618643585 -0.0426961722179 0.999067564593
3000.0 0.09129010915468204 -0.01490274590466861 -0.015034843578962056 0.00110320623935 0.0108761518886 -0.0176584004359 0.999784313315
3020.0 0.09129010915541366 -0.014902745904961257 -0.015034843579181544 -0.00372185998127 0.0090228774133 0.00718734383994 0.999926536067
3040.0 0.09129010915541366 -0.014902745905180745 -0.015034843579254704 -0.0182276838562 -0.0170221478848 -0.000195968681464 0.999688931428
3060.0 0.09129010915468204 -0.014902745905546555 -0.015034843579181544 -0.0352018341028 -0.050636240775 -0.0489100044099 0.99689749396
3080.0 0.09129010915468204 -0.014902745905912366 -0.015034843579035218 -0.0408487865713 -0.0587458958276 -0.115476749094 0.990729739524
3100.0 0.09129010915468204 -0.014902745906205012 -0.015034843578888894 -0.0384739044192 -0.0487795476123 -0.159006629031 0.985320864662
3120.0 0.09129010915468204 -0.014902745906570824 -0.015034843578669408 -0.0366052716358 -0.0540394616876 -0.176412650277 0.982149870178
3140.0 0.09129010915468204 -0.014902745906863472 -0.015034843578523084 -0.0391447169797 -0.0684250879365 -0.17019667621 0.982251897367
3160.0 0.09129010915468204 -0.014902745907082956 -0.015034843578596246 -0.0301173978035 -0.0602976464879 -0.13414723296 0.988666605114
3180.0 0.09129010915541366 -0.014902745907082956 -0.015034843578815734 -0.0176249212297 -0.0309638384187 -0.0805378115989 0.996114583652
3200.0 0.09129010915614529 -0.014902745906863472 -0.015034843579035218 -0.0153555993889 0.000458884981144 -0.0196712393401 0.999688470142
3220.0 0.09129010915687691 -0.014902745906570824 -0.015034843579254704 -0.018820966968 0.0243692038344 0.0448239614758 0.998520267989
3240.0 0.09129010915760853 -0.014902745906278176 -0.015034843579474192 -0.0177646894284 0.0393136881085 0.0946669061857 0.994573791435
3260.0 0.09129010915834014 -0.014902745906205012 -0.015034843579474192 -0.0122083327238 0.0316253479053 0.106811512423 0.99370121002
3280.0 0.09129010915834014 -0.01490274590649766 -0.015034843579254704 -0.0110582362977 0.0132616153803 0.0755225983811 0.99699457476
3300.0 0.09129010915834014 -0.014902745906863472 -0.015034843579108382 -0.0138838697009 0.00851760742964 0.0406167146172 0.999042026653
3320.0 0.09129010915834014 -0.014902745907302443 -0.015034843578888894 -0.0143788813843 0.0114901228357 0.0289853125935 0.999410364416
3340.0 0.09129010915907176 -0.014902745907814577 -0.015034843578669408 -0.0157737528459 0.0124858180029 0.0321375083899 0.999280978316
3360.0 0.09129010915907176 -0.014902745908473037 -0.015034843578303599 -0.0165851832407 0.00496888003229 0.026944105308 0.999486996973
3380.0 0.09129010915980339 -0.014902745909204656 -0.015034843578157273 -0.013657072896 0.00611854894959 0.0208745985088 0.999670095009
3400.0 0.09129010915980339 -0.0149027459100826 -0.01503484357801095 -0.0124431845262 0.00817578471553 0.0182127363162 0.99972327168
3420.0 0.0912901091495607 -0.014902745900132564 -0.015034843579327866 -0.0126232854427 0.0046482085005 0.0143889182708 0.999805984106
3440.0 0.09129010914882908 -0.014902745900864186 -0.015034843579693676 -0.0120171937572 0.00428325937773 0.0172648033015 0.999769557103
3460.0 0.0912901091495607 -0.014902745901376318 -0.015034843579547354 -0.0119422326723 -0.00142470764116 0.00359282683913 0.999921219338
3480.0 0.0912901091495607 -0.014902745901376318 -0.015034843579474192 -0.0123213778552 -0.00388077367232 -0.00358711821428 0.999910123874
3500.0 0.09129010915029233 -0.014902745901961615 -0.015034843580864269 -0.0141511313352 -0.00405095435166 -0.00137227316496 0.999890720088
3520.0 0.0912901091495607 -0.014902745901156833 -0.01503484357940103 -0.0141172098929 0.00231894477754 0.00806979102801 0.999865093576
3540.0 0.0912901091495607 -0.014902745901376318 -0.015034843579254704 -0.0139359311678 0.00473754251811 0.0105290899998 0.999836228478
3560.0 0.09129010915175556 -0.014902745902766397 -0.015034843584595534 -0.0138793903695 0.00408400882346 0.00759275297288 0.999866507839
3580.0 0.0912901091495607 -0.01490274590254691 -0.015034843580352135 -0.0131259103684 0.00651392449819 0.0103468833734 0.99983909769
3600.0 0.09129010915029233 -0.014902745905327067 -0.015034843579913163 -0.0125387108302 0.00630880098492 0.0120533825054 0.999828833216
3620.0 0.09129010915029233 -0.014902745902473749 -0.015034843581522728 -0.0103814446597 0.00737120395927 0.0120671918909 0.999846125081
3640.0 0.09129010915175556 -0.014902745903644342 -0.015034843579035218 -0.00742097177486 0.00824245070599 0.00706134364372 0.999913560569
3660.0 0.06494736086370821 0.007131314597453945 -0.012487792047856962 0.0155089571948 0.109948003906 0.211175205012 0.971120971595
3680.0 0.06578488437423759 0.00696752302485017 -0.013018060549725213 0.0170414849872 0.116665770631 0.219619446128 0.968434811763
3700.0 0.06656873453394496 0.006889217353503842 -0.013483087558659878 0.0188929429684 0.114868735537 0.234013881612 0.965238692508
3720.0 0.06733026210963025 0.006714597335537263 -0.01385680723517093 0.0199602029169 0.113436056228 0.244762199951 0.962717672489
3740.0 0.06805009021639874 0.006509516359456768 -0.014279995063658518 0.0217886085672 0.118851621934 0.251610444868 0.960256076541
3760.0 0.0687951432036005 0.0063804020653847856 -0.014718841094504066 0.0230513391868 0.123810337713 0.260768547947 0.957151712342
3780.0 0.09129010914882908 -0.014902745902034777 -0.015034843578596246 -0.0158867161008 0.0092894157044 0.0190024206713 0.999650052276
3800.0 0.09133832190116084 -0.014812154185501972 -0.014855251080074672 -0.0121837598141 0.00573968433678 0.0124100608036 0.999832287142
3820.0 0.09129010915175556 -0.014902745903424856 -0.015034843583132293 -0.0111134625141 0.00477621230828 0.00544264763459 0.999912024297
3840.0 0.09129010915175556 -0.014902745903498016 -0.015034843584961344 -0.00771196128398 0.00347901928202 -0.00137697685314 0.999963262332
3860.0 0.07153434988708449 0.0032099928856770947 -0.01522391067082779 0.0109908076742 0.080352706903 0.173684847792 0.981456172372
3880.0 0.0912901091495607 -0.01490274590108367 -0.015034843579327866 -0.0104820435145 0.00159928926842 0.00783054761094 0.999913122007
3900.0 0.09129010915175556 -0.014902745902254263 -0.015034843584741856 -0.00926333974582 0.00483748753018 0.000220058642133 0.99994536892
3920.0 0.07401196143273489 0.0029010493473961307 -0.016502985297800185 0.0015871241987 0.0761339154111 0.161411771859 0.983944789033
3940.0 0.07513878370794988 0.0036860335759198028 -0.017313892870117194 -0.00092024268915 0.0839585069352 0.183998277817 0.97933383278
3960.0 0.07619308094086417 0.0043715012354753014 -0.017975731249977266 -0.00339310965088 0.0867658998442 0.198693030632 0.97620758295
3980.0 0.07702753447887549 0.004098146943735237 -0.01803072800872159 -0.00597843999265 0.0804661881742 0.183129494994 0.979771932074
4000.0 0.07765316334098878 0.0027925051255187905 -0.01749123150313315 -0.0100211545316 0.0605159764861 0.141374738919 0.988053933876
4020.0 0.07838735104009731 0.0012071227471242179 -0.017009549045078617 -0.00935898597055 0.0419864346149 0.106226845941 0.993410995455
4040.0 0.0796785379601232 9.85429059319084e-06 -0.017188053030278105 -0.000271852531365 0.0452199594014 0.0982949079942 0.994129364032
4060.0 0.0812735941764045 -0.0008115896270066105 -0.01767810360912478 0.0108340783506 0.0637687369239 0.107343624983 0.992115677284
4080.0 0.08282769713843531 -0.0014004346463832487 -0.018029033308542934 0.0128850583449 0.0774561863148 0.125747218825 0.988950024739
4100.0 0.08428122628672777 -0.001827774254437818 -0.01816708823321035 0.00697670487211 0.0790605453137 0.145236432361 0.986208464007
4120.0 0.08556213056943812 -0.0023263274002818814 -0.018179935797134138 0.00167942270185 0.0775609996127 0.155272034423 0.984820829494
4140.0 0.08663227952464601 -0.0032266914515665887 -0.018102373908043385 0.00123589992984 0.0774609521697 0.151441384226 0.985425684963
4160.0 0.0875227667687346 -0.004386434094194513 -0.017962039440119364 0.00525684906178 0.0705348450272 0.141201427273 0.987450939597
4180.0 0.08827512107116614 -0.0055948931725967495 -0.017821539760844156 0.00920642187808 0.0605589754489 0.129939799616 0.989627960784
4200.0 0.0891307529611383 -0.006685532673303837 -0.01785046218452348 0.00960873954403 0.0523695175136 0.116711239091 0.991737663109
4220.0 0.09003088221751336 -0.007350568999161891 -0.01814885264694522 0.0084490354619 0.0546479348089 0.110243237115 0.992365177589
4240.0 0.09061539672477993 -0.007924624212074207 -0.018576649889740948 0.00645639283487 0.0597711475381 0.107383784418 0.992398331195
4260.0 0.0909894007303046 -0.008433155786047976 -0.018828683193410908 0.00538025674997 0.0536183784871 0.107582616202 0.992734658918
4280.0 0.09143029903658238 -0.0082894600987565 -0.018766088841380882 0.00447990531201 0.051033181581 0.116422600405 0.991877675392
4300.0 0.0916948132073001 -0.00790439295883945 -0.018495817109978847 0.0016312338213 0.0447635970378 0.11397358267 0.992473466602
4320.0 0.09171730880650132 -0.0075497407933101035 -0.018136988731156746 -0.00261064369453 0.0388371210451 0.103022381104 0.993917125097
4340.0 0.09162126208581292 -0.00700350455773347 -0.017766815091178927 -0.00423897838642 0.0333061450757 0.0891705361918 0.995450323842
4360.0 0.0914909834349122 -0.006568543386741499 -0.0174365238415183 -0.00749225833377 0.0273950567273 0.0753832506321 0.996750090271
4380.0 0.09131145601416303 -0.006672757895503986 -0.016886927378790353 -0.0111410396996 0.0209832519546 0.0527581755256 0.998324674285
4400.0 0.09130785251126923 -0.007457094281571585 -0.016107155191352356 -0.0136438910243 0.0168379502212 0.0284692708138 0.999359709159
4420.0 0.09173185880214765 -0.008701812699673269 -0.0153969269680515 -0.0149610538219 0.0172574949975 0.0220503574738 0.999495936695
4440.0 0.0922317542147443 -0.010158602871712994 -0.014928216154236876 -0.0103521720182 0.0195117196546 0.0231275054162 0.999488491091
4460.0 0.09233761492677765 -0.011493550679512689 -0.014680434468452666 -0.000710092828157 0.0202685038003 0.0222935007312 0.999545738497
4480.0 0.09217647226389389 -0.012556822958792721 -0.01460351054670708 0.00569416943595 0.0138200155419 0.0223561716387 0.999638327194
4500.0 0.09192012932477486 -0.013379151317795285 -0.014548928107540814 0.00504042665193 0.0046179121496 0.0234048678499 0.999702696379
4520.0 0.09157350565823423 -0.013998430845068185 -0.01453417268952077 0.00046343693192 0.00521790458679 0.0202395742345 0.999781435281
4540.0 0.09112078992522435 -0.014636739244113326 -0.014552652223455795 -0.00791761770305 0.011736437076 0.0142639754747 0.999798032794
4560.0 0.09073252703138276 -0.01498525367702639 -0.014561792539263365 -0.0126174089197 0.0124335433723 0.00970323604343 0.999796006794
4580.0 0.09022569221995211 -0.015333159423502107 -0.014654534694700017 -0.0156347045246 0.00729363605949 0.0076744261165 0.999821715143
4600.0 0.0896556447228356 -0.01573925600716303 -0.014839780377953634 -0.0162430148398 0.00231653789416 0.00615635953264 0.999846436888
4620.0 0.08905227969870676 -0.016059754884053933 -0.015034023351171428 -0.0136134096238 0.00190384423877 0.00362667251988 0.999898943745
4640.0 0.08843088998876668 -0.016202162479686283 -0.015222255313823655 -0.0115540242921 0.00395215463372 0.00174586620757 0.999923915579
4660.0 0.08781116509838825 -0.016256082118265715 -0.015395959584494016 -0.0136846475726 0.00461828780327 0.00224097025236 0.999893184241
4680.0 0.08719328323491365 -0.016203324798279385 -0.01558208497678115 -0.0163717963771 0.00470276432048 0.00415699214519 0.999846272038
4700.0 0.08655529213110774 -0.01607885209860051 -0.01571366579695941 -0.0163454754725 0.00651177252394 0.00477797561149 0.999833782786
4720.0 0.08588037956208162 -0.01585182347447946 -0.015842781027300527 -0.0151634460807 0.00583833793209 0.00462182447911 0.999857301044
4740.0 0.08533289518467262 -0.01541006770166918 -0.015858306011038954 -0.0139420912249 -0.000135693856227 0.00485085590971 0.999891028501
4760.0 0.08480457821082837 -0.014849328266336812 -0.015793282382560295 -0.0138910537168 -0.00436619450695 0.00432068726372 0.999884646664
4780.0 0.0843367168912993 -0.014081335071201994 -0.01563977809618501 -0.0135891806873 -0.00471075743529 0.0025509686862 0.999893312055
4800.0 0.08393082179740662 -0.013203175932134227 -0.015412285000791979 -0.0153578898252 -0.00305498713726 0.00068493480953 0.999877159024
4820.0 0.08359344248556835 -0.01228899930626165 -0.015129255032061936 -0.0198702340612 -0.00192888142976 0.000398149038815 0.999800627471
4840.0 0.08326194919442917 -0.011306641923367718 -0.014851759081309776 -0.0232770841676 -0.000997033174995 0.000725568836395 0.999728291501
4860.0 0.08294812042778936 -0.010322308239200972 -0.014650205683457786 -0.024193509654 -0.000625887332421 0.00128387288776 0.999706273876
4880.0 0.08260094388310085 -0.009387436996275313 -0.01456016828914501 -0.0235660135344 -0.000478380010764 0.00188649708373 0.999720388552
4900.0 0.08219342932132595 -0.00857299803702424 -0.014669871065333873 -0.0214723336603 0.00209355798775 0.00192644589022 0.999765394834
4920.0 0.08175672797028868 -0.007787659416951286 -0.014814780170360671 -0.0211901790895 0.00429734454847 0.0021086479154 0.999764003525
4940.0 0.08128379270738148 -0.00701014231567617 -0.014980377267326045 -0.0228420787263 0.00444635957886 0.00286902567648 0.999725081219
4960.0 0.08075490394080963 -0.006260144510644079 -0.015216171285503169 -0.0238443625822 0.00448419893351 0.00323239837313 0.999700400087
4980.0 0.08021580394452721 -0.005541553219933003 -0.015520674756749923 -0.0241719452768 0.00622670119059 0.0030525192927 0.999683763687
5000.0 0.07964167910550538 -0.004809363395070613 -0.015834590027394374 -0.0258419386764 0.00993676291747 0.00205406653092 0.999614543591
5020.0 0.07904201149871071 -0.004072339066006924 -0.016152290759657878 -0.0287925395299 0.0122713419093 0.000896775036229 0.999509679608
5040.0 0.07844003322282468 -0.0033430050427122747 -0.016498989415084857 -0.0307881901932 0.0122726162662 0.000877074839452 0.999450199347
5060.0 0.07782968939040252 -0.002577957554613591 -0.01676256975757138 -0.0321625949091 0.0116073383834 0.00029347309785 0.999415204536
5080.0 0.07724157234085963 -0.0017018063106196799 -0.017016345952225186 -0.0323695418119 0.0106068511869 -0.000415370507528 0.999419599036
5100.0 0.07666387712305327 -0.0008032454752589201 -0.017232845139578026 -0.0331646141884 0.0101188123108 -0.00186184356018 0.999396943933
5120.0 0.0761235589848169 0.000189903925104139 -0.017401461724553438 -0.03473122117 0.00951336438713 -0.00326331907992 0.999346080656
5140.0 0.07558654097726211 0.0012017877546052287 -0.017551709295108124 -0.0368203614864 0.00849568268957 -0.00435368474782 0.999276303024
5160.0 0.07506950741683166 0.0023058151148097053 -0.017666394862028218 -0.0368687664016 0.00683371385582 -0.00546428400314 0.999281810111
5180.0 0.07459847906371839 0.003405309654394211 -0.017803582416072744 -0.0349591186097 0.00560160324208 -0.00604298736997 0.999354774027
5200.0 0.07408052520249668 0.0045135584704497035 -0.017934070970375214 -0.0355982064179 0.00655837131754 -0.0060198536866 0.999326531634
5220.0 0.07362349522965851 0.005629307179427616 -0.018129039107714084 -0.036291945639 0.0104608765196 -0.00658667623196 0.999264769939
5240.0 0.07305303481752862 0.0065602865806325 -0.01834487687336487 -0.0404362635155 0.0135226153954 -0.00596592868806 0.999072797728
5260.0 0.07248578101598328 0.007472359061988058 -0.018575892119058787 -0.0423157551318 0.0136069376407 -0.00467739996849 0.999000675698
5280.0 0.07184589516593683 0.008452551041416439 -0.018838726267071747 -0.0409507660415 0.0139294327614 -0.00338270028258 0.999058338138
5300.0 0.071230746469915 0.009301951916232393 -0.01919143921935637 -0.0394225722051 0.0146408888634 -0.00221955828927 0.999112895891
5320.0 0.07060083521701485 0.010217711322009096 -0.019373663251125547 -0.0368455016285 0.0159388507908 -0.00259679887945 0.99919048168
5340.0 0.0912192754144032 -0.01984299182346929 -0.004449649496701171 -0.0328544620922 0.0200528520451 0.00755555419022 0.999230394377
5360.0 0.0903315540213681 -0.018556779455764186 -0.004657386013615474 -0.0328046529344 0.0213136073647 0.0105883330213 0.999178398531
5380.0 0.09140133975270152 -0.01692072645536061 -0.008078549311669882 -0.0382238725765 0.0160780643295 -0.00962559409215 0.999093478785
5400.0 0.07657177131244744 0.0058434213081095315 -0.016240105534651328 -0.0171578974095 0.0334459750325 0.0190748684881 0.999111166339
5420.0 0.08476171805044201 -0.002790996910366088 -0.015546920750716365 -0.0221584810954 0.0280271573153 0.0172697357266 0.999212307969
5440.0 0.08640000951786549 -0.007259498137314505 -0.015139810105025105 -0.0249349549877 0.0265429982253 0.0160168315742 0.999208275772
5460.0 0.08744358081667397 -0.008505186354059613 -0.014859590797189983 -0.0259604750413 0.0257409651164 0.0162790883042 0.999198902989
5480.0 0.0865713835109961 -0.007179037467782183 -0.015321000232709148 -0.0250830011232 0.0263619616426 0.0164124065986 0.999202943822
5500.0 0.08641477659110912 -0.007305642354384415 -0.015118844848671726 -0.0250255791508 0.026445610149 0.0160315595919 0.999208356245
5520.0 0.0773138564766897 0.005577301258917765 -0.01700638974311148 -0.0174720187217 0.0335082676135 0.0205913441439 0.999073531383
5540.0 0.07784332771032938 0.0049837363370466735 -0.019233466248437962 -0.0174825110432 0.0340092296403 0.0208283822366 0.99905150648
5560.0 0.07454286654998714 0.012247973062350414 -0.01634589122904564 -0.0160865182095 0.0373117779741 0.0360081433862 0.998525146787
5580.0 0.0749252745199191 0.010447312275638445 -0.016120601868608125 -0.0156389710945 0.0376021777014 0.0286982487246 0.998758183614
5600.0 0.07524891959787182 0.008875418308565418 -0.01587720678677754 -0.0149550492968 0.0357470790394 0.0206050030334 0.999036499178
5620.0 0.07573371856907998 0.007417186865011288 -0.015958850029247743 -0.01448481012 0.0345616597842 0.0157018853682 0.99917422542
5640.0 0.07637586369298884 0.006216303755912871 -0.016206051751715116 -0.0114729715663 0.0370995928288 0.00952874767433 0.999200277273
5660.0 0.0767004787487515 0.005439865137672268 -0.016375306205779087 -0.00942458234607 0.0417981420366 0.00178760780874 0.999080025337
5680.0 0.07703990471059345 0.0046880491937251875 -0.016471516328229012 -0.0155485703723 0.0350042476878 -0.0062606189138 0.999246590814
5700.0 0.07742418902834433 0.0037233068453945855 -0.0167208302933137 -0.0263245622064 0.0284259077078 -0.0116897109892 0.999180832409
5720.0 0.07821561123900934 0.0031137025147005087 -0.017144411827684614 -0.0283041477649 0.0300458258362 -0.00474354643526 0.999136438299
5740.0 0.07921733185761647 0.0025489463406015438 -0.017608906236645062 -0.0318326686999 0.0379531498686 0.0140978433651 0.998672864571
5760.0 0.08013129686824211 0.0018160287296591793 -0.017730418358234485 -0.0358154150096 0.0460801427718 0.0288468480913 0.997878617791
5780.0 0.0806608060620013 0.0007853729714460332 -0.017485465884968094 -0.0376768204438 0.043818316636 0.029222099779 0.997901037785
5800.0 0.08111380452163003 -0.0006496380680420865 -0.01704285083084114 -0.0372578893632 0.0324526118032 0.0285086525144 0.998371641424
5820.0 0.0819996312200038 -0.0017752776786091158 -0.016940846437268044 -0.0291878099956 0.0309868320865 0.0389022405556 0.998335867163
5840.0 0.08320377729289437 -0.002980327830300724 -0.017004841955874896 -0.0242939661197 0.0428437063524 0.0553447906528 0.99725181082
5860.0 0.08429241087799218 -0.004173812731683157 -0.016784802816874896 -0.0236989496511 0.0505627473053 0.0672613746921 0.996171509252
5880.0 0.08508103093314096 -0.005644319658416503 -0.016247643703614208 -0.0281238464006 0.0460184707988 0.0665672944331 0.996323313448
5900.0 0.08585341467954043 -0.00704481920473721 -0.015711542513972217 -0.0334304405344 0.0333610809317 0.055963129576 0.997315181902
5920.0 0.08671642957827036 -0.008248911310475435 -0.015420197020926367 -0.035316178639 0.0284373027024 0.0440597295403 0.997999412612
5940.0 0.08756225414195856 -0.009357338002478332 -0.0152803848324479 -0.0331702364761 0.0277852792106 0.0275283764285 0.998684085265
5960.0 0.08823041619529633 -0.010762631618636082 -0.015108054052548319 -0.0366720223405 0.0237442891381 0.00727732211136 0.999018724596
5980.0 0.0888833225152148 -0.011919785785729636 -0.014652000651687034 -0.0414838195777 0.011231094414 -0.0133125153427 0.998987353357
6000.0 0.08958610029653392 -0.012989158743984016 -0.013926142270497726 -0.0497315200953 -0.00248056561262 -0.0299722044871 0.998309716301
6020.0 0.09035176874964135 -0.014023867861735227 -0.013239256306606063 -0.0509496088441 0.00108092184098 -0.039890354369 0.997903666991
6040.0 0.09099355941229213 -0.014879459314028896 -0.012721132972857045 -0.0421303102949 0.0130068663837 -0.0412139250135 0.998176973671
6060.0 0.09141634793873268 -0.01562532743789508 -0.01201729047541 -0.0294076893633 0.0159297892471 -0.0311630275569 0.998954601238
6080.0 0.09174618868470405 -0.016293924212555225 -0.011111861238344642 -0.0249250713391 0.0128011741 -0.0144396087515 0.999503060755
6100.0 0.09197450505267193 -0.016782882142961853 -0.00992674245853602 -0.0301729514876 0.00720594937317 -0.00813295428335 0.999485628885
6120.0 0.09211430610398716 -0.01714857119944377 -0.008735666281005099 -0.035610368215 0.00475447298262 -0.0172106081228 0.99920623078
6140.0 0.0920370656437172 -0.01782566803215579 -0.0076562139166060795 -0.0396040155628 0.00907507635493 -0.0296306660896 0.998734793911
6160.0 0.0917956421121635 -0.01852277067464658 -0.006694826582185835 -0.0394368200441 0.0107754485185 -0.0362635889725 0.998505673018
6180.0 0.09145601043917728 -0.01905747045335057 -0.005961823231108956 -0.0385279756879 0.0049888012564 -0.0374067235862 0.998544662988
6200.0 0.09147767919549658 -0.01941530769736678 -0.005241919019799012 -0.032203333717 0.00679492815999 -0.0293872618426 0.999026107312
6220.0 0.0915199835095515 -0.019561472651253235 -0.004583175346864064 -0.0276396928729 0.01190808524 -0.0172102352274 0.99939884565
6240.0 0.0914485206899436 -0.01957308977856334 -0.0037502196937096483 -0.0320158342248 0.00688845495069 -0.00974116943356 0.999416152144
6260.0 0.09132929529787805 -0.019673461394324975 -0.0027012148968561266 -0.0345182677376 0.00579798578049 -0.0155689388779 0.999265970948
6280.0 0.0912239410478056 -0.01998957492799036 -0.001596617522617383 -0.03608534453 0.0136456975983 -0.0226208513647 0.998999469435
6300.0 0.09090419205063291 -0.02043136859178202 -0.000528541517505294 -0.0376469556499 0.016033262141 -0.024554320268 0.99886071431
6320.0 0.09069358132203065 -0.020913753356017622 0.0004062846323277392 -0.0393862374995 0.010041416434 -0.0189479071822 0.998993929444
6340.0 0.090873842350165 -0.021453086138736387 0.001125815833397871 -0.0351225556521 0.0129393503699 -0.00354298946938 0.999292963311
6360.0 0.09099067490120472 -0.02201986033376102 0.0016908357548753347 -0.0336012491748 0.0214312801177 0.0128594681694 0.999122760408
6380.0 0.09095900490263975 -0.02211415462130776 0.002356560625568183 -0.0298817966809 0.0247063314561 0.0231231093312 0.998980478902
6400.0 0.09076916269571562 -0.022048916782232295 0.003035902748954416 -0.0308263513878 0.0247857527359 0.0281253399245 0.998821489444
6420.0 0.09047799374996546 -0.021829652691859564 0.0037004336425266737 -0.0323881033485 0.0235554171825 0.028131299763 0.998801673535
6440.0 0.0901006436365444 -0.02184401076879447 0.0043685289562969895 -0.0365940158897 0.0217892734769 0.0205435184018 0.998881409084
6460.0 0.09005776076154243 -0.022069977164442953 0.005104387567301149 -0.0357062105201 0.0258973196836 0.0156059406471 0.998904825286
6480.0 0.09016516842032693 -0.022239473073107467 0.005753491499718485 -0.033315657082 0.0324680796767 0.0210533243798 0.998695473269
6500.0 0.09009310676876822 -0.02234252169765946 0.006344996585556546 -0.0361088145143 0.0289275756552 0.0309444038479 0.998449694652
6520.0 0.09043643252655813 -0.022558403193865408 0.00692339579735542 -0.0305808026136 0.0362016892645 0.0487607312364 0.997685643525
6540.0 0.09079452918835557 -0.022957511490506684 0.00735522955519255 -0.018314237535 0.0514948274411 0.069985184946 0.996049670116
6560.0 0.09052113062451499 -0.0234984878703843 0.007076794574579055 -0.0202422009398 0.0433019022031 0.0769015190196 0.995892240626
6580.0 0.09020492627723554 -0.02419712524127453 0.006375932542534283 -0.0144534167141 0.0381671970816 0.0761891031753 0.996257790117
6600.0 0.08979607551998599 -0.02500952609511544 0.00548660077019212 -0.0027632896566 0.0447277955179 0.0724908763529 0.996361812488
6620.0 0.08912551067704949 -0.02567600988053975 0.004622465239225909 -0.00197180409158 0.0403449245812 0.0556224277541 0.997634474434
6640.0 0.08854772002303252 -0.02639317564501747 0.003863536759033881 -0.00780770592965 0.0340796246001 0.0463779621064 0.998311926978
6660.0 0.0880338793077506 -0.02722779680601999 0.0030795352254759534 -0.0122692745097 0.0324741668874 0.0428304671533 0.998479065615
6680.0 0.08749587185909094 -0.028094497279931525 0.002256775402726997 -0.0139568871747 0.0322492420885 0.0396474607936 0.998595649168
6700.0 0.08695411829791289 -0.02888757348649426 0.00143685819588958 -0.0157688046724 0.0305531528054 0.0376688635194 0.998698606374
6720.0 0.08644026084901137 -0.029418960829175264 0.0009058215443174673 -0.0195094757353 0.0279016230309 0.0357066640784 0.998782215465
6740.0 0.08589646523606319 -0.02985839637112895 0.00033566659290503955 -0.0275250771225 0.0269012869127 0.0336489815219 0.998692363511
6760.0 0.09042053710238888 -0.021979128145828516 0.0036114216992677714 -0.0381763542072 0.0266705876646 0.0262378185746 0.998570389412
6780.0 0.090423536769049 -0.022008653916360713 0.0035614495164899788 -0.0376223673632 0.0251531014649 0.0224573741536 0.998722957234
6800.0 0.09093670747157744 -0.022075181119602497 0.002482500396561345 -0.0357171909138 0.0219438306562 0.0135878413833 0.999028588748
6820.0 0.09088704028661362 -0.022067765611978162 0.0018018004954648214 -0.0360218096441 0.0222124161748 0.0140379489797 0.99900549237
6840.0 0.09079043850462236 -0.020036277893736784 -0.0003943063334478825 -0.0296997071536 0.0186249322846 -0.00495039762366 0.999373069907
6860.0 0.09073249979462206 -0.02138852252266976 0.0010340913997245937 -0.0318878927054 0.018186396036 -0.00301906249676 0.999321421045
6880.0 0.0907264491308213 -0.01952864454230201 -0.003740261325781959 -0.0315319867507 0.021115531159 0.00516680613769 0.99926631699
6900.0 0.09030933628277904 -0.019067546905212417 -0.005361069764630258 -0.0298595511434 0.0197972596037 0.00251378992967 0.999354870193
6920.0 0.08010103278856684 -0.03058587447158523 -0.0045608655308893254 -0.0264018111349 -0.00084629499709 -0.0131502280879 0.999564555021
6940.0 0.07960434992292188 -0.029688266395387106 -0.004488853741302882 -0.0241819762988 -0.00807819646222 -0.0212866996085 0.999448273391
6960.0 0.07921653608006428 -0.028604539347747968 -0.004277261980956581 -0.0229178314263 -0.0135091960025 -0.0274575729115 0.999268910912
6980.0 0.07888299031522376 -0.027444426793475127 -0.004006041733570189 -0.0230504705036 -0.0164653859482 -0.0321403819563 0.999081859871
7000.0 0.0785949214810169 -0.026216428941480567 -0.00370775114783339 -0.0242290098012 -0.016863661488 -0.0359725519609 0.998916686972
7020.0 0.07827981859103231 -0.025006814502048 -0.003438947460720172 -0.0264255367276 -0.0150844975393 -0.0388392347927 0.998782089739
7040.0 0.07792887422372449 -0.02382974871448581 -0.0032227498818258892 -0.0277847003579 -0.0140863048135 -0.0404871758457 0.998694335137
7060.0 0.07751544100366872 -0.022752345643434653 -0.003174296865108149 -0.0280697954544 -0.0152062350448 -0.040800325863 0.99865719364
7080.0 0.0770629197119239 -0.021801228761259617 -0.0033046466463663117 -0.0300238355783 -0.0245117758484 -0.0365009631747 0.998581705134
7100.0 0.0765596870140401 -0.020923424365123736 -0.0034846895290303885 -0.021807886052 -0.0193563829884 -0.038032608953 0.998850973469
7120.0 0.09129010915248718 -0.014902745904083314 -0.015034843583498103 -0.0178378029958 -0.0119821118047 -0.00115887942861 0.999768422576
7140.0 0.09129010914882908 -0.014902745903790668 -0.01503484357874257 -0.0185981202834 -0.0083006324598 0.00528645314761 0.99977860691
7160.0 0.07495799522839969 -0.018247512408739057 -0.004122551149613953 -0.0155496961318 -0.0178497343994 -0.0310844633801 0.999236383479
7180.0 0.07435619969004874 -0.017465206915395534 -0.0045349440731911874 -0.00990499967581 -0.00693974206513 -0.0311288395398 0.999442207589
7200.0 0.07369706538497953 -0.01677726631542101 -0.005110977565253279 0.00195005603748 0.00330218265681 -0.0315712966741 0.999494145104
7220.0 0.07306509168588117 -0.016064274398614947 -0.005678876648312927 0.0124886522927 -0.000253937968293 -0.025846569619 0.999587877037
7240.0 0.07245750307743493 -0.01532687489617359 -0.0061599016441871825 0.0160520984706 -0.00791764669873 -0.0169894642875 0.99969545318
7260.0 0.07204858286673824 -0.014310577795143414 -0.006820871335988366 0.0162147033846 -0.00722024563801 -0.00932849468004 0.999798945106
7280.0 0.0718432281563475 -0.012828091659087272 -0.00779986353288904 0.0157669122185 -0.00593141030774 -0.0100149514117 0.999807943357
7300.0 0.07175493919028683 -0.01108929120394731 -0.008916678717944104 0.0140542898083 -0.00661493527867 -0.0134090404423 0.999789436433
7320.0 0.0718575704307228 -0.009327890630402586 -0.010012409030896247 0.00685481553384 -0.0141515114429 -0.0221065652667 0.999631955272
7340.0 0.07231505377322646 -0.007705037882830669 -0.010983743251034166 -0.00505553241016 -0.0361956146716 -0.0494018844629 0.998110100581
7360.0 0.07218943201008535 -0.006319392114617268 -0.01182453558562701 -0.0100232995166 -0.0448079304673 -0.0950993743492 0.994408312431
7380.0 0.07209883638991924 -0.005232621570877062 -0.012509294323829655 -0.0133486663466 -0.060698158355 -0.146340791037 0.987280061359
7400.0 0.07244558185902251 -0.004341175013171215 -0.013163947747474862 -0.0183496087603 -0.084014579065 -0.188501436882 0.978300593201
7420.0 0.0730305353150599 -0.003522899525598914 -0.013839096559477453 -0.00670509985847 -0.0690406177562 -0.191049319546 0.979126443437
7440.0 0.07398418381368285 -0.002732760145269985 -0.014493407382819812 0.00611637411708 -0.0478871413232 -0.157607432956 0.986321098193
7460.0 0.07531691950713336 -0.001857694486426897 -0.015042667168077084 0.0117915940951 -0.0261635740715 -0.0965896394119 0.994910482033
7480.0 0.07683712726427047 -0.0007307357812986926 -0.01556092959082064 0.0146546569189 8.0632748319e-05 -0.0242687954284 0.999598049267
7500.0 0.0780112692943641 0.0006223223495633719 -0.01608565720494267 0.0140052967167 0.0217465184316 0.03576761403 0.999025334207
7520.0 0.07859878733563568 0.0018793174663831204 -0.016494137812361014 0.0118502725968 0.0296543496075 0.0692691297375 0.997086745601
7540.0 0.07886129214923149 0.003040503854770207 -0.01695275427573517 0.0165292411199 0.0391679626818 0.0873776067897 0.995267707061
7560.0 0.07892906345860755 0.004231797938729116 -0.017360726018917347 0.0241811572983 0.0457862904091 0.0968690352663 0.993949333341
7580.0 0.07883659658240716 0.005417361498490657 -0.01766679735671994 0.0268248143857 0.0440559747208 0.101751789145 0.993471727746
7600.0 0.07865025723741939 0.006727837947398235 -0.017797550353425565 0.0193548110133 0.0404997428678 0.104944177297 0.993464585061
7620.0 0.0783879198931745 0.008111413823194137 -0.017835046710297522 0.0102877856738 0.0408470500263 0.102418359001 0.99384916346
7640.0 0.0780368798891921 0.009380701063535508 -0.01795519266287952 0.00299190407234 0.0443334577763 0.0952964412704 0.994456726717
7660.0 0.07759525855768522 0.010548016733131823 -0.01818494250387466 -5.06238522176e-05 0.0454310787046 0.0868317545206 0.995186545795
7680.0 0.0769832241929058 0.01205217705822699 -0.01832135987559121 0.00476292745806 0.0383947101146 0.08055545338 0.995998985787
7700.0 0.07650279214769891 0.013420456974597511 -0.018450623865484052 0.0072590177693 0.0270239418872 0.074034468365 0.996863035085
7720.0 0.07590859406772286 0.015027639133260223 -0.018536885973626138 0.00821960892478 0.0267166842853 0.0663881283343 0.997402262493
7740.0 -0.5162597679615885 -0.12157679682726227 0.237741168702487 -0.0345777253992 0.0613937823125 -0.0579658528614 0.995828873001
7760.0 -0.5171439548991277 -0.12250913241036723 0.2371756410919604 -0.0622383021643 0.0590680695757 -0.058603289567 0.994586854605
7780.0 -0.5180240482718128 -0.1234264279205017 0.23586786677323351 -0.0846149101341 0.0463949492185 -0.0557501166467 0.99377047157
7800.0 -0.5190030218238091 -0.12447241046643963 0.23431292182670696 -0.100775043666 0.0299633685715 -0.0490660067937 0.993246753881
7820.0 -0.5199314464618042 -0.12571818689719821 0.2321193679259539 -0.11555780548 0.0172717951113 -0.0424611287776 0.992242476025
7840.0 -0.5208556005618468 -0.12690707073183335 0.2303925881503729 -0.13157466508 0.0119987036796 -0.0385035370028 0.990485545708
7860.0 -0.5215967504797582 -0.128297147939968 0.22934390013985814 -0.153582460897 0.00460066667651 -0.0332841873095 0.987564390025
7880.0 -0.5187011275438816 -0.12310282398521678 0.2377683182313606 -0.183845270591 -0.00479036719327 -0.0247224630115 0.98263257054
7900.0 -0.5170579693411195 -0.11862646283483318 0.24212325781404362 -0.209663514225 -0.0118276698077 -0.0174777490758 0.977545827732
7920.0 -0.545715447949508 -0.12481914666276767 0.2613450503395123 -0.234986245944 -0.00301968466544 -0.0172755987826 0.971840470143
7940.0 -0.3600888246964935 0.008166054731918736 0.2210997879365207 -0.140983952621 -0.135502690213 0.00127948760305 0.980694095506
7960.0 -0.5770935747084018 0.0048585254609260055 0.16132947700642608 -0.136012103694 0.00851596637036 -0.0364319026367 0.990000455776
7980.0 -0.577833866474472 0.007978580026497534 0.1607327561057609 -0.144867486331 0.00122954940288 -0.0284497926427 0.989041206882
8000.0 -0.5787401873771489 0.01031770287872778 0.16338407928020654 -0.144380717319 0.0150061279417 -0.0178103221409 0.989248106905
8020.0 -0.4621486064443943 0.2733534090167544 0.08581855551807194 0.0617910450596 -0.0537592069178 -0.0293103334047 0.996209174209
8040.0 -0.5063525082972293 0.11620032577844526 0.19242401561017095 -0.0476722161783 -0.0493312327868 -0.0425327605957 0.996737053366
8060.0 0.056436023779212315 -0.012259429717526178 -0.00411732172199608 -0.0396644366976 -0.1049496087 -0.240390250145 0.96417054494
8080.0 -0.4841737334534409 -0.09923049621876565 0.2999410910901444 -0.207254891331 0.0231060757912 0.0655819555835 0.975812751701
8100.0 -0.49120729968113463 -0.06863707557012116 0.3110288545684691 -0.148473379349 0.0308576299399 0.0620098069265 0.986487833754
8120.0 -0.48588520171906546 -0.06022362605767134 0.3242016772275604 -0.0944646719441 0.0235384910966 0.0600246701688 0.993438173296
8140.0 -0.5369234834983665 0.2604271339507807 0.1408346185184638 0.0639221265131 0.00730797760317 -0.0420451391521 0.997042005875
8160.0 0.0763787574876063 0.008415075643271343 -0.013035690290361482 -0.106406087933 -0.00855816534842 0.120615092394 0.986943008356
8180.0 0.07367011009105404 0.012206247565382801 -0.01393979891048965 0.00180280148849 0.0380894396312 0.121158528777 0.99190047656
8200.0 0.07377429039416027 0.009661285743940753 -0.013139313734427432 0.00827668287661 0.0329083528895 0.106501662822 0.993733330752
8220.0 0.07374097524345066 0.007356989737290669 -0.012495888367901574 0.0135400866068 0.0276534004404 0.0870410566051 0.995728783336
8240.0 0.07347385493951328 0.005156369661491039 -0.011927763084612526 0.0127085166869 0.0164860909753 0.0610449782258 0.997917939032
8260.0 0.07277492356839378 0.002993698507095333 -0.011383589384264977 0.0081362730343 0.000362969601692 0.0233589231814 0.999693968183
8280.0 0.07165649038747653 0.0009106487858191138 -0.010756681696171078 -0.00173445272793 -0.0227644126729 -0.0257951032039 0.999406516809
8300.0 0.07021226798646601 -0.001013218262693386 -0.010090426214472339 -0.0131662140386 -0.0454358075725 -0.0810562070668 0.995586324481
8320.0 0.06871968088773142 -0.0029567081414305046 -0.009542297457066204 -0.0171348421576 -0.0576434113264 -0.131716702087 0.989461643878
8340.0 0.06722909461301164 -0.00476463022693147 -0.009065321833611526 -0.0184539235321 -0.0674867283984 -0.176195038462 0.98186572535
8360.0 0.06562870526098319 -0.006476103021717372 -0.008494891552824891 -0.0243372890912 -0.0863550028206 -0.212765992637 0.972975406793
8380.0 0.06401542085870295 -0.007995803026556806 -0.007946354824475895 -0.0289375698014 -0.105500739874 -0.240233102107 0.964531112817
8400.0 0.06269210414967366 -0.009542746213060884 -0.0074224814650000704 -0.0314901170187 -0.111523065877 -0.253009869594 0.960498299944
8420.0 0.06156079444905686 -0.011072724920247263 -0.0068711702635839925 -0.0321764578156 -0.110272426054 -0.25550111255 0.959960337254
8440.0 0.06035849951703193 -0.012574897864338566 -0.006186651461277143 -0.0347272332981 -0.111070935432 -0.254795503324 0.959966935918
8460.0 0.059044925981062785 -0.014072928976170084 -0.005390388799757102 -0.0375620060571 -0.111600474331 -0.25386316228 0.960045793005
8480.0 0.05771938580242505 -0.0155895616458144 -0.004531779174731111 -0.0383745687897 -0.112211157946 -0.251713522622 0.960508381552
8500.0 0.056478851800323485 -0.01716539789519704 -0.0036730871660323942 -0.0372507192293 -0.112141045217 -0.244236303396 0.96248916773
8520.0 0.05533479890975981 -0.018767315953804545 -0.002747376619009986 -0.0353634320704 -0.108742435274 -0.232714010519 0.965799513228
8540.0 0.053971354804601 -0.020407583782274214 -0.0017140309871950552 -0.0378613106196 -0.108425023717 -0.225851105766 0.967368499288
8560.0 0.05230082888030535 -0.02218718421794255 -0.0007959588298795502 -0.0357592593289 -0.104282433542 -0.228317651802 0.967324919199
8580.0 0.05079509526442141 -0.023970112422127432 7.005535855226482e-05 -0.0344962215166 -0.104516593762 -0.225749233431 0.967948126676
8600.0 0.049809907176357915 -0.025746103449482353 0.0006439852434881814 -0.0262944401031 -0.0943573017277 -0.207908789923 0.973231337917
8620.0 0.04899912948793509 -0.027410931445781973 0.0012377045390696364 -0.021175105167 -0.0895827003093 -0.183915882911 0.978622247213
8640.0 0.04789991307285822 -0.028988511216293016 0.00225735992949622 -0.0249965613785 -0.0892140653062 -0.17362706924 0.980443605363
8660.0 0.04758691286357937 -0.030416099723400564 0.0031006379318114815 -0.0265923051042 -0.0722342496849 -0.143358097057 0.98667295417
8680.0 0.047877225716341 -0.03163989471590558 0.0036098897104205564 -0.0231535995669 -0.046381803775 -0.0958742591469 0.994042637686
8700.0 0.048089656072654356 -0.032957547539963224 0.004373094708514994 -0.0211302093077 -0.0296543360497 -0.0519387976147 0.997986220301
8720.0 0.04781030676291013 -0.034668106196256696 0.005373779790506756 -0.0263764327769 -0.0291743302091 -0.0300710318408 0.998773685724
8740.0 0.04713930863774838 -0.03675507811812355 0.006294886967107096 -0.0269699948507 -0.0304403849738 -0.0313290772031 0.998681376247
8760.0 0.0461852536431291 -0.0388954637454241 0.007067943738216462 -0.021618463107 -0.0349061625655 -0.0513738497876 0.997835121363
8780.0 0.04501075235812802 -0.041129256574602986 0.007290419011317788 -0.0119161614329 -0.040772131444 -0.0797233372889 0.995911556257
8800.0 0.10940058208800929 0.07106199626144137 0.012272599407065946 0.0867030259018 -0.0385362408676 -0.0724916650703 0.992845658667
8820.0 0.1030755661653442 0.05956573021465158 0.007419408307080384 0.0953737035161 -0.0453136242139 -0.0882708712564 0.990484116695
8840.0 0.09598510302789368 0.04906460459388964 0.004139357133423206 0.083899868079 -0.062668612901 -0.106461469108 0.988786838853
8860.0 0.09018331730673268 0.03766272975802178 0.0014998189043288206 0.0662967599721 -0.0678243107796 -0.121070874322 0.988102447055
8880.0 0.05558214978290312 -0.01842590307231848 -0.0032178023783052206 -0.0300451786844 -0.106241671606 -0.234328696249 0.965867515018
8900.0 0.07663080112512041 0.011537934558510347 -0.005456128575853569 0.067303940018 -0.0496509223275 -0.149012420613 0.985291968948
8920.0 0.06740589336657768 -0.0008495766475159405 -0.005902334113420304 0.0576122895066 -0.0689236085843 -0.167958673261 0.981692540643
8940.0 0.05662981284963291 -0.012459197382904156 -0.004388539395973896 0.0403667029966 -0.0898521347854 -0.191775020461 0.976483212703
8960.0 0.04494152123614999 -0.023347666673368878 -0.0042260418616537135 0.0320482247214 -0.0992877518184 -0.221994090153 0.969450090292
8980.0 0.03247586373448357 -0.033526044785672796 -0.005736680932768945 0.0340104194908 -0.100601799149 -0.255201321434 0.961038425305
9000.0 0.021784072010516346 -0.04451982859015534 -0.00918932330960198 0.0446421769455 -0.0995978247895 -0.275062558809 0.955210939048
9020.0 0.010730147020635497 -0.05514816732533335 -0.011599566249226149 0.0489491139301 -0.109909096302 -0.288986724673 0.949742411267
9040.0 -0.0023926715824857327 -0.06486133773963124 -0.013826505768161686 0.0430275412293 -0.126057689925 -0.308074742278 0.941991530045
9060.0 -0.01631259714036769 -0.07375005113453012 -0.015432636702725993 0.0390594222694 -0.133671043131 -0.333199664412 0.932515092315
9080.0 -0.02967059230634233 -0.08190487446150815 -0.015787420261262734 0.0342922616097 -0.13520877217 -0.35569388853 0.924134452547
9100.0 -0.042767149787293894 -0.08812174110383471 -0.013930183103745074 0.0230909536173 -0.140524343016 -0.372853183522 0.916897060972
9120.0 -0.055404235501447394 -0.09380341259547009 -0.011553631689799412 0.00909115912016 -0.147542446434 -0.38381414896 0.911501660111
9140.0 -0.06787687137126434 -0.099428455311069 -0.009760297543939365 0.0042281075157 -0.151480062473 -0.392203129629 0.907310651811
9160.0 -0.08019717168536576 -0.10574639793960494 -0.009947078680920797 0.0070773974924 -0.152114123518 -0.395442975542 0.905779253994
9180.0 -0.09211972599768434 -0.11240186750193445 -0.010838219291352402 0.0220093173543 -0.147183211832 -0.394224180002 0.906884771074
9200.0 -0.10447431651416526 -0.11862388478705373 -0.009547831414758574 0.0259215575331 -0.151018059091 -0.387200047759 0.909174208664
9220.0 -0.11858473149873074 -0.12338494473317928 -0.006280537129277668 0.0116137044358 -0.162781994639 -0.384968717013 0.908386608781
9240.0 -0.13404294452316579 -0.1267745475137358 -0.0032871397615771626 0.000943201670659 -0.166744466341 -0.397036612568 0.902528294069
9260.0 -0.1504037135468234 -0.12991227524916632 -0.0024608670148080756 0.00468856152581 -0.160390839928 -0.418533792354 0.893914011813
9280.0 -0.1673439594322476 -0.13268155595939224 -0.0015767040513834942 0.00880014990669 -0.16021074825 -0.439112578615 0.883988244723
9300.0 -0.18428150990043668 -0.13530025256147862 0.00010862835675862272 0.00360471950893 -0.170727774274 -0.453315765472 0.874839328027
9320.0 -0.2020957273373545 -0.13808813850700682 0.0026225157851095296 -0.000635288190273 -0.180089159756 -0.464003057214 0.867334222686
9340.0 -0.22109685772184445 -0.14200341632927477 0.0063707502097178 1.01945922793e-06 -0.179903668545 -0.467519931605 0.865482399356
9360.0 -0.24023326756638438 -0.1457828856627036 0.010537385371778323 0.00235741258874 -0.174092129533 -0.466337286607 0.867303815373
9380.0 -0.25773053816896196 -0.1475744933725984 0.016333681957086954 0.000976280723424 -0.174812637337 -0.467268537345 0.866660084872
9400.0 -0.2707919990344175 -0.14599700693598702 0.023245030031746015 -0.0013319799092 -0.192237579579 -0.47353986164 0.859536467094
9420.0 -0.28036907089481305 -0.14268708457892684 0.03050486466487719 0.00339589321624 -0.202787383304 -0.479752851301 0.853640994066
9440.0 -0.28825108802896243 -0.13922289742928093 0.038678543789479713 0.00662482897145 -0.203166600738 -0.484910515912 0.850612270981
9460.0 -0.2949982199536621 -0.1349839243530765 0.04699726750238606 0.00564062330696 -0.19732117461 -0.489477695293 0.849378668928
9480.0 -0.3015549618729295 -0.13059587357420777 0.05470496709260738 0.000474478251938 -0.190299738037 -0.491942748279 0.849575256813
9500.0 -0.3080613726215677 -0.12664408626430787 0.060503714513824934 -0.00428701782833 -0.185070616036 -0.491097583464 0.851207173415
9520.0 -0.314874025532058 -0.1227000906821172 0.06451832818206447 -0.00399610239221 -0.183112539714 -0.487612696097 0.853632056316
9540.0 -0.3210308019292937 -0.11723028714638954 0.0663317185104197 -0.00120465351491 -0.187666901045 -0.48782374891 0.85253015962
9560.0 -0.32420867757256056 -0.10952280615392618 0.06561496337317868 0.0103610132849 -0.186969894467 -0.475935796927 0.859313694276
9580.0 -0.32544504229413024 -0.09946649433654699 0.06312021741403084 0.0138261080856 -0.182389638048 -0.456151559508 0.87090103538
9600.0 -0.3234646339061238 -0.0878610059765969 0.06042543679667348 0.00642847362897 -0.165750817067 -0.435485486975 0.884781177468
9620.0 -0.3192781734647625 -0.07532578153608675 0.057502409561467405 0.00251141337765 -0.143240584455 -0.41071727609 0.900437197638
9640.0 -0.31561602557227786 -0.06339019840574266 0.054210591538355564 0.0068247402646 -0.126899844168 -0.377902953362 0.917081899457
9660.0 -0.3227886743196696 -0.05407241234622354 0.05178538691441362 0.0174329457556 -0.110906642774 -0.340688417615 0.933449094002
9680.0 -0.3340480348958104 -0.04342882382321182 0.05025848030641918 0.0345677893891 -0.0997896050018 -0.309960629457 0.944865869241
9700.0 -0.34169349851067216 -0.03083817423246751 0.0489566362605918 0.0475181556222 -0.089390320661 -0.268286565448 0.958005070059
9720.0 -0.34443032919583444 -0.0159651139676103 0.0476115728397097 0.0513681341623 -0.0761841352871 -0.207279440078 0.973957147951
9740.0 -0.3467229044083817 0.0019489676021979918 0.04895591221497184 0.0397442576447 -0.0656728264757 -0.150760703399 0.985585452489
9760.0 -0.3500920790879929 0.02195809929762357 0.054143425371155435 0.0308551030232 -0.0715470056319 -0.112899171063 0.990546700452
9780.0 -0.3527928340200362 0.04037461634435709 0.0630440219696952 0.0311165257244 -0.0744560827022 -0.0802767121056 0.993500731288
9800.0 0.0664536792049524 -0.000396782025929843 -0.005768260771107999 0.061237178651 -0.0744175655853 -0.17733330857 0.979420712235
9820.0 0.0559025697695424 -0.01612615446754688 -0.004102543523002484 -0.0205438772693 -0.0978154687425 -0.239567368611 0.965721263656
9840.0 0.05554808193324964 -0.019005630738207827 -0.003374720436788034 -0.0297618687107 -0.107754386006 -0.235804746987 0.965349338201
9860.0 0.05612623017605514 -0.01841825206065419 -0.0037941316101628595 -0.0328625033462 -0.110398494093 -0.248738414321 0.961697161074
9880.0 0.05692991040573494 -0.017241840859338702 -0.004829842275381565 -0.0282429833053 -0.108350183114 -0.245899860059 0.962806226889
9900.0 0.1033263697035158 0.04877110084903987 -0.0010446134521539647 0.0942634553317 -0.0689595474222 -0.124156109885 0.985365029919
9920.0 -0.6010627166842629 0.31978866768585257 0.38252293984718194 0.0797420146871 -0.00433401826131 -0.0369259381442 0.996121931528
9940.0 0.04890481021167738 -0.02969799451916391 0.001148182472880364 -0.0703995272916 -0.0915866217639 -0.174878371212 0.977790035004
9960.0 0.048073443265378275 -3.7231873392271323e-05 0.02579753050823948 0.769021286483 0.354921421962 -0.173196335031 0.502633141268
9980.0 0.05253731101569252 0.007286491994924288 0.012274151049502559 0.657212518128 0.148732201226 -0.265664624612 0.689472802629
10000.0 0.04875897784543093 -0.003003610426535011 0.026041235640366082 0.727101922247 0.324720420338 -0.289348893325 0.531184206478
10020.0 0.04574066310655878 -0.04406598411802211 0.007873951596882742 -0.276727401067 0.037173231039 0.0363209457371 0.959542018514
10040.0 -0.30336606596458027 -0.2627616282931934 0.18137941815634348 -0.00703223513214 -0.165606550892 -0.543350943222 0.822979204154
10060.0 0.047580168462261374 -0.0292511607353861 0.002984603366515009 0.000461160238358 -0.0704884081511 -0.129904458448 0.989017696163
10080.0 -0.3335556910375359 -0.1860588186380013 0.1374577426403766 -0.00624136696822 -0.163174151468 -0.522002819792 0.837166827914
10100.0 0.07225401866911875 0.005580347947429397 -0.01270908308394271 0.102136057216 -0.112896539553 -0.218118427833 0.963974558074
10120.0 0.07300178225789612 0.005668629086447768 -0.015130725909323578 0.091285138875 -0.111337799927 -0.187197503688 0.971713956029
10140.0 -0.3288757291697177 -0.10120875010715609 0.0771132359538408 0.00996680671148 -0.112118133667 -0.428621965525 0.896444865866
10160.0 -0.31561602565787744 -0.06339019835606563 0.05421059142722243 0.0191819798863 -0.0967988967849 -0.388184479619 0.916283163117
10180.0 -0.30360766137642375 -0.017621810323285546 0.034347778455890335 0.0255635741309 -0.0847752414098 -0.347801243023 0.933377714258
10200.0 -0.3096839850949352 0.034537140156912914 0.022407331691765456 0.0280097009778 -0.075873570748 -0.321008343692 0.943616607099
10220.0 -0.3392649449519261 0.0802108543539206 0.0186513462908233 0.0291859817202 -0.0722978188041 -0.30787393463 0.948227211296
10240.0 -0.3773822988176019 0.11289109693670922 0.01868975620711753 0.0339653407952 -0.0691622003511 -0.298602103749 0.951262176954
10260.0 0.0640817332993404 -0.008279238034115018 -0.008152805525348236 0.0546316040512 -0.107569704484 -0.230558939587 0.965549958258
10280.0 -0.42116127070746084 0.1796191585576864 0.014382971978226878 0.0548705536362 -0.0510307781849 -0.24621230358 0.966314950514
10300.0 -0.7338226336213921 0.2024277063753573 0.4974811429139853 -0.235543007587 0.788004205736 -0.468880841267 0.322055305828
10320.0 -0.45208084201250515 0.24014164742874847 0.023585075932565095 0.0550671507147 -0.0329484622118 -0.175541383889 0.982378353941
10340.0 0.06093616406187649 -0.013331072404643424 -0.007246950546458408 -0.0371693729434 -0.11064143621 -0.243555718787 0.962838263757
10360.0 -0.5048998783907692 0.2657887661646449 0.055376595089004006 0.0581669689742 -0.0270062994824 -0.128417628194 0.989644469634
10380.0 -0.5345177210944025 0.263496819659032 0.07838861281369135 0.0627915140323 -0.0199282644501 -0.117030631986 0.990940927209
10400.0 -0.5578073236378582 0.2604804013156189 0.10199838302696543 0.0641326135949 -0.0120959596757 -0.104583837003 0.99237236795
10420.0 -0.5735361838370189 0.262596731136349 0.12180161151705547 0.0633602184889 -0.0107475420583 -0.0853946238411 0.994272463298
10440.0 -0.5877099164113793 0.26309491309711913 0.1295470453303712 0.0658594450638 -0.00548296795231 -0.0636083851163 0.995784336039
10460.0 -0.5939862668082445 0.2698733086689556 0.1438527424970721 0.0696235834063 -0.00600501757035 -0.0467891950832 0.996457358657
10480.0 -0.5915876353559426 0.28922686471409326 0.16670201336832283 0.077188976845 -0.0123432962889 -0.0418802639974 0.996060012438
10500.0 -0.5885836205132176 0.3071346560148242 0.19761953766121138 0.0816842427419 -0.0130416858633 -0.0545452093569 0.995079101908
10520.0 -0.5861198478562987 0.32466135515596134 0.23445758726559135 0.0825222114871 -0.00668708510248 -0.0690104550086 0.994174494042
10540.0 -0.5883848685310674 0.3312001504540356 0.27094773017626683 0.0737046583304 -0.0056586014757 -0.0719626287373 0.994664256739
10560.0 -0.5912187311704746 0.3243185506944656 0.3056490898191814 0.0688924601267 -0.00497363569669 -0.0661098208829 0.995418798028
10580.0 -0.5909955377468865 0.3157117826196126 0.3309902425959863 0.0721693329361 -0.00277131536403 -0.0532968262343 0.995963531214
10600.0 -0.5869799951246165 0.31613849125909693 0.3486916117389869 0.0783380206711 -0.000415518522032 -0.0376083125275 0.996217143343
10620.0 -0.5887421783447385 0.333756862871402 0.3625814018944776 0.0812013078371 -0.00148794302029 -0.0304189785058 0.996232311952
10640.0 -0.5970404935499303 0.34027711706727826 0.3822916075735097 0.0801339883501 -0.00477669776095 -0.0311824744875 0.99628478878
10660.0 -0.6070946492295956 0.3311047755861257 0.4056482501023432 0.0788390431426 0.000371671928272 -0.0372998065666 0.996189234818
10680.0 -0.6167475723569432 0.3160062491558587 0.43134554415838006 0.0765481554885 0.00389365825956 -0.0433007298927 0.996117596525
10700.0 -0.6204736250449953 0.30910143544179075 0.45815656643668184 0.0761970498447 0.00318409228989 -0.0449874231063 0.996072287996
10720.0 -0.6159003458068245 0.31229559448527944 0.482945987759725 0.0809415699216 0.00263233186699 -0.0445937807909 0.995717293112
10740.0 -0.614079769500254 0.3105090322353211 0.5074592438491912 0.0852161627555 0.00304910823746 -0.0416167694716 0.995488298798
10760.0 -0.6159738061393532 0.29939424831813566 0.5342922398633942 0.0821877259376 0.00126242327934 -0.0364245789073 0.995950216649
10780.0 -0.6218116281705194 0.28044424806291224 0.5595725017873989 0.0806959054902 -0.000197681792016 -0.0342222362373 0.996151078053
10800.0 -0.6315135000719309 0.2523881382541151 0.5814095611587132 0.0845414046968 8.09422071352e-05 -0.0360667703823 0.995767007093
10820.0 -0.6418612901553455 0.22705932602207105 0.5986689376648544 0.0872440417783 0.000323362990047 -0.0362401932831 0.995527508912
10840.0 -0.6490170164190106 0.21351845773832878 0.6116629065301543 0.0851569850774 -0.000841502245676 -0.031434723964 0.995871195434
10860.0 -0.6496871131493276 0.21476860231689457 0.6162941239720442 0.0823862703786 -0.00284585675808 -0.0272247998463 0.996224479636
10880.0 -0.6514874221233933 0.21681533909149567 0.6154788457164166 0.08349948571 -0.00384608456023 -0.0294677913686 0.99606460272
10900.0 -0.6539842310212661 0.2211788942378104 0.6086525624891941 0.0884678643765 -0.00467896677065 -0.0356716475386 0.995429092304
10920.0 -0.6585637275387878 0.21898224926248797 0.5805322607501984 0.0893263841413 -0.00745912636733 -0.0408595761819 0.995135997522
10940.0 -0.6631667532411214 0.21106170722503703 0.5454085302014189 0.100999497654 -0.00551871600749 -0.0457318493938 0.993819522448
10960.0 -0.6629649287865799 0.21056675109232204 0.5287049479229212 0.102421435738 -0.00860712135725 -0.0484728341126 0.993522094025
10980.0 -0.6607691436260716 0.2147283896423707 0.5182945897391105 0.0888614663004 -0.0143341350192 -0.0499785258091 0.994686040587
11000.0 -0.6584029709921778 0.2231330356658805 0.5115112351526662 0.0785008768013 -0.0131993651455 -0.0555278045105 0.995278881534
11020.0 -0.6587773305702919 0.23007460055834797 0.48427952334828683 0.0747854630699 -0.00373630514888 -0.0649248829287 0.995076848346
11040.0 -0.6604021599592668 0.22414864734045378 0.4400114937246959 0.0823155204226 -0.0053864969612 -0.0666547258028 0.994360240696
11060.0 -0.6588754839448232 0.2134126972209645 0.3926317949162509 0.099374639031 -0.00254623483128 -0.0590677184809 0.99329210328
11080.0 -0.6565337438902507 0.2102370795642741 0.36205032448357005 0.105053172436 -0.00572300777182 -0.0583174357787 0.992738714279
11100.0 -0.6519802302854719 0.21632816368731023 0.347641169439795 0.0892652650142 -0.014482232689 -0.0603587153125 0.994071829841
11120.0 -0.6507577845597163 0.21518271508637446 0.3107493484310108 0.0743174892509 -0.0152920542581 -0.0655886847165 0.994957882679
11140.0 -0.6482981881941539 0.21240989608769378 0.2587434679239631 0.0872663464737 -0.00193613874215 -0.0695688230259 0.993750982391
11160.0 -0.6406999463672856 0.2131293616211446 0.20488540307124023 0.100481514166 0.00362860139468 -0.0632930498521 0.992917060183
11180.0 -0.6377350932133479 0.21273578883052371 0.15893577828746738 0.100329970337 -0.00469400426659 -0.0616256581871 0.993032799876
11200.0 -0.6378921608111287 0.21190015812714846 0.11798029192922833 0.0964850724078 -0.0111518177681 -0.0668827056268 0.993022140464
11220.0 -0.6369791462616097 0.21844760167691804 0.09886498381112829 0.0869741682475 -0.0155332918263 -0.0766457898599 0.993136261446
11240.0 -0.6351658770808706 0.23054256742581192 0.08602777616077954 0.0705226837354 -0.0195169361987 -0.0891597689699 0.99332581557
11260.0 -0.6328589155332127 0.24843348514139058 0.072085011145248 0.0625245100284 -0.0208450252461 -0.106493235808 0.992126686112
11280.0 -0.6298170681984951 0.27235936700711477 0.05735957434466824 0.0651323499546 -0.0268080953664 -0.127577908958 0.989324507004
11300.0 -0.6232927672168355 0.3048231170452239 0.050006060094350144 0.0692710275024 -0.040220979875 -0.149073790447 0.98557638087
11320.0 -0.6140855508421832 0.34345235684793446 0.04968488494327971 0.0690903021492 -0.0507735755412 -0.170611867755 0.981600817419
11340.0 -0.6027588964106138 0.3861334637513306 0.05578353646307088 0.0632670957754 -0.0554295124826 -0.192565615097 0.977672403017
11360.0 -0.5888954083759996 0.43156213735279636 0.06635094921509012 0.0537931096861 -0.0580169319929 -0.214587376704 0.973495040928
11380.0 -0.5735931173592506 0.47859607280555355 0.07719371438047833 0.0456267544781 -0.0617104358076 -0.235400402686 0.968863598141
11400.0 -0.5550270267465826 0.5275412052579678 0.08642851681038037 0.0423583045577 -0.0698199566998 -0.25383871081 0.963792953168
11420.0 -0.5373026555804641 0.5762993704778746 0.09114656373283636 0.0436246586662 -0.0748897600185 -0.272065282752 0.958367828614
11440.0 -0.5196547287114996 0.623312658270433 0.09206750724447478 0.044132128396 -0.0776626057768 -0.289581293776 0.952976153533
11460.0 -0.4999971998238848 0.6682305498145538 0.09047792972221451 0.0424298676933 -0.0827324573711 -0.305356349449 0.947688000703
11480.0 -0.48134739484918965 0.7128606753611338 0.08485214846371981 0.0428642236476 -0.0861996501307 -0.31967860842 0.942622865184
11500.0 -0.4640601658741178 0.7553390684223499 0.07549857816197286 0.042582355349 -0.0897984247232 -0.332462365564 0.937865534826
11520.0 -0.4447677510305427 0.7962122191167864 0.06371279902335354 0.0422606818344 -0.0941883465038 -0.343256639364 0.933551000046
11540.0 -0.43190920116138054 0.8386967538963397 0.049408131118680094 0.0442687599994 -0.0928462669832 -0.353451797182 0.929780444333
11560.0 -0.41314176641606987 0.8737118213324769 0.03092094639930731 0.0435965753305 -0.0976450915928 -0.361389001991 0.926262794215
11580.0 -0.3969711055996519 0.912046731188794 0.012390090379798635 0.043047978232 -0.101464006328 -0.367910882834 0.923305750704
12260.0 0.08339432611334094 0.02384271568645213 -0.023091081659674266 0.0680558687461 0.104077437564 0.299009815377 0.946112792445
12280.0 0.08466581590451036 0.021315366242760123 -0.02228510690856802 0.0716717189425 0.107218244569 0.311293915579 0.941521912044
12300.0 0.08602190729584498 0.01895108842848842 -0.02187445109331359 0.0797851720232 0.110302727791 0.323671227461 0.936325034954
12320.0 0.08745689250032616 0.016537914001461346 -0.02170840845421521 0.089061448394 0.116513546699 0.33433575761 0.930973819734
12340.0 0.08892008816652718 0.014237682816425151 -0.021748752374178622 0.0999531450122 0.123586980722 0.343132358792 0.925740682561
12360.0 0.09044100845306853 0.011949183488102914 -0.021769808476410496 0.109302795913 0.127519812819 0.350245002453 0.921477093801
12380.0 0.09172404754237115 0.009299605999650152 -0.02151609392398647 0.112000663499 0.119291258114 0.345837598402 0.923916556105
12400.0 0.09248769879026565 0.006353126039858015 -0.021149275305308374 0.106855622959 0.101767969232 0.320915412262 0.935541797278
12420.0 0.09288947748689791 0.003275804863742578 -0.020497090814492965 0.099741090373 0.086115614416 0.282431336869 0.950193851695
12440.0 0.09306920325576458 0.00017942509310547774 -0.01947922619106114 0.0872914685038 0.0749483892936 0.240628757179 0.963774216135
12460.0 0.0929965856744697 -0.0028558348948529103 -0.018430289596598655 0.0750834999019 0.0596770111534 0.203933079196 0.974275331511
12480.0 0.09247496136416987 -0.005964161388118933 -0.017305252822811992 0.0669590089468 0.0357152557644 0.162334787604 0.983813157241
12500.0 0.09160730139056808 -0.008980535999528262 -0.016052245141027387 0.0610851873437 0.00954247588943 0.118942158044 0.990974421507
12520.0 0.09063871634280872 -0.011723526914265429 -0.015055352513049892 0.0556051985827 -0.00854218853575 0.0805167289994 0.995164383033
12540.0 0.09133671414359318 -0.014927603641352179 -0.014925720073904062 0.093395952931 -0.00381399809025 0.0284089954879 0.995216347519
12560.0 0.08844307289934836 -0.01639839012310839 -0.014003183982673355 0.0515652880034 -0.0397668994462 0.0199025888266 0.997679057483
12580.0 0.0874383855611383 -0.018140830064643072 -0.013914608691080424 0.0527528605333 -0.055362282714 -0.00581429183276 0.997054836691
12600.0 0.08662470337544408 -0.01930863677554648 -0.01412555265539196 0.0516681508701 -0.0687543867193 -0.0303020556281 0.995833832483
12620.0 0.08589095700214074 -0.020095396152793148 -0.014514092305903859 0.0484363403245 -0.078513358902 -0.0548661986418 0.994222949673
12640.0 0.08520747546272198 -0.02059637311683255 -0.014959852923266062 0.0423879838635 -0.0874966266035 -0.0793877605828 0.992091317685
12660.0 0.0845349353503168 -0.02068366715602613 -0.015046297945775835 0.0316596794297 -0.100095684469 -0.103315640449 0.989092714101
12680.0 0.08355590481899967 -0.02053865243436534 -0.015063278645774142 0.0195450045556 -0.116365677823 -0.137803204783 0.983405968343
12700.0 0.08235399665409793 -0.02019066354941154 -0.015256818169068846 0.0131826014987 -0.133627498367 -0.182634815333 0.97396839524
12720.0 0.0809013420481364 -0.01980550911907119 -0.015504983560657415 0.0155725783372 -0.147485262875 -0.225439463354 0.962903235222
12740.0 0.07955996980013602 -0.01916607107983914 -0.015753095404882737 0.0162565353583 -0.161152785804 -0.256349296045 0.952916860541
12760.0 0.07877576390073728 -0.018275846538214294 -0.016169934846344047 0.0163435248371 -0.164634413655 -0.261133241477 0.951019363227
12780.0 0.0783249401195442 -0.017239479083935253 -0.016753697675642866 0.0224127329657 -0.150752616397 -0.24634322904 0.957123989646
12800.0 0.0778322517405367 -0.016107705586893048 -0.0171019557779929 0.0261691082933 -0.130901416521 -0.21999266202 0.966324596386
12820.0 0.07627787800363639 -0.015044385275203626 -0.017110825498324232 0.0214007178944 -0.124337044688 -0.20597553019 0.970389813196
12840.0 0.07369965067141025 -0.014198917770171897 -0.016930548506015334 0.0158432429653 -0.129728304556 -0.207098790138 0.969551262065
12860.0 0.0027981932076540966 0.25468333123557135 -0.05872639916958262 0.0870884776848 -0.107463655939 -0.312506953303 0.939790702148
12880.0 -0.07175255173179157 0.27558632139825595 -0.046135734813423646 0.0849462742922 -0.111107227828 -0.321446550559 0.936542273228
12900.0 -0.14526923287068144 0.2912448572902087 -0.03161587371909762 0.0839119312608 -0.111685704292 -0.32694326475 0.934662074166
12920.0 -0.2072625508393582 0.2993092361333872 -0.017388039047662784 0.0854532730969 -0.108207727214 -0.320020327714 0.937323751827
12940.0 -0.259173132720648 0.30352753581318553 -0.005516836455661438 0.0881843559668 -0.106102270608 -0.302500400344 0.943111517969
12960.0 -0.3054078467198272 0.3025341950616077 0.004068077602282393 0.0929238095704 -0.100672453618 -0.281153687147 0.949833052121
12980.0 -0.34124679216198217 0.29816935061155847 0.010288225533850885 0.0989677898956 -0.0914290659669 -0.253274721416 0.957965561986
13000.0 -0.37262462322775064 0.2962183890489611 0.014058781084310745 0.104827400151 -0.0844684029814 -0.223859886227 0.965278745448
13020.0 -0.4156283446304483 0.2940737375748573 0.02135414439833232 0.108851549391 -0.0807272155524 -0.210885058658 0.968071251974
13040.0 -0.4651810648079504 0.2863967835098327 0.03414832029882405 0.111187563644 -0.0762439310036 -0.208463534619 0.968693523985
13060.0 -0.5144079849535476 0.2722202748183228 0.04864779724926955 0.109431302216 -0.0752879557946 -0.208133903336 0.969039107616
13080.0 -0.5532515418243041 0.25426761074803134 0.06348498085728015 0.106685524517 -0.0730338834995 -0.19596894606 0.972049598992
13100.0 -0.5764080844447128 0.23204837470634943 0.07467394470604552 0.11094824609 -0.0606894592724 -0.165356652545 0.978092252133
13120.0 -0.5947118592052141 0.20568093798521472 0.08539236032386428 0.116927858189 -0.0485713834864 -0.129063510856 0.98351985585
13140.0 -0.6181063198145833 0.17108911202018545 0.09852167108130117 0.121426214142 -0.0446056343773 -0.101723151212 0.986366266865
13160.0 -0.6465942865293547 0.12795448681825394 0.1132513643488729 0.124791034671 -0.0426049457238 -0.0861008130705 0.987521476351
13180.0 -0.679839157057961 0.08452076333532645 0.12760642001749362 0.126437471893 -0.0402728899381 -0.0819436212842 0.987763586577
13200.0 -0.717238673066848 0.042136857057324326 0.14233520378884273 0.12567956441 -0.0403999709052 -0.0881315525052 0.987322297375
13220.0 -0.7472647748678539 0.015640665300595387 0.15107451304599825 0.122356869057 -0.0472843466733 -0.0966933058516 0.98663234883
13240.0 -0.7712089933705811 0.0024631444513859594 0.15197601623994458 0.123456530734 -0.0573065592248 -0.106922887829 0.984907071427
13260.0 -0.7913593317847465 -0.0015214522149246993 0.14591968154264753 0.127809680264 -0.0635250186613 -0.120080295825 0.982451006508
13280.0 -0.8091419442568282 0.0022216196279302605 0.14283348770821847 0.130105069775 -0.0668756076216 -0.13571159796 0.97988911929
13300.0 -0.8243511617839125 0.012939580792919698 0.13996177924450193 0.125192449851 -0.0714637031868 -0.151671027937 0.977862817021
13320.0 -0.8376238526126165 0.02858679093259168 0.13712996829084095 0.11677184535 -0.0769169552218 -0.168036910609 0.975813360641
13340.0 -0.8472182817484433 0.049261989353718665 0.13358886143277762 0.11180237536 -0.0794803742884 -0.18327076386 0.973444875728
13360.0 -0.8376890146237835 0.07120042269697327 0.12503874365676723 0.120658317823 -0.0686492313605 -0.170573210142 0.975517110745
13380.0 -0.8160131514692275 0.0949838347415876 0.11477757738594005 0.132096457084 -0.0576754371433 -0.135525186582 0.980233132361
