0  0.000428777061278425 -0.000133629583517513 -0.000392579928204133 7.18524948228914e-05 -0.000272675173072404 1.90577829944393e-05 0.999999960061134
0  -0.200630345624283  0.0668193165406263 -0.0862266249836075 0.0282132061992174 0.0342223566225069 -0.0342258325754127 0.998429485586079
0  -0.18741700141768 0.0720766526209861 -0.138335251459679 0.0169845318657125 0.0266702858351515 -0.0439289009293992 0.99853416225681
0 -0.174866618719913 0.0775457946007694 -0.174192399434449 0.0127778223060135 0.0225382591151047 -0.0433517366887428 0.998723876283754
0 -0.177139157175112 0.0818452487855128 -0.174058548644211 0.00952491588322708 0.0214190461482757 -0.0446379139905826 0.998728169760964
0 -0.174121412472378 0.0812930159967487 -0.184307099594375 0.00831054561133463 0.0173566592549534 -0.0465217080362407 0.998731901909887
0 -0.172452862393627 0.0821315020043439 -0.186537096099034 0.00687162707668865 0.00715976581545244 -0.0516684032687531 0.998614988170338
0  -0.16937017254455 0.0822463158358603 -0.190073228808965 -0.000251817520309504 0.000532697696128851 -0.054886841313981 0.99849240731799
0 -0.168189378226936 0.0826312615183187 -0.195240414569358 1.6406822802037e-05 0.000284567859289043 -0.0542927098577347 0.998525022424703
0   -0.1683153846723 0.0827239449145546  -0.19504388885499 0.000176068132020544 0.000367022571004417 -0.0536271950921113 0.998560943678951
0 -0.168230565752007 0.0831110087708613 -0.195225998044631 4.82725968235031e-05 0.000125838808058462 -0.0543330723150033 0.99852285857018
0 -0.167954154555079 0.0832259662197216 -0.196992490897321 -0.00058793003153832 -0.00115884443151269 -0.0566897742007702 0.998390996012548
0 -0.167427934625137 0.0834401451837139 -0.197381110900535 0.000257430498335207 -0.00616411669785068 -0.0614495577044927 0.998091122720163
0 -0.167914758261418 0.0838308835047959 -0.196420166368627 0.00583490150934667 -0.00525353610132848 -0.0614293654436007 0.998080551530789
0 -0.167872493926726  0.083924818313102 -0.197138035038652 0.00854085955171076 -0.00316962982138795 -0.0638148514610907 0.997920173109008
0 -0.167268203168491 0.0837590430704823 -0.198611844454379 0.00996230257138888 -0.00612878345852414 -0.0670214601888341 0.997682972900185
0 -0.168109633321571 0.0845764188279775 -0.197520122308316 0.0165394461313041 0.00721215141865819 -0.0619059560428769 0.99791887656262
0 -0.168459305943209 0.0844529373553121 -0.197541714033343 0.0177940898839654 0.00171465368937248 -0.0664017944442255 0.997632814227015
0 -0.168562587036982 0.0848188163513209 -0.199808548325484 0.0184861556210523 0.00587209547743304 -0.0730334461258039 0.997140860807563
