1661868235.760285 0.0000000 0.0000000 0.0000000 -0.0000000 -0.0000000 -0.0000000 1.0000000
1661868235.850287 0.0102842 -0.0027313 0.0126356 0.0030173 -0.0216320 -0.0092666 0.9997185
1661868235.937289 0.0178369 -0.0050275 0.0210953 0.0026459 -0.0390957 -0.0154145 0.9991131
1661868235.979290 0.0224600 -0.0066438 0.0265165 0.0039217 -0.0484066 -0.0198235 0.9986233
1661868236.069292 0.0314652 -0.0097025 0.0365161 0.0050290 -0.0670878 -0.0279118 0.9973440
1661868236.153294 0.0375516 -0.0116380 0.0433336 0.0053993 -0.0785503 -0.0322055 0.9963752
1661868236.195295 0.0406485 -0.0127576 0.0473786 0.0064366 -0.0850814 -0.0361102 0.9956986
1661868236.240295 0.0437882 -0.0139102 0.0510836 0.0062025 -0.0917545 -0.0385622 0.9950154
1661868236.282296 0.0461810 -0.0151003 0.0542564 0.0059894 -0.0971107 -0.0408285 0.9944178
1661868236.375299 0.0561103 -0.0189946 0.0646084 0.0063856 -0.1153300 -0.0490888 0.9920930
1661868236.462300 0.0616188 -0.0206278 0.0708562 0.0061493 -0.1242713 -0.0522588 0.9908521
1661868236.543302 0.0705227 -0.0238112 0.0810634 0.0058453 -0.1392626 -0.0580581 0.9885348
1661868236.627304 0.0746502 -0.0254089 0.0863725 0.0058738 -0.1457905 -0.0618283 0.9873641
1661868236.708306 0.0806312 -0.0279460 0.0936631 0.0041710 -0.1547227 -0.0650069 0.9858081
1661868236.756307 0.0850187 -0.0292676 0.1000305 0.0044534 -0.1605548 -0.0682254 0.9846561
1661868236.834308 0.0913698 -0.0314886 0.1069279 0.0051414 -0.1675258 -0.0715863 0.9832518
1661868236.915310 0.0950084 -0.0332523 0.1116019 0.0061038 -0.1706861 -0.0745243 0.9824842
1661868237.005312 0.1023853 -0.0358990 0.1204402 0.0072911 -0.1758888 -0.0786654 0.9812348
1661868237.089314 0.1096182 -0.0384962 0.1302923 0.0076097 -0.1800071 -0.0819929 0.9802126
1661868237.176316 0.1138303 -0.0400845 0.1366847 0.0060913 -0.1817395 -0.0813946 0.9799533
1661868237.263317 0.1189731 -0.0419710 0.1445802 0.0064005 -0.1817899 -0.0831011 0.9797988
1661868237.344319 0.1228769 -0.0433770 0.1515251 0.0076535 -0.1811478 -0.0855044 0.9797020
1661868237.425321 0.1266302 -0.0444908 0.1590286 0.0094223 -0.1793209 -0.0877964 0.9798199
1661868237.506323 0.1288852 -0.0457494 0.1644175 0.0121916 -0.1748859 -0.0901546 0.9803767
1661868237.599324 0.1359562 -0.0492653 0.1735942 0.0144254 -0.1683322 -0.0907932 0.9814340
1661868237.683326 0.1396901 -0.0512678 0.1773075 0.0144310 -0.1646843 -0.0899356 0.9821316
1661868237.770328 0.1448432 -0.0537887 0.1840019 0.0146333 -0.1581213 -0.0886435 0.9833239
1661868237.899331 0.1525722 -0.0584544 0.1928709 0.0146505 -0.1458443 -0.0848158 0.9855562
1661868237.989333 0.1554320 -0.0601446 0.1981000 0.0167166 -0.1337462 -0.0827723 0.9874114
1661868238.118335 0.1608062 -0.0661999 0.2044675 0.0171465 -0.1138827 -0.0786183 0.9902303
1661868238.202337 0.1649829 -0.0687381 0.2098788 0.0172026 -0.0998653 -0.0736387 0.9921232
1661868238.337340 0.1698638 -0.0734195 0.2166516 0.0200673 -0.0760575 -0.0673711 0.9946224
1661868238.463343 0.1737637 -0.0771195 0.2231153 0.0200582 -0.0518896 -0.0602843 0.9966298
1661868238.583345 0.1786738 -0.0824726 0.2288925 0.0214117 -0.0215631 -0.0508256 0.9982451
1661868238.667347 0.1817663 -0.0856019 0.2321186 0.0229338 -0.0021495 -0.0441507 0.9987593
1661868238.757349 0.1849108 -0.0849298 0.2391289 0.0264241 0.0174204 -0.0384970 0.9987574
1661868238.844351 0.1871688 -0.0891757 0.2426101 0.0266551 0.0414054 -0.0317350 0.9982826
1661868238.928353 0.1889791 -0.0908069 0.2466071 0.0275162 0.0632172 -0.0240598 0.9973302
1661868239.003355 0.1915638 -0.0922984 0.2507324 0.0290865 0.0851845 -0.0166827 0.9958009
1661868239.090356 0.1928195 -0.0932862 0.2537493 0.0314880 0.1083336 -0.0093324 0.9935720
1661868239.183358 0.1960078 -0.0950638 0.2581426 0.0335315 0.1405884 0.0036576 0.9894934
1661868239.504365 0.2015233 -0.1012453 0.2677835 0.0354834 0.2390998 0.0369565 0.9696424
1661868239.591367 0.2030521 -0.1025056 0.2678699 0.0363304 0.2610138 0.0465165 0.9635290
1661868239.810372 0.2055210 -0.1039636 0.2714069 0.0376919 0.3276479 0.0712089 0.9413584
1661868240.560388 0.2036770 -0.1113349 0.2725251 0.0271743 0.5432510 0.1499109 0.8256310
1661868241.121400 0.1969946 -0.1129032 0.2641169 0.0142509 0.6550506 0.1851465 0.7324113
1661868241.166401 0.1956440 -0.1141518 0.2621983 0.0131207 0.6617715 0.1885924 0.7254786
1661868241.208401 0.1957567 -0.1135427 0.2623990 0.0117297 0.6682510 0.1902076 0.7191134
1661868241.625410 0.1949362 -0.1060452 0.2539116 0.0075516 0.7143549 0.2032105 0.6695862
1661868241.667411 0.1950559 -0.1053239 0.2530575 0.0063615 0.7190064 0.2050356 0.6640405
1661868241.754413 0.1950883 -0.1037790 0.2511659 0.0056809 0.7248448 0.2062639 0.6572847
1661868241.979418 0.1968927 -0.0983227 0.2471208 0.0041314 0.7365876 0.2060707 0.6441712
1661868242.021419 0.1975892 -0.0973745 0.2464109 0.0031620 0.7385305 0.2058950 0.6420046
1661868242.183422 0.1989824 -0.0953770 0.2426153 0.0012185 0.7417279 0.2064429 0.6381376
1661868242.225423 0.1994581 -0.0934854 0.2417023 0.0016107 0.7413599 0.2069305 0.6384063
1661868242.507429 0.2044891 -0.0867952 0.2362784 -0.0007180 0.7378229 0.2013501 0.6442631
1661868242.675433 0.2061881 -0.0850008 0.2330925 -0.0018262 0.7312508 0.1981997 0.6526759
1661868242.759435 0.2079522 -0.0834459 0.2315048 -0.0029155 0.7266296 0.1960530 0.6584558
1661868242.843436 0.2101090 -0.0817289 0.2290455 -0.0030804 0.7195292 0.1955503 0.6663545
1661868242.927438 0.2119776 -0.0804265 0.2274047 -0.0042697 0.7130631 0.1910970 0.6745404
1661868243.011440 0.2137027 -0.0790192 0.2254259 -0.0047877 0.7048653 0.1869752 0.6842385
1661868243.095442 0.2160636 -0.0778872 0.2238215 -0.0056695 0.6965061 0.1831348 0.6937642
1661868243.221444 0.2200097 -0.0755574 0.2208418 -0.0071195 0.6796324 0.1769959 0.7118439
1661868243.272445 0.2208227 -0.0752648 0.2203342 -0.0070815 0.6773785 0.1764581 0.7141225
1661868243.440449 0.2281785 -0.0718945 0.2155913 -0.0082861 0.6472835 0.1668562 0.7437167
1661868243.533451 0.2326069 -0.0713663 0.2122472 -0.0098608 0.6292723 0.1613464 0.7601883
1661868243.617453 0.2349965 -0.0705206 0.2102924 -0.0099829 0.6177448 0.1582363 0.7702292
1661868243.698455 0.2383512 -0.0697919 0.2085033 -0.0106612 0.6019812 0.1530536 0.7836323
1661868243.782456 0.2426819 -0.0687792 0.2061535 -0.0117137 0.5835745 0.1486383 0.7982545
1661868243.866458 0.2467068 -0.0684390 0.2045501 -0.0131646 0.5654256 0.1429344 0.8122132
1661868243.956460 0.2487979 -0.0679953 0.2037966 -0.0132377 0.5447614 0.1363807 0.8273211
1661868244.043462 0.2543721 -0.0671748 0.2017665 -0.0145457 0.5191693 0.1280449 0.8449001
1661868244.265467 0.2600086 -0.0663774 0.1998316 -0.0183719 0.4726155 0.1152114 0.8735121
1661868244.349468 0.2658489 -0.0616285 0.2001830 -0.0161359 0.4489096 0.1076085 0.8869274
1661868244.481471 0.2673930 -0.0621752 0.2012861 -0.0176522 0.4181594 0.0970425 0.9030027
1661868244.559473 0.2710525 -0.0630100 0.2001861 -0.0206378 0.3947067 0.0892307 0.9142312
1661868244.649475 0.2767180 -0.0659250 0.2016588 -0.0235267 0.3682982 0.0807191 0.9258982
1661868244.736477 0.2793733 -0.0651725 0.2029114 -0.0248193 0.3484591 0.0747169 0.9340116
1661868244.913481 0.2856990 -0.0667689 0.2023537 -0.0289670 0.3014936 0.0593943 0.9511755
1661868245.012483 0.2857303 -0.0663037 0.2085103 -0.0306237 0.2808888 0.0513737 0.9578750
1661868245.096484 0.2874945 -0.0601579 0.2110708 -0.0265090 0.2603394 0.0468416 0.9640158
1661868245.138485 0.2904817 -0.0589434 0.2112399 -0.0262734 0.2468453 0.0433178 0.9677297
1661868245.267488 0.2948741 -0.0609189 0.2159760 -0.0308728 0.2131891 0.0309542 0.9760324
1661868245.351490 0.2966524 -0.0611904 0.2173762 -0.0337260 0.1962111 0.0276352 0.9795918
1661868245.483493 0.3063427 -0.0620242 0.2176934 -0.0370779 0.1546618 0.0189447 0.9870897
1661868245.570495 0.3100107 -0.0619453 0.2172549 -0.0366775 0.1320157 0.0102244 0.9905161
1661868245.615495 0.3123751 -0.0621933 0.2170778 -0.0371726 0.1197930 0.0075236 0.9920743
1661868245.657496 0.3141350 -0.0625166 0.2170487 -0.0381109 0.1104714 0.0046036 0.9931377
1661868245.702497 0.3168785 -0.0627363 0.2172466 -0.0379059 0.0974472 0.0004652 0.9945185
1661868245.783499 0.3196767 -0.0630301 0.2173386 -0.0386202 0.0809367 -0.0027861 0.9959669
1661868245.867501 0.3233988 -0.0636994 0.2180044 -0.0413198 0.0624391 -0.0095366 0.9971475
1661868245.951503 0.3261210 -0.0640780 0.2186283 -0.0416419 0.0479853 -0.0146169 0.9978726
1661868246.038505 0.3294527 -0.0645964 0.2196287 -0.0420001 0.0294262 -0.0212981 0.9984571
1661868246.125506 0.3319627 -0.0650450 0.2205362 -0.0430484 0.0147948 -0.0243749 0.9986660
1661868246.224509 0.3347430 -0.0656266 0.2218299 -0.0437745 -0.0005205 -0.0300783 0.9985884
1661868246.302510 0.3363857 -0.0660794 0.2225630 -0.0453426 -0.0112730 -0.0334932 0.9983462
1661868246.434513 0.3390379 -0.0665645 0.2241831 -0.0442876 -0.0268471 -0.0399118 0.9978602
1661868246.521515 0.3409256 -0.0670057 0.2254715 -0.0439590 -0.0373232 -0.0445321 0.9973422
1661868246.638517 0.3416167 -0.0671376 0.2258130 -0.0434595 -0.0428533 -0.0461124 0.9970700
1661868246.725519 0.3419461 -0.0672795 0.2261169 -0.0440916 -0.0446919 -0.0482218 0.9968617
1661868246.809521 0.3425475 -0.0675041 0.2265222 -0.0453993 -0.0497627 -0.0488739 0.9965310
1661868246.893523 0.3429464 -0.0676340 0.2268486 -0.0457624 -0.0525037 -0.0494572 0.9963449
1661868246.986525 0.3435541 -0.0677973 0.2273005 -0.0456539 -0.0572935 -0.0514556 0.9959847
1661868247.076527 0.3441706 -0.0680164 0.2277997 -0.0467621 -0.0621475 -0.0519311 0.9956175
1661868247.151528 0.3444033 -0.0680331 0.2281101 -0.0447619 -0.0627628 -0.0540209 0.9955596
1661868247.238530 0.3447009 -0.0681287 0.2283998 -0.0444343 -0.0643668 -0.0550186 0.9954173
1661868247.325532 0.3446127 -0.0680958 0.2283573 -0.0434357 -0.0634382 -0.0550370 0.9955199
1661868247.415534 0.3448160 -0.0681657 0.2284848 -0.0443764 -0.0656931 -0.0548885 0.9953403
1661868247.499536 0.3449813 -0.0682297 0.2286035 -0.0443050 -0.0666863 -0.0551636 0.9952623
1661868247.580538 0.3451646 -0.0683198 0.2287263 -0.0450278 -0.0679391 -0.0556592 0.9951175
1661868247.664539 0.3453621 -0.0683970 0.2288679 -0.0459099 -0.0695038 -0.0540566 0.9950575
1661868247.751541 0.3456116 -0.0685072 0.2290864 -0.0458658 -0.0713562 -0.0550177 0.9948757
1661868247.832543 0.3458746 -0.0686766 0.2292449 -0.0470419 -0.0727688 -0.0556055 0.9946858
1661868247.925545 0.3461223 -0.0687811 0.2294207 -0.0484982 -0.0742041 -0.0544801 0.9945721
1661868248.015547 0.3464579 -0.0689619 0.2296725 -0.0491010 -0.0764083 -0.0556854 0.9943088
1661868248.099549 0.3468601 -0.0691217 0.2300088 -0.0498251 -0.0795601 -0.0548103 0.9940742
1661868248.183550 0.3471568 -0.0692083 0.2303086 -0.0498155 -0.0811825 -0.0526729 0.9940591
1661868248.264552 0.3473476 -0.0692349 0.2304959 -0.0472991 -0.0755010 -0.0499025 0.9947724
1661868248.354554 0.3474793 -0.0692435 0.2306559 -0.0436109 -0.0640129 -0.0481062 0.9958345
1661868248.444556 0.3476386 -0.0692658 0.2308259 -0.0386440 -0.0540181 -0.0483215 0.9966211
1661868248.528558 0.3477360 -0.0692918 0.2309559 -0.0392254 -0.0410143 -0.0436928 0.9974318
1661868248.606559 0.3478392 -0.0693533 0.2310717 -0.0366002 -0.0273170 -0.0417152 0.9980852
1661868248.693561 0.3479235 -0.0694061 0.2311724 -0.0338007 -0.0149677 -0.0403268 0.9985025
1661868248.777563 0.3480411 -0.0694829 0.2312788 -0.0340028 0.0016559 -0.0363818 0.9987580
1661868248.861565 0.3481668 -0.0695041 0.2314342 -0.0266986 0.0168647 -0.0355964 0.9988672
1661868248.945567 0.3482957 -0.0695355 0.2316056 -0.0213172 0.0384665 -0.0335183 0.9984701
1661868249.029568 0.3484025 -0.0695662 0.2317175 -0.0193882 0.0529344 -0.0294027 0.9979767
1661868249.164571 0.3485699 -0.0696129 0.2319081 -0.0158834 0.0792303 -0.0239376 0.9964423
1661868249.248573 0.3486871 -0.0696463 0.2320264 -0.0114571 0.0949570 -0.0203487 0.9952075
1661868249.341575 0.3488335 -0.0696916 0.2321591 -0.0127562 0.1180760 -0.0139078 0.9928252
1661868249.425577 0.3489330 -0.0697106 0.2322409 -0.0068625 0.1345227 -0.0111732 0.9908237
1661868249.554579 0.3489848 -0.0699116 0.2324051 -0.0085679 0.1652949 -0.0023057 0.9862043
1661868249.728583 0.3491329 -0.0700387 0.2327131 -0.0094570 0.2128319 0.0112997 0.9769777
1661868249.806585 0.3492396 -0.0700674 0.2328239 -0.0030033 0.2310508 0.0145049 0.9728289
1661868249.896587 0.3493229 -0.0701102 0.2329404 -0.0011420 0.2482524 0.0200746 0.9684867
1661868249.974589 0.3494483 -0.0701796 0.2331052 0.0033645 0.2735479 0.0265126 0.9614871
1661868250.055590 0.3495215 -0.0702330 0.2332087 0.0048162 0.2893792 0.0330794 0.9566306
1661868250.139592 0.3496191 -0.0702666 0.2333201 0.0119366 0.3066728 0.0381949 0.9509735
1661868250.223594 0.3496724 -0.0703196 0.2334200 0.0119247 0.3248957 0.0438521 0.9446574
1661868250.304595 0.3497678 -0.0703961 0.2335725 0.0154585 0.3445179 0.0497091 0.9373353
1661868250.385597 0.3498632 -0.0704462 0.2337407 0.0168093 0.3651071 0.0565391 0.9290950
1661868250.472599 0.3499424 -0.0704919 0.2338640 0.0195584 0.3816169 0.0622322 0.9220158
1661868250.523600 0.3500024 -0.0705254 0.2339776 0.0245864 0.3961171 0.0672086 0.9154069
1661868250.574601 0.3500375 -0.0705364 0.2340149 0.0257555 0.4009096 0.0692672 0.9131321
1661868250.658603 0.3501281 -0.0705935 0.2341529 0.0317861 0.4190519 0.0762347 0.9041977
1661868250.703604 0.3501712 -0.0706256 0.2342582 0.0341606 0.4328015 0.0806729 0.8972223
1661868250.796606 0.3502253 -0.0706592 0.2343498 0.0359617 0.4456270 0.0853228 0.8904176
1661868250.880608 0.3502977 -0.0707032 0.2344657 0.0380707 0.4618799 0.0914199 0.8813967
1661868251.048611 0.3504241 -0.0707916 0.2346851 0.0406143 0.4921916 0.1029786 0.8634195
1661868251.261616 0.3505404 -0.0708761 0.2348966 0.0414641 0.5215226 0.1133345 0.8446598
1661868251.342618 0.3505867 -0.0709055 0.2349930 0.0416034 0.5347725 0.1164892 0.8358934
1661868251.471621 0.3506466 -0.0709479 0.2350892 0.0411490 0.5486174 0.1221909 0.8260721
1661868251.555622 0.3506806 -0.0709662 0.2351406 0.0424371 0.5559956 0.1247215 0.8206781
1661868251.642624 0.3507186 -0.0709824 0.2351936 0.0425569 0.5637667 0.1268195 0.8150294
1661868251.693625 0.3507316 -0.0709894 0.2352166 0.0428038 0.5669515 0.1277517 0.8126583
1661868251.810628 0.3507585 -0.0710010 0.2352546 0.0417958 0.5723439 0.1291757 0.8086961
1661868251.897629 0.3507718 -0.0710079 0.2352783 0.0435231 0.5752664 0.1306582 0.8062894
1661868251.984631 0.3507713 -0.0710041 0.2352766 0.0412921 0.5753724 0.1296933 0.8064870
1661868252.464642 0.3507332 -0.0709923 0.2352177 0.0410433 0.5670076 0.1277874 0.8127043
1661868252.980653 0.3507218 -0.0709875 0.2351993 0.0410073 0.5643974 0.1273665 0.8145869
1661868254.624688 0.3507353 -0.0709918 0.2352210 0.0413565 0.5673222 0.1275517 0.8125058
1661868254.924694 0.3506852 -0.0709741 0.2351372 0.0420328 0.5556919 0.1264404 0.8206416
1661868255.011696 0.3505693 -0.0709271 0.2348859 0.0394198 0.5218393 0.1207807 0.8435294
1661868255.179700 0.3503414 -0.0707766 0.2343459 0.0329600 0.4482514 0.1023450 0.8874176
1661868255.266701 0.3503284 -0.0706893 0.2339777 0.0278129 0.4003716 0.0901653 0.9114819
1661868255.359703 0.3503652 -0.0706341 0.2337587 0.0249183 0.3712007 0.0810643 0.9246717
1661868255.437705 0.3504464 -0.0705732 0.2333977 0.0239523 0.3205689 0.0725414 0.9441397
1661868255.518707 0.3505637 -0.0705091 0.2331498 0.0259988 0.2825028 0.0657793 0.9566553
1661868255.599709 0.3507149 -0.0704589 0.2329437 0.0264700 0.2469548 0.0588301 0.9668773
1661868255.641709 0.3508691 -0.0704198 0.2327995 0.0260122 0.2183821 0.0515443 0.9741539
1661868255.722711 0.3510800 -0.0703748 0.2326279 0.0262868 0.1796855 0.0411390 0.9825119
1661868255.803713 0.3513038 -0.0703443 0.2325052 0.0257109 0.1445238 0.0352809 0.9885378
1661868255.932716 0.3517370 -0.0702715 0.2323281 0.0230892 0.0760683 0.0226685 0.9965775
1661868256.019717 0.3520140 -0.0702359 0.2322729 0.0204352 0.0327091 0.0140285 0.9991575
1661868256.061718 0.3522103 -0.0702201 0.2322335 0.0192810 0.0002013 0.0066046 0.9997923
1661868256.103719 0.3522545 -0.0702105 0.2322204 0.0189488 -0.0084735 0.0040293 0.9997764
1661868256.145720 0.3523993 -0.0702178 0.2321960 0.0172621 -0.0329241 -0.0003740 0.9993087
1661868256.238722 0.3526669 -0.0701871 0.2321576 0.0153403 -0.0829843 -0.0122485 0.9963575
1661868256.319724 0.3528315 -0.0701737 0.2321439 0.0143499 -0.1161807 -0.0192936 0.9929370
1661868256.403726 0.3530277 -0.0701516 0.2321264 0.0126732 -0.1596013 -0.0288468 0.9866786
1661868256.490727 0.3531665 -0.0701476 0.2321048 0.0098651 -0.1944387 -0.0360497 0.9802024
1661868256.568729 0.3533441 -0.0701398 0.2320894 0.0085699 -0.2400185 -0.0458239 0.9696484
1661868256.649731 0.3534553 -0.0701348 0.2320501 0.0067908 -0.2712904 -0.0524098 0.9610456
1661868256.727733 0.3535585 -0.0701314 0.2320237 0.0050715 -0.2992592 -0.0601360 0.9522614
1661868256.766733 0.3536570 -0.0701358 0.2320245 0.0031556 -0.3251438 -0.0648336 0.9434343
1661868256.934737 0.3539055 -0.0701376 0.2319855 0.0011678 -0.3912960 -0.0769496 0.9170414
1661868256.979738 0.3539657 -0.0701396 0.2319890 0.0000237 -0.4071914 -0.0794660 0.9098793
1661868257.021739 0.3540244 -0.0701476 0.2319937 -0.0013318 -0.4224931 -0.0814670 0.9026965
1661868257.105741 0.3541272 -0.0701529 0.2319989 -0.0025950 -0.4486310 -0.0856962 0.8895953
1661868257.192743 0.3542710 -0.0701597 0.2320136 -0.0038622 -0.4849496 -0.0925600 0.8696216
1661868257.276744 0.3543978 -0.0701667 0.2320476 -0.0038477 -0.5170686 -0.0981407 0.8502904
1661868257.360746 0.3545164 -0.0701780 0.2320863 -0.0044626 -0.5472592 -0.1039449 0.8304715
1661868257.450748 0.3546119 -0.0701921 0.2321262 -0.0064735 -0.5712606 -0.1087799 0.8135026
1661868257.534750 0.3547244 -0.0702060 0.2321850 -0.0066563 -0.6010394 -0.1135025 0.7910908
1661868257.582751 0.3547713 -0.0702093 0.2322042 -0.0071602 -0.6130322 -0.1145179 0.7816815
1661868257.663753 0.3548639 -0.0702126 0.2322529 -0.0051006 -0.6365249 -0.1178431 0.7621831
1661868257.741754 0.3549380 -0.0702197 0.2322930 -0.0051897 -0.6549252 -0.1202388 0.7460487
1661868257.828756 0.3550231 -0.0702324 0.2323427 -0.0056734 -0.6762620 -0.1237626 0.7261684
1661868257.915758 0.3551126 -0.0702442 0.2323996 -0.0062943 -0.6978126 -0.1307045 0.7042260
1661868257.999760 0.3551727 -0.0702434 0.2324817 -0.0015119 -0.7179776 -0.1308429 0.6836565
1661868258.170763 0.3552492 -0.0702431 0.2326471 0.0036722 -0.7512532 -0.1356812 0.6459070
1661868258.251765 0.3552502 -0.0702487 0.2327497 0.0054938 -0.7670295 -0.1371865 0.6267499
1661868258.332767 0.3552459 -0.0702543 0.2328466 0.0058594 -0.7819120 -0.1393327 0.6075900
1661868258.416769 0.3552210 -0.0702622 0.2329304 0.0072549 -0.7935252 -0.1371580 0.5928345
1661868258.503771 0.3551840 -0.0702658 0.2330230 0.0075416 -0.8054120 -0.1352180 0.5770362
1661868258.587772 0.3551206 -0.0703397 0.2331134 0.0093529 -0.8159829 -0.1431329 0.5599977
1661868258.713775 0.3549957 -0.0704395 0.2332211 0.0082969 -0.8299560 -0.1512889 0.5368574
1661868258.830777 0.3549131 -0.0704711 0.2332848 0.0051963 -0.8375152 -0.1533109 0.5244398
1661868258.950780 0.3548184 -0.0704581 0.2332723 0.0069741 -0.8440654 -0.1549204 0.5133271
1661868259.034782 0.3547479 -0.0704732 0.2332785 0.0099117 -0.8482161 -0.1560113 0.5060551
1661868259.118783 0.3546749 -0.0704965 0.2332850 0.0117738 -0.8515556 -0.1574868 0.4999124
1661868259.202785 0.3545999 -0.0705224 0.2332962 0.0109334 -0.8543641 -0.1599561 0.4943243
1661868259.244786 0.3545588 -0.0705262 0.2332983 0.0131676 -0.8556641 -0.1591918 0.4922637
1661868259.328788 0.3544830 -0.0705407 0.2332999 0.0153822 -0.8574946 -0.1592135 0.4889965
1661868259.415790 0.3543938 -0.0705627 0.2333000 0.0161156 -0.8586991 -0.1604178 0.4864590
1661868259.502792 0.3543177 -0.0705677 0.2333066 0.0170937 -0.8596818 -0.1599231 0.4848500
1661868259.592794 0.3542221 -0.0705654 0.2333085 0.0204268 -0.8601563 -0.1580430 0.4844959
1661868259.673795 0.3541459 -0.0705706 0.2333177 0.0206974 -0.8605446 -0.1571169 0.4840960
1661868259.757797 0.3540689 -0.0705728 0.2333104 0.0192990 -0.8592265 -0.1589847 0.4858820
1661868259.838799 0.3539613 -0.0705867 0.2333162 0.0219697 -0.8591539 -0.1566772 0.4866458
1661868259.973802 0.3538247 -0.0705904 0.2333129 0.0279562 -0.8577129 -0.1534999 0.4898825
1661868260.054804 0.3537052 -0.0705980 0.2333178 0.0303077 -0.8568289 -0.1513737 0.4919467
1661868260.138805 0.3536062 -0.0706056 0.2333091 0.0317142 -0.8544843 -0.1504652 0.4961966
1661868260.219807 0.3535496 -0.0706069 0.2333023 0.0305413 -0.8524486 -0.1512645 0.4995175
1661868260.303809 0.3534490 -0.0706254 0.2333032 0.0325289 -0.8512250 -0.1484223 0.5023234
1661868260.390811 0.3533414 -0.0706331 0.2332940 0.0338495 -0.8478392 -0.1478041 0.5081111
1661868260.477813 0.3532473 -0.0706474 0.2332932 0.0362200 -0.8459609 -0.1452403 0.5118043
1661868260.564814 0.3531617 -0.0706561 0.2332907 0.0363267 -0.8438277 -0.1453050 0.5152881
1661868260.648816 0.3530535 -0.0706725 0.2332695 0.0391069 -0.8394120 -0.1423913 0.5230514
1661868260.732818 0.3529674 -0.0706770 0.2332639 0.0407211 -0.8368588 -0.1404041 0.5275375
1661868260.861821 0.3528287 -0.0706941 0.2332397 0.0445190 -0.8316548 -0.1382048 0.5359737
1661868260.981823 0.3526902 -0.0707018 0.2332133 0.0488155 -0.8263608 -0.1349340 0.5445529
1661868261.059825 0.3525856 -0.0707087 0.2331973 0.0501684 -0.8227988 -0.1328291 0.5503107
1661868261.149827 0.3525104 -0.0707217 0.2331786 0.0518241 -0.8189834 -0.1309536 0.5562657
1661868261.224828 0.3524255 -0.0707324 0.2331671 0.0509997 -0.8167276 -0.1300774 0.5598525
1661868261.314831 0.3523472 -0.0707395 0.2331502 0.0506928 -0.8134050 -0.1302735 0.5646516
1661868261.443833 0.3522058 -0.0707594 0.2331230 0.0520977 -0.8086810 -0.1279646 0.5717918
1661868261.572836 0.3520607 -0.0707704 0.2330881 0.0516405 -0.8033862 -0.1258093 0.5797206
1661868261.707839 0.3519403 -0.0707792 0.2330469 0.0560951 -0.7991571 -0.1200643 0.5863326
1661868261.791841 0.3518643 -0.0707958 0.2330161 0.0565529 -0.7959631 -0.1208283 0.5904617
1661868261.875842 0.3517784 -0.0707959 0.2329842 0.0576070 -0.7932429 -0.1188593 0.5944068
1661868261.965844 0.3516970 -0.0708017 0.2329581 0.0581271 -0.7920873 -0.1169467 0.5962738
1661868262.052846 0.3516077 -0.0708026 0.2329172 0.0571690 -0.7888790 -0.1195850 0.6000842
1661868262.139848 0.3515411 -0.0708055 0.2328910 0.0583838 -0.7879399 -0.1164205 0.6018208
1661868262.217850 0.3514627 -0.0708090 0.2328625 0.0592779 -0.7875181 -0.1137834 0.6027890
1661868262.301852 0.3513811 -0.0708093 0.2328307 0.0591734 -0.7867151 -0.1139234 0.6038206
1661868262.388853 0.3512933 -0.0708106 0.2327919 0.0595724 -0.7864011 -0.1130137 0.6043611
1661868262.472855 0.3512181 -0.0708104 0.2327568 0.0601817 -0.7864529 -0.1113690 0.6045384
1661868262.559857 0.3511622 -0.0708108 0.2327278 0.0606422 -0.7867199 -0.1114252 0.6041349
1661868262.646859 0.3510994 -0.0708131 0.2326905 0.0615493 -0.7867164 -0.1121245 0.6039181
1661868262.733861 0.3510140 -0.0708094 0.2326420 0.0615977 -0.7877578 -0.1132359 0.6023464
1661868262.820863 0.3509459 -0.0708057 0.2325974 0.0620129 -0.7892500 -0.1124586 0.6004931
1661868262.907864 0.3508760 -0.0707983 0.2325540 0.0624404 -0.7907296 -0.1169393 0.5976396
1661868262.991866 0.3508293 -0.0707934 0.2325170 0.0632645 -0.7922036 -0.1165931 0.5956652
1661868263.075868 0.3507607 -0.0707915 0.2324688 0.0635145 -0.7958076 -0.1148109 0.5911638
1661868263.159870 0.3507109 -0.0707899 0.2324314 0.0632259 -0.7976724 -0.1169474 0.5882555
1661868263.240871 0.3506534 -0.0707857 0.2323836 0.0625009 -0.8015764 -0.1163434 0.5831236
1661868263.321873 0.3506053 -0.0707795 0.2323426 0.0627918 -0.8046685 -0.1166896 0.5787480
1661868263.408875 0.3505415 -0.0707686 0.2322825 0.0622044 -0.8086416 -0.1204668 0.5724659
1661868263.486877 0.3504981 -0.0707641 0.2322431 0.0625263 -0.8126659 -0.1208481 0.5666219
1661868263.567878 0.3504717 -0.0707591 0.2322159 0.0628326 -0.8149516 -0.1216042 0.5631326
1661868263.651880 0.3504049 -0.0707383 0.2321416 0.0653167 -0.8208336 -0.1234967 0.5538180
1661868263.738882 0.3503769 -0.0707273 0.2321069 0.0648405 -0.8230311 -0.1245267 0.5503715
1661868263.822884 0.3503278 -0.0707192 0.2320530 0.0648057 -0.8277509 -0.1272614 0.5426170
1661868263.906886 0.3502722 -0.0707025 0.2319825 0.0652138 -0.8339663 -0.1277831 0.5328404
1661868263.996888 0.3502376 -0.0706882 0.2319358 0.0649720 -0.8380510 -0.1285726 0.5262304
1661868264.074889 0.3502080 -0.0706769 0.2318893 0.0650171 -0.8421417 -0.1315204 0.5189148
1661868264.161891 0.3501571 -0.0706615 0.2318195 0.0649641 -0.8491952 -0.1324295 0.5070599
1661868264.242893 0.3501283 -0.0706488 0.2317780 0.0650548 -0.8525791 -0.1333644 0.5010896
1661868264.329895 0.3500860 -0.0706335 0.2317021 0.0649304 -0.8579901 -0.1375148 0.4906391
1661868264.413897 0.3500462 -0.0706148 0.2316330 0.0648640 -0.8631153 -0.1397207 0.4809396
1661868264.500898 0.3500120 -0.0706053 0.2315652 0.0642656 -0.8678086 -0.1432970 0.4714278
1661868264.584900 0.3499723 -0.0705895 0.2314920 0.0641038 -0.8739906 -0.1439563 0.4596823
1661868264.665902 0.3499506 -0.0705736 0.2314521 0.0641062 -0.8771985 -0.1452973 0.4531026
1661868264.752904 0.3499153 -0.0705645 0.2313843 0.0639126 -0.8820950 -0.1473426 0.4428475
1661868264.851906 0.3498701 -0.0705431 0.2313047 0.0628054 -0.8884464 -0.1493514 0.4294329
1661868264.935908 0.3498418 -0.0705275 0.2312353 0.0623207 -0.8927913 -0.1504643 0.4200004
1661868265.016909 0.3498127 -0.0705088 0.2311717 0.0624191 -0.8974723 -0.1504871 0.4098792
1661868265.100911 0.3497855 -0.0704963 0.2311060 0.0613755 -0.9013669 -0.1523575 0.4006968
1661868265.187913 0.3497593 -0.0704855 0.2310490 0.0607712 -0.9047976 -0.1551450 0.3918906
1661868265.274915 0.3497255 -0.0704727 0.2309700 0.0598503 -0.9099844 -0.1550867 0.3798610
1661868265.361917 0.3496912 -0.0704580 0.2308950 0.0580104 -0.9144099 -0.1555530 0.3691782
1661868265.445919 0.3496670 -0.0704498 0.2308351 0.0567748 -0.9167837 -0.1591723 0.3618681
1661868265.565921 0.3496376 -0.0704357 0.2307507 0.0565195 -0.9206352 -0.1613826 0.3509874
1661868265.664923 0.3495965 -0.0704145 0.2306579 0.0546985 -0.9252557 -0.1615848 0.3388222
1661868265.748925 0.3495772 -0.0704030 0.2305979 0.0538937 -0.9268969 -0.1645924 0.3329668
1661868265.829927 0.3495460 -0.0703859 0.2305280 0.0522687 -0.9299317 -0.1644943 0.3247100
1661868265.916929 0.3495134 -0.0703714 0.2304694 0.0509983 -0.9330364 -0.1621091 0.3171165
1661868266.036931 0.3494767 -0.0703539 0.2303700 0.0492371 -0.9358541 -0.1634861 0.3082613
1661868266.123933 0.3494555 -0.0703480 0.2302915 0.0482884 -0.9379459 -0.1624921 0.3025261
1661868266.246936 0.3494217 -0.0703401 0.2302046 0.0464534 -0.9403919 -0.1612568 0.2958065
1661868266.369938 0.3493850 -0.0703275 0.2301185 0.0452623 -0.9425173 -0.1592824 0.2902441
1661868266.450940 0.3493528 -0.0703204 0.2300531 0.0429339 -0.9437364 -0.1603012 0.2860453
1661868266.540942 0.3493181 -0.0703072 0.2299730 0.0418500 -0.9453453 -0.1575745 0.2823848
1661868266.633944 0.3492862 -0.0703046 0.2299064 0.0404286 -0.9463603 -0.1560312 0.2800390
1661868266.729946 0.3492620 -0.0703027 0.2298574 0.0391488 -0.9470518 -0.1547309 0.2786013
1661868266.852949 0.3492182 -0.0702972 0.2297529 0.0369631 -0.9473213 -0.1548070 0.2779403
1661868266.939950 0.3491886 -0.0702875 0.2296970 0.0347196 -0.9472995 -0.1547310 0.2783462
1661868267.020952 0.3491574 -0.0702910 0.2296381 0.0333193 -0.9476409 -0.1521093 0.2787998
1661868267.149955 0.3491148 -0.0702902 0.2295359 0.0311870 -0.9459734 -0.1547796 0.2832048
1661868267.236957 0.3490896 -0.0702954 0.2294743 0.0307544 -0.9454442 -0.1514717 0.2867854
1661868267.359959 0.3490433 -0.0703019 0.2293858 0.0303341 -0.9446769 -0.1461847 0.2920537
1661868267.440961 0.3490090 -0.0703059 0.2293287 0.0282106 -0.9434190 -0.1455125 0.2966324
1661868267.527963 0.3489793 -0.0703065 0.2292719 0.0265555 -0.9416034 -0.1471269 0.3017142
1661868267.650966 0.3489338 -0.0703208 0.2292033 0.0251073 -0.9395120 -0.1462581 0.3086996
1661868267.770968 0.3488750 -0.0703313 0.2291200 0.0232458 -0.9370293 -0.1422558 0.3181181
1661868267.902971 0.3488187 -0.0703405 0.2290347 0.0225312 -0.9337987 -0.1390612 0.3288989
1661868268.043974 0.3487456 -0.0703564 0.2289432 0.0195112 -0.9294722 -0.1370536 0.3419314
1661868268.175977 0.3486843 -0.0703670 0.2288785 0.0166495 -0.9260787 -0.1342274 0.3522557
1661868268.301980 0.3486190 -0.0703788 0.2288044 0.0147317 -0.9212925 -0.1323275 0.3653665
1661868268.472983 0.3485438 -0.0704003 0.2287316 0.0104918 -0.9153014 -0.1332905 0.3799300
1661868268.553985 0.3484882 -0.0704125 0.2286773 0.0105590 -0.9110924 -0.1298907 0.3910596
1661868268.727988 0.3483940 -0.0704359 0.2285942 0.0074454 -0.9034411 -0.1278166 0.4091475
1661868268.811990 0.3483405 -0.0704478 0.2285520 0.0079098 -0.8997480 -0.1232874 0.4185584
1661868268.979994 0.3482447 -0.0704668 0.2284841 0.0047928 -0.8927326 -0.1231262 0.4334115
1661868269.105997 0.3481739 -0.0704769 0.2284398 0.0033312 -0.8875259 -0.1212876 0.4444952
1661868269.277000 0.3480582 -0.0704903 0.2283767 0.0040003 -0.8795554 -0.1167277 0.4612385
1661868269.361002 0.3480065 -0.0704982 0.2283518 0.0017825 -0.8759916 -0.1167047 0.4679909
1661868269.484005 0.3479298 -0.0705169 0.2283187 0.0009921 -0.8709822 -0.1155378 0.4775354
1661868269.568007 0.3478664 -0.0705233 0.2282908 0.0028399 -0.8674196 -0.1128138 0.4846114
1661868269.694009 0.3477854 -0.0705373 0.2282603 0.0028154 -0.8632721 -0.1113013 0.4923063
1661868269.784011 0.3477181 -0.0705472 0.2282336 0.0029971 -0.8599414 -0.1104315 0.4982937
1661868269.877013 0.3476543 -0.0705584 0.2282137 0.0033898 -0.8575206 -0.1093902 0.5026736
1661868269.961015 0.3475984 -0.0705636 0.2281926 0.0028972 -0.8549230 -0.1101385 0.5069199
1661868270.051017 0.3475339 -0.0705748 0.2281775 0.0029486 -0.8531305 -0.1095756 0.5100518
1661868270.147019 0.3474821 -0.0705786 0.2281608 0.0042037 -0.8515182 -0.1091152 0.5128285
1661868270.264021 0.3473712 -0.0705925 0.2281336 0.0062677 -0.8490146 -0.1080376 0.5171680
1661868270.384024 0.3472966 -0.0705902 0.2281205 0.0061069 -0.8481222 -0.1088839 0.5184552
1661868270.474026 0.3472435 -0.0706020 0.2281105 0.0081798 -0.8478926 -0.1085716 0.5188673
1661868270.600029 0.3471432 -0.0706133 0.2280971 0.0093031 -0.8485305 -0.1090965 0.5176944
1661868270.723031 0.3470379 -0.0706269 0.2280814 0.0094777 -0.8499053 -0.1108734 0.5150518
1661868270.897035 0.3469137 -0.0706326 0.2280658 0.0133610 -0.8531835 -0.1115339 0.5093718
1661868271.026038 0.3468125 -0.0706424 0.2280532 0.0188061 -0.8566986 -0.1124723 0.5030544
1661868271.152040 0.3466974 -0.0706488 0.2280440 0.0209809 -0.8616794 -0.1151303 0.4937746
1661868271.290043 0.3466072 -0.0706580 0.2280354 0.0258892 -0.8667970 -0.1169143 0.4840700
1661868271.422046 0.3465004 -0.0706794 0.2280197 0.0279651 -0.8726267 -0.1219021 0.4721023
1661868271.545049 0.3464102 -0.0706799 0.2280270 0.0329445 -0.8792964 -0.1235641 0.4587859
1661868271.668051 0.3463319 -0.0706787 0.2280263 0.0355200 -0.8853560 -0.1254353 0.4462612
1661868271.758053 0.3462710 -0.0706874 0.2280253 0.0382421 -0.8902727 -0.1281855 0.4353397
1661868271.887056 0.3461629 -0.0706952 0.2280249 0.0408661 -0.8994995 -0.1334886 0.4140187
1661868271.971058 0.3461036 -0.0706976 0.2280232 0.0441924 -0.9048092 -0.1353463 0.4013090
1661868272.052059 0.3460466 -0.0707068 0.2280189 0.0452741 -0.9098185 -0.1394178 0.3882568
1661868272.136061 0.3459861 -0.0707110 0.2280189 0.0496350 -0.9153857 -0.1415080 0.3736054
1661868272.223063 0.3459199 -0.0707155 0.2280170 0.0527820 -0.9209712 -0.1450907 0.3577358
1661868272.307065 0.3458592 -0.0707140 0.2280158 0.0564029 -0.9266570 -0.1466402 0.3415000
1661868272.391067 0.3458053 -0.0707205 0.2280138 0.0589840 -0.9313555 -0.1497554 0.3266055
1661868272.469068 0.3457613 -0.0707304 0.2280100 0.0603412 -0.9353660 -0.1530600 0.3130848
1661868272.550070 0.3457068 -0.0707350 0.2280077 0.0637230 -0.9405438 -0.1560043 0.2949227
1661868272.673073 0.3456374 -0.0707410 0.2280015 0.0661737 -0.9466076 -0.1593453 0.2723312
1661868272.757075 0.3455847 -0.0707518 0.2279959 0.0668873 -0.9512908 -0.1643634 0.2521044
1661868272.838076 0.3455331 -0.0707629 0.2279887 0.0721072 -0.9554391 -0.1680532 0.2317215
1661868272.922078 0.3454844 -0.0707735 0.2279846 0.0757792 -0.9593914 -0.1706030 0.2114720
1661868273.006080 0.3454538 -0.0707773 0.2279809 0.0779932 -0.9616607 -0.1720983 0.1987662
1661868273.087082 0.3453963 -0.0707863 0.2279737 0.0799572 -0.9655307 -0.1749865 0.1753200
1661868273.171083 0.3453540 -0.0707992 0.2279701 0.0807899 -0.9681011 -0.1782323 0.1564813
1661868273.255085 0.3453372 -0.0708069 0.2279676 0.0799221 -0.9689929 -0.1803048 0.1488465
1661868273.342087 0.3452773 -0.0708391 0.2279402 0.0822278 -0.9714353 -0.1888681 0.1178172
1661868273.429089 0.3452241 -0.0708549 0.2279337 0.0848722 -0.9734987 -0.1910154 0.0927908
1661868273.516091 0.3451869 -0.0708642 0.2279381 0.0877915 -0.9749326 -0.1905185 0.0741743
1661868273.606093 0.3451463 -0.0708751 0.2279281 0.0903417 -0.9758990 -0.1925673 0.0487584
1661868273.693094 0.3451176 -0.0708797 0.2279241 0.0914793 -0.9764391 -0.1924427 0.0341180
1661868273.777096 0.3450823 -0.0708881 0.2279135 0.0957934 -0.9767293 -0.1916630 0.0094272
1661868273.864098 0.3450693 -0.0708925 0.2279130 -0.0974010 0.9766208 0.1916242 0.0022569
1661868273.957100 0.3450464 -0.0708964 0.2279188 -0.1034149 0.9766172 0.1866223 0.0263900
1661868274.041102 0.3450383 -0.0709016 0.2279243 -0.1009177 0.9763835 0.1865413 0.0411490
1661868274.131104 0.3450306 -0.0709063 0.2279210 -0.1070339 0.9752952 0.1839776 0.0591212
1661868274.215106 0.3450110 -0.0709312 0.2279183 -0.1078312 0.9737775 0.1850809 0.0766486
1661868274.299107 0.3449813 -0.0709663 0.2278904 -0.1080459 0.9717194 0.1882948 0.0929114
1661868274.386109 0.3449490 -0.0709706 0.2278906 -0.1097474 0.9701546 0.1842941 0.1130984
1661868274.476111 0.3449312 -0.0709796 0.2278872 -0.1107386 0.9685579 0.1820002 0.1284858
1661868274.566113 0.3449121 -0.0710012 0.2278857 -0.1100869 0.9664594 0.1815323 0.1445100
1661868274.656115 0.3449008 -0.0710149 0.2278894 -0.1094720 0.9646116 0.1813169 0.1570494
1661868274.743117 0.3448969 -0.0710312 0.2278982 -0.1102127 0.9630034 0.1779459 0.1697438
1661868274.827119 0.3448856 -0.0710431 0.2279085 -0.1097467 0.9613761 0.1743703 0.1825015
1661868274.989122 0.3448624 -0.0710955 0.2278927 -0.1094385 0.9567981 0.1709239 0.2081964
1661868275.070124 0.3448579 -0.0711166 0.2278890 -0.1090085 0.9553403 0.1680990 0.2172205
1661868275.151126 0.3448537 -0.0711409 0.2278851 -0.1089995 0.9536710 0.1673024 0.2250348
1661868275.238127 0.3448512 -0.0711595 0.2278827 -0.1095839 0.9521343 0.1652787 0.2326253
1661868275.322129 0.3448398 -0.0711890 0.2278695 -0.1082321 0.9500005 0.1629289 0.2433906
1661868275.451132 0.3448312 -0.0712211 0.2278611 -0.1085147 0.9476861 0.1569616 0.2558879
1661868275.538134 0.3448254 -0.0712487 0.2278539 -0.1079898 0.9460619 0.1543349 0.2636018
1661868275.670137 0.3448287 -0.0712931 0.2278466 -0.1069135 0.9446647 0.1497887 0.2715538
1661868275.784139 0.3448284 -0.0713370 0.2278307 -0.1056817 0.9436735 0.1466631 0.2771312
1661868275.874141 0.3448278 -0.0713539 0.2278399 -0.1056001 0.9436407 0.1408412 0.2802760
1661868275.958143 0.3448323 -0.0713945 0.2278167 -0.1037955 0.9430794 0.1387945 0.2838377
1661868276.081146 0.3448354 -0.0714429 0.2277912 -0.1019381 0.9429104 0.1361179 0.2863573
1661868276.168147 0.3448398 -0.0714685 0.2278048 -0.1014754 0.9441990 0.1308229 0.2847392
1661868276.249149 0.3448433 -0.0714988 0.2277886 -0.0999421 0.9448596 0.1275347 0.2845819
1661868276.378152 0.3448482 -0.0715490 0.2277545 -0.0968120 0.9460517 0.1223436 0.2839818
1661868276.459153 0.3448581 -0.0715862 0.2277467 -0.0951221 0.9475742 0.1204200 0.2802748
1661868276.546155 0.3448606 -0.0716234 0.2277248 -0.0925553 0.9486711 0.1173959 0.2787021
1661868276.630157 0.3448615 -0.0716476 0.2276970 -0.0904247 0.9494932 0.1165080 0.2769690
1661868276.717159 0.3448665 -0.0716757 0.2276756 -0.0883008 0.9508082 0.1137450 0.2742790
1661868276.804161 0.3448754 -0.0717171 0.2276562 -0.0846098 0.9530767 0.1126694 0.2679395
1661868276.885163 0.3448857 -0.0717568 0.2276227 -0.0810112 0.9556586 0.1079039 0.2617456
1661868277.002165 0.3448977 -0.0717899 0.2275965 -0.0776334 0.9583309 0.1050402 0.2540502
1661868277.086167 0.3449032 -0.0718156 0.2275734 -0.0740423 0.9606908 0.1008308 0.2478388
1661868277.170169 0.3449116 -0.0718484 0.2275358 -0.0690154 0.9633878 0.0996524 0.2391445
1661868277.260171 0.3449183 -0.0718791 0.2275184 -0.0655596 0.9657157 0.0964243 0.2319430
1661868277.347172 0.3449272 -0.0719183 0.2274959 -0.0610648 0.9685989 0.0942992 0.2217992
1661868277.431174 0.3449386 -0.0719462 0.2274691 -0.0570792 0.9715487 0.0913583 0.2109234
1661868277.554177 0.3449469 -0.0719776 0.2274357 -0.0505620 0.9748820 0.0882237 0.1981546
1661868277.641179 0.3449514 -0.0719977 0.2274227 -0.0471349 0.9762638 0.0869057 0.1927041
1661868277.728181 0.3449577 -0.0720280 0.2273807 -0.0387822 0.9802966 0.0805459 0.1761446
1661868277.812182 0.3449683 -0.0720634 0.2273588 -0.0336367 0.9828178 0.0793452 0.1632244
1661868277.893184 0.3449740 -0.0720814 0.2273384 -0.0294149 0.9848888 0.0764991 0.1525674
1661868277.971186 0.3449740 -0.0721059 0.2273180 -0.0246716 0.9863417 0.0756831 0.1441991
1661868278.055187 0.3449859 -0.0721283 0.2272961 -0.0186354 0.9888888 0.0721576 0.1286271
1661868278.145190 0.3449885 -0.0721513 0.2272658 -0.0137621 0.9905303 0.0739274 0.1148703
1661868278.229191 0.3449934 -0.0721734 0.2272398 -0.0071005 0.9922939 0.0707749 0.1014562
1661868278.310193 0.3450028 -0.0721912 0.2272125 -0.0009383 0.9937513 0.0695371 0.0873036
1661868278.391195 0.3450049 -0.0721990 0.2271893 0.0038831 0.9949515 0.0662229 0.0753062
1661868278.511197 0.3450155 -0.0722359 0.2271527 0.0125699 0.9963041 0.0668173 0.0524944
1661868278.598199 0.3450195 -0.0722447 0.2271190 0.0186529 0.9969532 0.0667342 0.0358192
1661868278.676201 0.3450246 -0.0722498 0.2271006 0.0226883 0.9972900 0.0650595 0.0257924
1661868278.763203 0.3450299 -0.0722545 0.2270742 0.0290792 0.9976103 0.0617048 0.0109839
1661868278.925206 0.3450440 -0.0722670 0.2270177 -0.0410600 -0.9971384 -0.0589855 0.0234458
1661868279.009208 0.3450491 -0.0722736 0.2269982 -0.0467896 -0.9964942 -0.0590727 0.0363391
1661868279.090210 0.3450544 -0.0722795 0.2269712 -0.0521940 -0.9954646 -0.0586268 0.0537497
1661868279.177212 0.3450574 -0.0722870 0.2269420 -0.0583930 -0.9939461 -0.0587338 0.0721918
1661868279.264213 0.3450575 -0.0722935 0.2269156 -0.0638214 -0.9921086 -0.0603063 0.0895018
1661868279.351215 0.3450572 -0.0723019 0.2268944 -0.0687453 -0.9902462 -0.0632733 0.1033591
1661868279.435217 0.3450623 -0.0723047 0.2268737 -0.0726709 -0.9883142 -0.0629527 0.1182839
1661868279.522219 0.3450678 -0.0723097 0.2268514 -0.0770293 -0.9854439 -0.0643884 0.1371890
1661868279.612221 0.3450712 -0.0723136 0.2268285 -0.0815617 -0.9824543 -0.0637511 0.1551357
1661868279.732223 0.3450743 -0.0723175 0.2268044 -0.0875090 -0.9783938 -0.0655404 0.1754773
1661868279.900227 0.3450730 -0.0723242 0.2267569 -0.0974666 -0.9697344 -0.0689959 0.2129673
1661868279.990229 0.3450683 -0.0723278 0.2267306 -0.1025855 -0.9650127 -0.0714630 0.2304773
1661868280.035230 0.3450673 -0.0723286 0.2267233 -0.1041584 -0.9629087 -0.0719742 0.2382804
1661868280.209234 0.3450571 -0.0723319 0.2266864 -0.1129949 -0.9536818 -0.0752636 0.2684372
1661868280.380237 0.3450408 -0.0723347 0.2266484 -0.1223068 -0.9424646 -0.0789787 0.3009384
1661868280.464239 0.3450322 -0.0723149 0.2266233 -0.1254860 -0.9365067 -0.0809111 0.3172724
1661868280.548241 0.3450258 -0.0723068 0.2266116 -0.1271075 -0.9327179 -0.0797439 0.3279053
1661868280.851247 0.3449724 -0.0722870 0.2265367 -0.1425648 -0.9068136 -0.0847662 0.3875293
1661868280.956249 0.3449424 -0.0722639 0.2265073 -0.1455531 -0.8973893 -0.0838888 0.4080066
1661868281.208255 0.3448910 -0.0722406 0.2264598 -0.1545801 -0.8769574 -0.0853214 0.4469575
1661868281.424259 0.3448334 -0.0722195 0.2264139 -0.1603608 -0.8580504 -0.0875875 0.4799608
1661868281.631264 0.3447702 -0.0721907 0.2263663 -0.1641431 -0.8384649 -0.0857017 0.5125319
1661868281.718266 0.3447402 -0.0721863 0.2263520 -0.1677114 -0.8300046 -0.0891674 0.5244182
1661868281.808268 0.3447100 -0.0721773 0.2263317 -0.1691378 -0.8202468 -0.0900382 0.5389627
1661868281.892269 0.3446885 -0.0721764 0.2263234 -0.1694836 -0.8147368 -0.0887836 0.5473543
1661868281.985271 0.3446490 -0.0721657 0.2263045 -0.1711786 -0.8039830 -0.0881350 0.5626201
1661868282.111274 0.3445943 -0.0721543 0.2262806 -0.1740218 -0.7907096 -0.0872457 0.5804161
1661868282.204276 0.3445598 -0.0721486 0.2262657 -0.1762705 -0.7823231 -0.0880477 0.5908866
1661868282.288278 0.3445157 -0.0721381 0.2262493 -0.1756791 -0.7728344 -0.0830472 0.6041249
1661868282.378280 0.3444861 -0.0721337 0.2262308 -0.1762917 -0.7658969 -0.0836507 0.6126384
1661868282.459281 0.3444413 -0.0721335 0.2262168 -0.1785370 -0.7570336 -0.0830534 0.6229982
1661868282.555284 0.3443962 -0.0721324 0.2262038 -0.1812458 -0.7480423 -0.0845589 0.6327974
1661868282.639285 0.3443524 -0.0721337 0.2261933 -0.1837629 -0.7401708 -0.0863046 0.6410381
1661868282.726287 0.3443142 -0.0721254 0.2261759 -0.1827448 -0.7322740 -0.0830956 0.6507490
1661868282.813289 0.3442742 -0.0721238 0.2261650 -0.1839456 -0.7247245 -0.0841503 0.6586783
1661868282.894291 0.3442276 -0.0721225 0.2261552 -0.1848364 -0.7159672 -0.0802246 0.6684240
1661868282.984293 0.3441884 -0.0721250 0.2261490 -0.1877454 -0.7086530 -0.0803462 0.6753570
1661868283.068295 0.3441423 -0.0721226 0.2261380 -0.1874288 -0.7002247 -0.0781997 0.6844272
1661868283.158296 0.3440920 -0.0721172 0.2261227 -0.1874155 -0.6900426 -0.0765838 0.6948752
1661868283.245298 0.3440558 -0.0721122 0.2261134 -0.1872249 -0.6830518 -0.0736571 0.7021123
1661868283.329300 0.3440224 -0.0721138 0.2261067 -0.1875912 -0.6769473 -0.0730180 0.7079691
1661868283.419302 0.3440060 -0.0721145 0.2261029 -0.1882425 -0.6736467 -0.0733840 0.7109006
1661868283.500304 0.3439374 -0.0721122 0.2260870 -0.1869245 -0.6623027 -0.0681123 0.7223400
1661868283.590306 0.3439204 -0.0721107 0.2260818 -0.1868333 -0.6594064 -0.0677891 0.7250387
1661868283.677308 0.3438496 -0.0721104 0.2260682 -0.1866623 -0.6480181 -0.0645956 0.7355659
1661868283.770309 0.3438035 -0.0721191 0.2260602 -0.1877224 -0.6413924 -0.0637477 0.7411561
1661868283.857311 0.3437616 -0.0721244 0.2260543 -0.1888572 -0.6350110 -0.0621755 0.7464772
1661868283.941313 0.3437368 -0.0721258 0.2260521 -0.1910013 -0.6309510 -0.0643363 0.7491863
1661868284.028315 0.3436736 -0.0721303 0.2260414 -0.1894561 -0.6220120 -0.0589483 0.7574514
1661868284.109317 0.3436390 -0.0721318 0.2260368 -0.1903847 -0.6165885 -0.0587454 0.7616569
1661868284.199319 0.3435837 -0.0721369 0.2260279 -0.1887317 -0.6091699 -0.0546694 0.7683122
1661868284.286320 0.3435336 -0.0721379 0.2260277 -0.1889028 -0.6039900 -0.0520516 0.7725299
1661868284.421323 0.3434550 -0.0721434 0.2260175 -0.1881059 -0.5952578 -0.0476274 0.7797537
1661868284.538326 0.3433914 -0.0721548 0.2260068 -0.1867937 -0.5887535 -0.0457597 0.7851009
1661868284.622328 0.3433484 -0.0721613 0.2260144 -0.1881648 -0.5854367 -0.0441201 0.7873445
1661868284.709330 0.3433015 -0.0721675 0.2260143 -0.1878795 -0.5815753 -0.0424912 0.7903582
1661868284.805331 0.3432417 -0.0721777 0.2260117 -0.1880130 -0.5771709 -0.0391697 0.7937195
1661868284.895334 0.3431907 -0.0721866 0.2260082 -0.1887173 -0.5731208 -0.0393141 0.7964752
1661868284.976335 0.3431431 -0.0721971 0.2260104 -0.1899289 -0.5695366 -0.0393561 0.7987529
1661868285.156339 0.3430601 -0.0722042 0.2260173 -0.1884431 -0.5645984 -0.0347265 0.8028151
1661868285.243341 0.3430154 -0.0722140 0.2260186 -0.1877571 -0.5616703 -0.0333216 0.8050860
1661868285.336343 0.3429688 -0.0722207 0.2260215 -0.1873997 -0.5590830 -0.0322396 0.8070118
1661868285.420345 0.3429279 -0.0722295 0.2260211 -0.1872302 -0.5568007 -0.0316538 0.8086506
1661868285.585348 0.3428417 -0.0722431 0.2260267 -0.1843239 -0.5539963 -0.0308069 0.8112730
1661868285.666350 0.3428180 -0.0722415 0.2260312 -0.1840114 -0.5536513 -0.0301821 0.8116027
1661868285.753352 0.3427656 -0.0722513 0.2260383 -0.1827754 -0.5527261 -0.0290665 0.8125529
1661868285.834353 0.3427333 -0.0722590 0.2260456 -0.1825713 -0.5524148 -0.0287222 0.8128226
1661868285.927356 0.3426859 -0.0722633 0.2260542 -0.1815329 -0.5525970 -0.0276471 0.8129687
1661868286.011357 0.3426490 -0.0722739 0.2260660 -0.1823383 -0.5526692 -0.0274420 0.8127462
1661868286.089359 0.3426084 -0.0722769 0.2260768 -0.1804260 -0.5535359 -0.0266699 0.8126089
1661868286.176361 0.3425744 -0.0722786 0.2260864 -0.1821780 -0.5543355 -0.0279822 0.8116282
1661868286.263363 0.3425410 -0.0722893 0.2260965 -0.1811186 -0.5550602 -0.0277275 0.8113788
1661868286.353364 0.3424985 -0.0722948 0.2261121 -0.1789931 -0.5569948 -0.0267063 0.8105586
1661868286.482367 0.3424451 -0.0723028 0.2261320 -0.1797937 -0.5596907 -0.0283445 0.8084660
1661868286.602370 0.3423981 -0.0723152 0.2261446 -0.1754781 -0.5621518 -0.0287266 0.8076927
1661868286.686372 0.3423586 -0.0723189 0.2261602 -0.1771456 -0.5645791 -0.0306911 0.8055606
1661868286.863375 0.3422980 -0.0723234 0.2261857 -0.1726249 -0.5699035 -0.0308167 0.8027833
1661868286.992378 0.3422469 -0.0723270 0.2262090 -0.1709086 -0.5743123 -0.0318317 0.7999640
1661868287.079380 0.3422213 -0.0723271 0.2262209 -0.1717682 -0.5767329 -0.0332884 0.7979767
1661868287.253384 0.3421594 -0.0723236 0.2262482 -0.1670974 -0.5833697 -0.0346515 0.7940765
1661868287.340386 0.3421340 -0.0723291 0.2262620 -0.1665888 -0.5866809 -0.0365745 0.7916540
1661868287.466388 0.3420949 -0.0723298 0.2262883 -0.1688548 -0.5929954 -0.0400939 0.7862805
1661868287.592391 0.3420515 -0.0723262 0.2263154 -0.1636060 -0.5998363 -0.0418750 0.7820971
1661868287.718394 0.3420126 -0.0723198 0.2263407 -0.1614464 -0.6064126 -0.0444545 0.7773176
1661868287.847396 0.3419778 -0.0723206 0.2263632 -0.1606604 -0.6124404 -0.0473598 0.7725685
1661868287.976399 0.3419454 -0.0723123 0.2263860 -0.1589222 -0.6191638 -0.0497094 0.7674041
1661868288.105402 0.3419009 -0.0723018 0.2264148 -0.1600422 -0.6280781 -0.0543158 0.7595750
1661868288.273406 0.3418658 -0.0723015 0.2264407 -0.1554752 -0.6360404 -0.0571537 0.7536667
1661868288.396408 0.3418237 -0.0722928 0.2264673 -0.1536583 -0.6446925 -0.0617906 0.7462859
1661868288.525411 0.3417846 -0.0722759 0.2264898 -0.1511877 -0.6527027 -0.0644169 0.7395754
1661868288.648414 0.3417564 -0.0722639 0.2265114 -0.1506620 -0.6598102 -0.0675921 0.7330640
1661868288.774416 0.3417201 -0.0722471 0.2265349 -0.1470946 -0.6679865 -0.0691766 0.7262037
1661868288.900419 0.3416921 -0.0722378 0.2265515 -0.1472015 -0.6739539 -0.0720159 0.7203692
1661868289.041422 0.3416548 -0.0722205 0.2265739 -0.1459000 -0.6822947 -0.0755238 0.7123787
1661868289.170425 0.3416110 -0.0722017 0.2265995 -0.1449456 -0.6918616 -0.0799665 0.7027970
1661868289.560433 0.3415065 -0.0721465 0.2266446 -0.1399352 -0.7135574 -0.0873792 0.6808956
1661868289.725436 0.3414656 -0.0721249 0.2266612 -0.1375721 -0.7218599 -0.0895206 0.6722933
1661868289.851439 0.3414333 -0.0721032 0.2266699 -0.1381661 -0.7272871 -0.0924044 0.6659017
1661868289.983442 0.3413905 -0.0720809 0.2266802 -0.1366181 -0.7346259 -0.0940899 0.6578810
1661868290.115445 0.3413478 -0.0720575 0.2266894 -0.1353680 -0.7415423 -0.0955803 0.6501192
1661868290.364450 0.3412635 -0.0720074 0.2266950 -0.1322092 -0.7535129 -0.0975946 0.6365646
1661868290.496453 0.3412118 -0.0719889 0.2267019 -0.1333778 -0.7597613 -0.1028506 0.6280086
1661868290.622456 0.3411819 -0.0719742 0.2266999 -0.1319670 -0.7631742 -0.1016082 0.6243601
1661868290.754458 0.3411257 -0.0719499 0.2266989 -0.1311873 -0.7695087 -0.1030433 0.6164643
1661868290.883461 0.3410829 -0.0719191 0.2266932 -0.1299464 -0.7739091 -0.1032583 0.6111599
1661868291.015464 0.3410366 -0.0718971 0.2266837 -0.1272986 -0.7780288 -0.1016307 0.6067433
1661868291.102466 0.3409946 -0.0718812 0.2266798 -0.1278693 -0.7813596 -0.1032239 0.6020561
1661868291.231469 0.3409465 -0.0718624 0.2266734 -0.1261655 -0.7853516 -0.1029887 0.5972424
1661868291.396472 0.3408972 -0.0718411 0.2266582 -0.1252265 -0.7881540 -0.1025770 0.5938094
1661868291.525475 0.3408256 -0.0718116 0.2266354 -0.1265294 -0.7912571 -0.1060814 0.5887693
1661868291.648478 0.3407752 -0.0717892 0.2266236 -0.1247953 -0.7944201 -0.1031072 0.5853989
1661868291.771480 0.3407130 -0.0717599 0.2266049 -0.1237530 -0.7972071 -0.0999245 0.5823755
1661868291.900483 0.3406578 -0.0717374 0.2265805 -0.1221555 -0.7986238 -0.0977324 0.5811424
1661868292.026486 0.3406041 -0.0717122 0.2265607 -0.1202485 -0.8007175 -0.0949090 0.5791235
1661868292.194489 0.3405236 -0.0716853 0.2265276 -0.1205104 -0.8019058 -0.0942229 0.5775349
1661868292.320492 0.3404683 -0.0716612 0.2264999 -0.1210706 -0.8020170 -0.0928823 0.5774803
1661868292.443495 0.3404064 -0.0716426 0.2264754 -0.1211904 -0.8030276 -0.0912677 0.5763072
1661868292.572497 0.3403529 -0.0716160 0.2264409 -0.1212244 -0.8019063 -0.0941403 0.5773980
1661868292.656499 0.3403199 -0.0716073 0.2264302 -0.1196684 -0.8027629 -0.0880089 0.5774996
1661868292.785502 0.3402515 -0.0715869 0.2263890 -0.1182726 -0.8021471 -0.0826883 0.5794258
1661868292.911505 0.3401905 -0.0715627 0.2263526 -0.1177798 -0.8006208 -0.0817759 0.5817620
1661868293.085508 0.3401110 -0.0715349 0.2263072 -0.1164689 -0.7991217 -0.0764395 0.5848047
1661868293.217511 0.3400485 -0.0715118 0.2262674 -0.1173624 -0.7966631 -0.0755447 0.5880876
1661868293.313513 0.3400021 -0.0714976 0.2262405 -0.1171343 -0.7951062 -0.0746228 0.5903534
1661868293.430516 0.3399323 -0.0714874 0.2261994 -0.1168507 -0.7930909 -0.0697741 0.5937039
1661868293.562518 0.3398655 -0.0714678 0.2261646 -0.1166267 -0.7914665 -0.0644745 0.5965082
1661868293.685521 0.3398146 -0.0714497 0.2261296 -0.1169553 -0.7887451 -0.0647805 0.6000051
1661868293.811524 0.3397707 -0.0714394 0.2261078 -0.1172862 -0.7874469 -0.0600409 0.6021349
1661868293.940526 0.3397151 -0.0714188 0.2260627 -0.1170165 -0.7835880 -0.0598141 0.6072226
1661868294.069529 0.3396431 -0.0714042 0.2260126 -0.1169268 -0.7793740 -0.0521864 0.6133359
1661868294.204532 0.3395908 -0.0713869 0.2259794 -0.1186365 -0.7757359 -0.0523867 0.6175879
1661868294.324535 0.3395486 -0.0713698 0.2259465 -0.1187952 -0.7721021 -0.0466948 0.6225477
