1661868184921200640.000000 0.021041224 -0.013183505 0.018659530 0.002421716 -0.019368829 -0.008635181 0.999772191
1661868184960201472.000000 0.021708293 -0.011185655 0.024397528 0.003054030 -0.022491848 -0.010665135 0.999685466
1661868185005202432.000000 0.034165323 -0.014155858 0.035510909 0.006205249 -0.032736007 -0.014834257 0.999334693
1661868185047203584.000000 0.040654879 -0.017061172 0.045389242 0.004103990 -0.040311363 -0.015138271 0.999064088
1661868185086204416.000000 0.050267186 -0.020165727 0.058127802 0.007077992 -0.050157927 -0.021125900 0.998492777
1661868185125204992.000000 0.053600658 -0.022005128 0.066028699 0.007421461 -0.054694049 -0.023344068 0.998202682
1661868185170205952.000000 0.060872987 -0.022989949 0.074883632 0.007104791 -0.061877992 -0.024316009 0.997762263
1661868185215207168.000000 0.071475171 -0.028560949 0.089094304 0.009652661 -0.073260315 -0.031607147 0.996765137
1661868185257207808.000000 0.073529296 -0.028035335 0.094513573 0.010172164 -0.075949796 -0.032885358 0.996517301
1661868185299208960.000000 0.081463099 -0.032564875 0.104953766 0.009501847 -0.084276259 -0.035435848 0.995766819
1661868185341209600.000000 0.087639272 -0.035728507 0.112199180 0.011183223 -0.089522704 -0.040424127 0.995101273
1661868185383210752.000000 0.092348218 -0.035851896 0.123965785 0.012992851 -0.095679499 -0.043412987 0.994380236
1661868185422211328.000000 0.103427172 -0.040242847 0.131579340 0.010291875 -0.104860947 -0.043712974 0.993472457
1661868185464212480.000000 0.111676373 -0.042186022 0.141201258 0.013308825 -0.111387014 -0.049206182 0.992468953
1661868185506213120.000000 0.118232064 -0.044071611 0.150839627 0.014851642 -0.117165096 -0.053344633 0.991567492
1661868185545213952.000000 0.121406510 -0.045400813 0.155477479 0.013832400 -0.120898008 -0.053660959 0.991117001
1661868185590214912.000000 0.130738512 -0.048776571 0.168257773 0.016571725 -0.128555819 -0.059834246 0.989756882
1661868185632216064.000000 0.132186696 -0.048333898 0.172423631 0.017233241 -0.129789934 -0.062103473 0.989444733
1661868185671216640.000000 0.141481340 -0.051539835 0.180690765 0.016825240 -0.136630863 -0.063284680 0.988455355
1661868185707217408.000000 0.148822963 -0.054583482 0.190287650 0.016218686 -0.143005550 -0.065908641 0.987391710
1661868185752218368.000000 0.151771545 -0.054576363 0.195532739 0.018150751 -0.145326555 -0.069014855 0.986806870
1661868185794219264.000000 0.160489604 -0.058102347 0.203440323 0.018631821 -0.151295975 -0.071362607 0.985733151
1661868185839220224.000000 0.170726150 -0.061996132 0.214291871 0.017691882 -0.158736274 -0.072872430 0.984469116
1661868185875220992.000000 0.176412582 -0.063360088 0.221560255 0.018062582 -0.161928490 -0.074703738 0.983805001
1661868185914222080.000000 0.181918800 -0.064936228 0.229319379 0.019069528 -0.165480033 -0.077442855 0.982982934
1661868185962223104.000000 0.189425722 -0.068375036 0.237318039 0.019939711 -0.169580072 -0.080016576 0.982060313
1661868186004223744.000000 0.196080521 -0.071938552 0.246419147 0.017628068 -0.173826173 -0.082030900 0.981195569
1661868186046224896.000000 0.201658040 -0.073004089 0.251153976 0.019745765 -0.176777214 -0.083160833 0.980532646
1661868186091225600.000000 0.201704174 -0.072878875 0.251065552 0.019910654 -0.176820859 -0.083084121 0.980527997
1661868186130226688.000000 0.211434618 -0.076507971 0.263887644 0.021207701 -0.181948766 -0.087096803 0.979213476
1661868186175227392.000000 0.219557136 -0.078378357 0.274164885 0.022615692 -0.185756251 -0.089437008 0.978255689
1661868186220228352.000000 0.224774882 -0.079952903 0.280854821 0.019749697 -0.188675627 -0.087722205 0.977914274
1661868186262229504.000000 0.231052697 -0.083082654 0.286892056 0.020032851 -0.191179708 -0.090394258 0.977178514
1661868186307230208.000000 0.238682002 -0.084032476 0.297503382 0.022117490 -0.193496957 -0.093058951 0.976427078
1661868186349231360.000000 0.242675141 -0.085210092 0.304337293 0.022879949 -0.194692031 -0.094402879 0.976042867
1661868186391232000.000000 0.249925852 -0.088610075 0.312412769 0.020325152 -0.197780520 -0.093234889 0.975590646
1661868186433232896.000000 0.255619079 -0.090892166 0.319442689 0.020611949 -0.199106246 -0.095346443 0.975110710
1661868186478234112.000000 0.263296872 -0.092420638 0.329276234 0.022254037 -0.201520398 -0.097513251 0.974364102
1661868186520234752.000000 0.265822798 -0.093257777 0.331997126 0.022445841 -0.201281101 -0.098426826 0.974317372
1661868186562235904.000000 0.272139549 -0.095296323 0.340794981 0.021692440 -0.203356847 -0.097627342 0.973983765
1661868186601236480.000000 0.276181579 -0.095854364 0.348565519 0.022973305 -0.203747168 -0.100091219 0.973622680
1661868186643237632.000000 0.280458301 -0.097249515 0.353744358 0.023658557 -0.204195037 -0.100421041 0.973478436
1661868186679238400.000000 0.283152670 -0.097986795 0.360414922 0.024470484 -0.203691229 -0.102818497 0.973313689
1661868186718238976.000000 0.291955680 -0.100475185 0.371753365 0.023387868 -0.205238715 -0.101514511 0.973152101
1661868186760240128.000000 0.296010137 -0.100875318 0.378739029 0.024988884 -0.205363318 -0.102632850 0.972968638
1661868186805240832.000000 0.301144361 -0.101963110 0.387657285 0.025783636 -0.202926457 -0.103913091 0.973323226
1661868186844241920.000000 0.303208113 -0.101492539 0.391194701 0.026204923 -0.203225926 -0.104253300 0.973213136
1661868186883242496.000000 0.307833731 -0.103401102 0.398930103 0.025394462 -0.202690974 -0.103063695 0.973472834
1661868186925243392.000000 0.311638176 -0.103679627 0.406302333 0.025397170 -0.200847492 -0.102771908 0.973885655
1661868186964244480.000000 0.318185627 -0.107751973 0.413195640 0.026566615 -0.200692147 -0.103619076 0.973796725
1661868187006245120.000000 0.322018266 -0.107952766 0.418990284 0.028080203 -0.199378580 -0.102646284 0.974126995
1661868187048246272.000000 0.328644603 -0.110800274 0.429937124 0.026955310 -0.198345676 -0.103279926 0.974302649
1661868187090246912.000000 0.332422256 -0.111710064 0.436343104 0.024824843 -0.198360220 -0.100677997 0.974628627
1661868187129248000.000000 0.333140463 -0.112637095 0.437358707 0.025288293 -0.196544424 -0.102363318 0.974808991
1661868187174248704.000000 0.340251714 -0.114174448 0.448083311 0.027535848 -0.194277897 -0.102144703 0.975225270
1661868187216249600.000000 0.342535079 -0.115023032 0.454780877 0.028439209 -0.190274343 -0.102843821 0.975915015
1661868187255250432.000000 0.346541017 -0.115181491 0.461742491 0.027476437 -0.189563125 -0.101067267 0.976266563
1661868187297251584.000000 0.350388527 -0.116870075 0.469202757 0.030073676 -0.185399309 -0.102691300 0.976819932
1661868187339252224.000000 0.355862260 -0.117024437 0.476767868 0.030178323 -0.184748784 -0.100949869 0.977121413
1661868187381253120.000000 0.358530968 -0.118028089 0.484988600 0.029884689 -0.180572525 -0.099740915 0.978034914
1661868187423254016.000000 0.361698389 -0.119214885 0.489862919 0.030066919 -0.178673267 -0.098987877 0.978454530
1661868187465254912.000000 0.366674513 -0.118823536 0.498083115 0.031009573 -0.175644830 -0.097127736 0.979159594
1661868187507255808.000000 0.368931442 -0.123358667 0.502659023 0.029198525 -0.173014700 -0.097769402 0.979619563
1661868187549256704.000000 0.371313095 -0.124250673 0.507815659 0.028724674 -0.170989200 -0.097068861 0.980058789
1661868187597257728.000000 0.377478987 -0.125432655 0.515038431 0.028577924 -0.167707995 -0.094203502 0.980909288
1661868187639258624.000000 0.380284101 -0.127316713 0.523410797 0.029700497 -0.159455538 -0.093762130 0.982293546
1661868187681259520.000000 0.383153558 -0.126519501 0.534319937 0.031542689 -0.154243857 -0.091911554 0.983242691
1661868187726260736.000000 0.383903205 -0.128741533 0.540622890 0.029850498 -0.151318297 -0.091419324 0.983795822
1661868187768261376.000000 0.389458567 -0.127165437 0.546548307 0.030559445 -0.149106905 -0.087800130 0.984441161
1661868187807262464.000000 0.393850982 -0.129596248 0.552545786 0.030717026 -0.145770088 -0.085477352 0.985140204
1661868187846263296.000000 0.395450890 -0.132170841 0.559863389 0.030649699 -0.141474888 -0.085309625 0.985782862
1661868187888263936.000000 0.397713155 -0.135259882 0.562103570 0.029484054 -0.135751605 -0.083280273 0.986796200
1661868187930264832.000000 0.399450928 -0.134358317 0.572393298 0.031809818 -0.129845321 -0.082433477 0.987589538
1661868187978266112.000000 0.400428414 -0.135893553 0.574853063 0.031973477 -0.127245128 -0.081796445 0.987975597
1661868188020266752.000000 0.403034449 -0.138344422 0.583559453 0.033046644 -0.119403072 -0.078198291 0.989209771
1661868188062267904.000000 0.409277767 -0.143299207 0.594467580 0.031399798 -0.112824373 -0.073660567 0.990383208
1661868188101268480.000000 0.408493608 -0.142626867 0.594435394 0.031995382 -0.110725716 -0.074023359 0.990573883
1661868188143269632.000000 0.412800550 -0.141139597 0.606067717 0.033557501 -0.103350073 -0.071189836 0.991526484
1661868188185270272.000000 0.413723856 -0.141013041 0.610777915 0.034803066 -0.098642260 -0.069076560 0.992112339
1661868188224271360.000000 0.414644718 -0.141416207 0.614847541 0.034764320 -0.093664005 -0.066788830 0.992752612
1661868188263271936.000000 0.417048365 -0.142442539 0.623607755 0.032914236 -0.085685171 -0.063905269 0.993725777
1661868188302272768.000000 0.419210523 -0.143019900 0.630652726 0.034625959 -0.079797648 -0.061296925 0.994321942
1661868188341273856.000000 0.419146448 -0.144148871 0.630984008 0.034345079 -0.077987209 -0.060654279 0.994514763
1661868188380274432.000000 0.420899451 -0.145089224 0.639406085 0.033447795 -0.069981523 -0.057194702 0.995345473
1661868188419275264.000000 0.422746569 -0.145751372 0.647952676 0.034177743 -0.060997140 -0.054546826 0.996060252
1661868188464276224.000000 0.424111545 -0.145516589 0.655410826 0.035268515 -0.055445895 -0.051532924 0.996507108
1661868188509277440.000000 0.424384117 -0.149574980 0.659099519 0.034667108 -0.047537357 -0.049696852 0.997029960
1661868188551278080.000000 0.426519811 -0.146253020 0.669294000 0.035832170 -0.039806470 -0.046210691 0.997494936
1661868188596279040.000000 0.427669734 -0.147528261 0.675480008 0.036284175 -0.032426070 -0.042726919 0.997901022
1661868188641280256.000000 0.429007351 -0.149353668 0.683993161 0.034309167 -0.023563279 -0.038915765 0.998375297
1661868188686280960.000000 0.429067343 -0.149982616 0.685822964 0.035771649 -0.019894231 -0.037601855 0.998454213
1661868188728281856.000000 0.430470616 -0.149643227 0.692186594 0.036898281 -0.010846612 -0.033686288 0.998692214
1661868188776283136.000000 0.431256622 -0.150263652 0.699844241 0.035290956 -0.001131187 -0.030563943 0.998908997
1661868188824284160.000000 0.432414383 -0.148947045 0.703041077 0.037835278 0.001361879 -0.029181769 0.998856962
1661868188869284864.000000 0.432789356 -0.152336195 0.710010767 0.037365381 0.012553041 -0.023466326 0.998947263
1661868188911285760.000000 0.432869256 -0.154403687 0.717294872 0.036759079 0.021568684 -0.019625522 0.998898685
1661868188950286592.000000 0.432710290 -0.153650627 0.721743166 0.037999205 0.028547904 -0.017328929 0.998719573
1661868188992287744.000000 0.434046090 -0.154826522 0.724374712 0.037101027 0.033681206 -0.014798287 0.998634160
1661868189034288384.000000 0.433792591 -0.155031458 0.733927071 0.038494773 0.044378463 -0.010094876 0.998221815
1661868189079289344.000000 0.433741450 -0.156280592 0.739703715 0.037736926 0.051155880 -0.007357951 0.997950375
1661868189121290496.000000 0.433076084 -0.155651614 0.746783257 0.036149066 0.062114689 -0.003212614 0.997409046
1661868189163291136.000000 0.433620214 -0.156368732 0.749048471 0.036292452 0.064067498 -0.002549756 0.997282207
1661868189205292288.000000 0.434983432 -0.155441716 0.754353940 0.037749276 0.076519154 0.004491684 0.996343195
1661868189247292928.000000 0.435368866 -0.155501530 0.761424720 0.037612740 0.082062744 0.007128593 0.995891631
1661868189292294144.000000 0.435570955 -0.157585368 0.764035523 0.037284713 0.085800096 0.008811308 0.995575547
1661868189328294656.000000 0.435155332 -0.159368649 0.774167597 0.036508657 0.100655921 0.014424300 0.994146585
1661868189370295808.000000 0.434354454 -0.159204036 0.777755558 0.037617166 0.107048109 0.016323511 0.993407905
1661868189412296448.000000 0.435268909 -0.162009493 0.783056259 0.036574986 0.113899745 0.020821948 0.992600441
1661868189457297664.000000 0.433656901 -0.163849339 0.787107706 0.034382671 0.121284582 0.022396350 0.991769314
1661868189502298368.000000 0.434312075 -0.165523589 0.793896317 0.035684090 0.131329611 0.027363149 0.990318358
1661868189541299456.000000 0.433621168 -0.164707735 0.797917962 0.036361646 0.139083683 0.030306406 0.989148676
1661868189580300032.000000 0.431856215 -0.167825311 0.801208854 0.034382805 0.145296112 0.031933587 0.988274813
1661868189616300800.000000 0.432967633 -0.167722717 0.803780556 0.035906810 0.151309177 0.037548695 0.987120271
1661868189661301760.000000 0.432341099 -0.167305708 0.805514753 0.036048800 0.153613910 0.037534088 0.986759603
1661868189703302912.000000 0.431232959 -0.169723034 0.813455164 0.034070373 0.165517643 0.041360173 0.984749973
1661868189742303488.000000 0.430997223 -0.169641435 0.817669809 0.034644790 0.171332598 0.044644941 0.983591259
1661868189784304384.000000 0.430842876 -0.171300739 0.823977351 0.034041230 0.182294965 0.050339419 0.981364191
1661868189832305408.000000 0.429488599 -0.172623515 0.826189637 0.032470085 0.184118405 0.049523957 0.981118500
1661868189871306496.000000 0.430580348 -0.171809778 0.831962526 0.032585599 0.195417568 0.055579927 0.978601635
1661868189913307136.000000 0.428434163 -0.173603028 0.838259816 0.031971741 0.204113573 0.057742745 0.976719618
1661868189949307904.000000 0.428931564 -0.176610887 0.840625525 0.029645173 0.208336055 0.059388258 0.975802422
1661868189988308992.000000 0.428222567 -0.177280471 0.843171537 0.030463070 0.213723063 0.063176230 0.974373281
1661868190030309632.000000 0.426789880 -0.177927911 0.847549379 0.030400708 0.222392872 0.066465303 0.972213805
1661868190072310784.000000 0.426602006 -0.180992872 0.852197945 0.028572122 0.227937177 0.068806320 0.970821321
1661868190114311424.000000 0.426628888 -0.181962058 0.854937851 0.028400259 0.233800977 0.072542481 0.969158530
1661868190156312576.000000 0.425430268 -0.183312938 0.857979596 0.027439779 0.238793194 0.074082285 0.967851579
1661868190195313152.000000 0.425713271 -0.184745610 0.861124039 0.026492301 0.246733651 0.077930614 0.965581477
1661868190237314304.000000 0.425889432 -0.188100934 0.864372194 0.025508104 0.253587574 0.083254971 0.963385403
1661868190276314880.000000 0.422348380 -0.191309869 0.872630417 0.020787194 0.262158602 0.082717344 0.961248457
1661868190321316096.000000 0.422185719 -0.191463545 0.873379827 0.021971310 0.264882326 0.084512278 0.960318863
1661868190363316736.000000 0.423087358 -0.192974687 0.873496652 0.023499459 0.271399289 0.089993730 0.957962096
1661868190405317888.000000 0.422045857 -0.196572691 0.880966842 0.019187974 0.279762268 0.093174659 0.955344737
1661868190441318400.000000 0.420254409 -0.197567105 0.884816289 0.019240083 0.285354942 0.094494283 0.953558207
1661868190486319616.000000 0.419139296 -0.198635846 0.887509108 0.018824583 0.290631205 0.096203774 0.951800406
1661868190528320256.000000 0.420503497 -0.200710714 0.892788351 0.015392475 0.296562433 0.099182665 0.949724495
1661868190570321408.000000 0.419796556 -0.201565668 0.896835983 0.015916891 0.303085208 0.102733232 0.947276056
1661868190609321984.000000 0.418628007 -0.201806009 0.902015090 0.015426860 0.308819711 0.104446456 0.945242465
1661868190654323200.000000 0.418520898 -0.202984899 0.904738128 0.015790822 0.312069267 0.106145911 0.943979084
1661868190699323904.000000 0.418054283 -0.203181982 0.904662609 0.015481983 0.312236458 0.106204793 0.943922341
1661868190741324800.000000 0.417515188 -0.206931546 0.913415432 0.014462976 0.324213445 0.111368716 0.939294219
1661868190780325632.000000 0.416496724 -0.208664119 0.916066051 0.013512497 0.328555584 0.113978513 0.937484682
1661868190822326784.000000 0.416934133 -0.210494220 0.918722749 0.012265546 0.331623733 0.115619555 0.936219752
1661868190864327424.000000 0.416161597 -0.212275684 0.921472549 0.013594979 0.336273164 0.118818864 0.934140027
1661868190906328320.000000 0.415413797 -0.215072989 0.926726699 0.011741054 0.341967195 0.121296771 0.931776643
1661868190945329152.000000 0.415475428 -0.215746790 0.928801358 0.011573919 0.344534069 0.122130461 0.930723667
1661868190990330112.000000 0.415976048 -0.218027130 0.932674766 0.009687312 0.347071737 0.122894980 0.929701149
1661868191041331200.000000 0.415351033 -0.220337704 0.937685251 0.008589747 0.350961119 0.124527752 0.928033054
1661868191086332416.000000 0.417571187 -0.224638134 0.941026807 0.004920723 0.356127262 0.130153120 0.925315857
1661868191128333056.000000 0.416142464 -0.226663247 0.950495124 0.004554903 0.362451583 0.129405499 0.922963858
1661868191170334208.000000 0.417488933 -0.226289183 0.950885653 0.004796055 0.363275617 0.130590424 0.922471702
1661868191212334848.000000 0.416522861 -0.228923947 0.956586421 0.004145559 0.367101073 0.131271496 0.920862317
1661868191254336000.000000 0.417011231 -0.230168983 0.958268523 0.003658853 0.369550526 0.133308664 0.919591129
1661868191296336640.000000 0.418708682 -0.233396441 0.963334799 0.002026215 0.372601867 0.134527147 0.918186426
1661868191338337536.000000 0.418611586 -0.235226244 0.968736887 0.001371512 0.376408488 0.136186898 0.916388512
1661868191377338368.000000 0.418999970 -0.235797733 0.969741940 0.000823473 0.377420515 0.137128234 0.915832460
1661868191425339392.000000 0.419742882 -0.239238322 0.973028123 -0.000435815 0.379433006 0.138214722 0.914837241
1661868191464340224.000000 0.420830458 -0.240643024 0.974919736 0.000838763 0.381100416 0.140278399 0.913829207
1661868191509341184.000000 0.420490265 -0.243731558 0.979193807 -0.002653797 0.383800060 0.140945911 0.912592292
1661868191554342144.000000 0.421620190 -0.244523883 0.980105042 -0.001674257 0.384290516 0.142229974 0.912188947
1661868191596343040.000000 0.422932744 -0.247594908 0.985808969 -0.003607745 0.386742949 0.143701360 0.910915375
1661868191638343936.000000 0.423398584 -0.248394132 0.987918496 -0.001156999 0.388190120 0.144705996 0.910146892
1661868191683345152.000000 0.425341129 -0.251697719 0.996840239 -0.003443095 0.390176207 0.145098493 0.909228861
1661868191722345728.000000 0.425725639 -0.252400666 0.997585177 -0.004111868 0.390217036 0.145954475 0.909071565
1661868191776346880.000000 0.428575099 -0.255368471 1.005822659 -0.005969416 0.391765147 0.146140710 0.908365190
1661868191818348032.000000 0.430928528 -0.255981177 1.010485768 -0.003644655 0.392067254 0.147256374 0.908066988
1661868191857348608.000000 0.433564276 -0.258803159 1.016762257 -0.006260864 0.392975479 0.146737441 0.907743990
1661868191902349824.000000 0.433816075 -0.259083390 1.018312335 -0.005616093 0.392553896 0.146178260 0.908020854
1661868191941350400.000000 0.437508345 -0.262470424 1.024087906 -0.007061244 0.393144518 0.147262931 0.907579899
1661868191983351552.000000 0.439188272 -0.264454782 1.027451992 -0.008301506 0.393247455 0.147554681 0.907477379
1661868192028352256.000000 0.441734225 -0.264983177 1.032464027 -0.007020842 0.392883480 0.147659793 0.907628715
1661868192070353152.000000 0.444459260 -0.265644848 1.036811113 -0.008961688 0.391241729 0.148261979 0.908222437
1661868192112354048.000000 0.444280654 -0.265468240 1.037144661 -0.008425421 0.391498238 0.147890374 0.908177614
1661868192151355136.000000 0.452018619 -0.270525932 1.048223495 -0.008350378 0.389754415 0.147426561 0.909003377
1661868192193355776.000000 0.453928590 -0.273459733 1.050728798 -0.011292416 0.388333380 0.146918073 0.909661949
1661868192235356928.000000 0.455913365 -0.273512095 1.056415200 -0.009305861 0.388504058 0.146986485 0.909600437
1661868192277357568.000000 0.460420340 -0.274895191 1.061900973 -0.008367582 0.386163384 0.145488903 0.910846233
1661868192319358464.000000 0.464094102 -0.277553290 1.067702770 -0.010988573 0.384666234 0.146281376 0.911324799
1661868192361359360.000000 0.466515571 -0.276126087 1.070973158 -0.008792934 0.382985711 0.145060718 0.912251055
1661868192400360448.000000 0.470828712 -0.280798078 1.076908231 -0.010735727 0.380543947 0.144855306 0.913284183
1661868192442361088.000000 0.473535299 -0.283540070 1.080655098 -0.008639309 0.378230602 0.143890545 0.914419234
1661868192484362240.000000 0.478305072 -0.284302413 1.086910963 -0.007975089 0.375939935 0.142867789 0.915529549
1661868192526362880.000000 0.481716126 -0.286393702 1.091038704 -0.008682664 0.373529911 0.142507687 0.916565180
1661868192568364032.000000 0.485204339 -0.288339794 1.096031666 -0.007880436 0.371332884 0.141107738 0.917681038
1661868192613364992.000000 0.487398863 -0.288903773 1.098965883 -0.008765579 0.369887233 0.140993133 0.918274224
1661868192655365632.000000 0.492121160 -0.291217178 1.105139256 -0.008828811 0.365550220 0.140120685 0.920141995
1661868192700366848.000000 0.498305380 -0.292451680 1.112086773 -0.007421903 0.361900389 0.137543604 0.921984196
1661868192739367424.000000 0.503450692 -0.294236749 1.116445184 -0.007253734 0.358355612 0.137225240 0.923416495
1661868192781368576.000000 0.506828725 -0.295116693 1.121029854 -0.006815915 0.355429828 0.135725930 0.924771130
1661868192823369216.000000 0.510745645 -0.296630621 1.126727343 -0.007384967 0.352091730 0.134657279 0.926198840
1661868192862370304.000000 0.515976489 -0.298702180 1.134810209 -0.005025526 0.348035812 0.131493628 0.928200006
1661868192907371008.000000 0.520961165 -0.300471336 1.141278148 -0.004796719 0.343810558 0.129647702 0.930033803
1661868192946372096.000000 0.525713444 -0.302008390 1.144266486 -0.004364843 0.338975072 0.128301010 0.931995571
1661868192988372736.000000 0.526951849 -0.303276271 1.146360874 -0.004559948 0.337933928 0.128031686 0.932409704
1661868193027373568.000000 0.536300063 -0.304667354 1.154898882 -0.004137657 0.329689920 0.125718236 0.935672164
1661868193066374656.000000 0.539565027 -0.304721713 1.159036875 -0.002522851 0.326558918 0.124480002 0.936940610
1661868193105375232.000000 0.545256078 -0.307035863 1.164481759 -0.003052984 0.321389198 0.122480191 0.938987911
1661868193147376384.000000 0.550738692 -0.309229314 1.169469357 -0.003484556 0.315867901 0.120693214 0.941089034
1661868193192377088.000000 0.554165244 -0.309056431 1.173059464 -0.003461134 0.312860489 0.120027609 0.942178190
1661868193234377984.000000 0.559719622 -0.310540140 1.179988861 -0.003495230 0.307360709 0.117901757 0.944254458
1661868193276378880.000000 0.567943394 -0.311031461 1.187484622 -0.000047265 0.298930675 0.114241704 0.947411954
1661868193318379776.000000 0.571064174 -0.312858522 1.191559315 -0.001622512 0.295982003 0.113301754 0.948448598
1661868193354380544.000000 0.579483271 -0.314679742 1.201195836 -0.001118418 0.287001640 0.109050907 0.951702058
1661868193396381696.000000 0.579362869 -0.314690620 1.200476408 -0.000793936 0.286939055 0.108952597 0.951732516
1661868193441382400.000000 0.586864531 -0.316246986 1.208059549 0.000831732 0.279066354 0.105578974 0.954449773
1661868193489383424.000000 0.594977379 -0.318046868 1.218025565 0.003414376 0.271211535 0.101156801 0.957183361
1661868193531384576.000000 0.604196429 -0.321586043 1.225630522 -0.000558519 0.259996414 0.099979416 0.960419595
1661868193570385152.000000 0.610596538 -0.320175946 1.233215809 0.004179511 0.254508585 0.095300294 0.962354302
1661868193609386240.000000 0.613753617 -0.322076708 1.237742662 0.002031052 0.250578761 0.094919011 0.963429630
1661868193651386880.000000 0.623928726 -0.321039051 1.245370865 0.004490099 0.241655007 0.090644300 0.966108918
1661868193693388032.000000 0.626554012 -0.322923720 1.249303102 0.004679325 0.236950397 0.087522589 0.967560112
1661868193735388672.000000 0.637562394 -0.323229492 1.258881807 0.005279719 0.226807535 0.085315257 0.970181286
1661868193789389824.000000 0.640928388 -0.327737719 1.262935877 0.006832313 0.221327856 0.080491297 0.971847951
1661868193828390912.000000 0.650951266 -0.327916145 1.272658229 0.004084010 0.212389365 0.079909846 0.973903775
1661868193870391552.000000 0.654960513 -0.332315892 1.277789116 0.006599268 0.207272187 0.075216115 0.975365162
1661868193909392640.000000 0.664183974 -0.330862224 1.284755230 0.008810776 0.198632628 0.071299635 0.977437377
1661868193951393280.000000 0.669094682 -0.332191050 1.288836837 0.008967730 0.193801045 0.068835959 0.978581846
1661868193993394432.000000 0.679388106 -0.331797034 1.298791170 0.012506466 0.182723030 0.062301241 0.981108785
1661868194038395136.000000 0.682262063 -0.332899153 1.303466678 0.010243041 0.179011703 0.063110769 0.981767297
1661868194074395904.000000 0.691264629 -0.335842878 1.309795260 0.011115525 0.169599101 0.057960112 0.983744502
1661868194119396864.000000 0.699301004 -0.338337660 1.316917777 0.012631047 0.160457999 0.053150441 0.985529721
1661868194161398016.000000 0.705393493 -0.338756651 1.322961450 0.013274489 0.154827997 0.051040065 0.986532867
1661868194203398656.000000 0.711113393 -0.343002677 1.328195572 0.011496807 0.147977695 0.048685689 0.987724781
1661868194245399808.000000 0.720085323 -0.342738241 1.335765123 0.014259657 0.139041632 0.043021739 0.989248812
1661868194287400448.000000 0.727244735 -0.344218940 1.343518734 0.014356740 0.129964054 0.040214244 0.990598857
1661868194329401600.000000 0.733910382 -0.345567018 1.348180413 0.014668505 0.123121589 0.036911327 0.991596401
1661868194371402240.000000 0.735974491 -0.346641719 1.350926638 0.013938966 0.119700357 0.034765858 0.992103279
1661868194413403392.000000 0.746916592 -0.347748607 1.360746384 0.013372269 0.107357249 0.029903140 0.993680775
1661868194455404032.000000 0.752530873 -0.346999228 1.367597818 0.015163531 0.099883266 0.026569590 0.994528770
1661868194497404928.000000 0.759121060 -0.346633643 1.374279618 0.014095936 0.091044195 0.024105243 0.995455265
1661868194539405824.000000 0.767502725 -0.348943621 1.381793857 0.016407270 0.082283549 0.017952345 0.996312201
1661868194581406720.000000 0.773300111 -0.347565651 1.388434649 0.017704612 0.074629128 0.013807702 0.996958613
1661868194620407552.000000 0.779588819 -0.348886698 1.394423485 0.017842023 0.068067878 0.011448872 0.997455418
1661868194662408704.000000 0.784983456 -0.350002527 1.399600863 0.017950129 0.061539534 0.007777822 0.997912943
1661868194707409664.000000 0.795373678 -0.349546164 1.410339236 0.016631391 0.048715658 0.004077841 0.998665869
1661868194752410368.000000 0.803515375 -0.349523813 1.418354154 0.018475439 0.039402708 -0.000483414 0.999052465
1661868194791411456.000000 0.806726336 -0.351563185 1.421067595 0.018176002 0.034860920 -0.003254979 0.999221623
1661868194830412032.000000 0.813999116 -0.352853060 1.427987456 0.019628890 0.025497975 -0.007923920 0.999450743
1661868194869412864.000000 0.819646060 -0.354567736 1.432434082 0.018614188 0.020052737 -0.009726006 0.999578357
1661868194914413824.000000 0.825198352 -0.354795158 1.437455416 0.019603321 0.013160236 -0.013100671 0.999635458
1661868194956414976.000000 0.831904173 -0.354325473 1.444450736 0.019680107 0.006237268 -0.015916938 0.999660194
1661868194998415616.000000 0.843009889 -0.353216976 1.455513954 0.020868767 -0.006544514 -0.021286035 0.999534190
1661868195040416768.000000 0.849827290 -0.356615573 1.461804271 0.018988980 -0.014525467 -0.024873953 0.999404669
1661868195079417344.000000 0.849674940 -0.356810123 1.461674571 0.018972250 -0.014711959 -0.025136335 0.999395728
1661868195121418240.000000 0.854875207 -0.359512597 1.464562416 0.017466234 -0.023638394 -0.031128298 0.999083161
1661868195163419136.000000 0.862600803 -0.358595639 1.474578023 0.017860906 -0.033498302 -0.034245085 0.998692214
1661868195205420032.000000 0.870832860 -0.358840019 1.480846643 0.018904692 -0.041765533 -0.037514813 0.998243928
1661868195244421120.000000 0.879315138 -0.359099716 1.486259580 0.020834019 -0.050623897 -0.042594217 0.997591615
1661868195286421760.000000 0.884227991 -0.360350490 1.492595673 0.019999579 -0.056765031 -0.044541363 0.997192979
1661868195331422720.000000 0.889279068 -0.361047238 1.496274114 0.019671747 -0.062360767 -0.046922028 0.996756017
1661868195376423936.000000 0.892885745 -0.362750292 1.502503157 0.019487111 -0.067769416 -0.049589980 0.996277273
1661868195418424576.000000 0.898615181 -0.361204684 1.509190321 0.019238591 -0.076599896 -0.052453663 0.995495379
1661868195460425728.000000 0.907264233 -0.359442532 1.519153833 0.020137383 -0.084512919 -0.055808611 0.994654477
1661868195508426752.000000 0.914392650 -0.359775752 1.524454236 0.019646643 -0.092660360 -0.058577117 0.993779123
1661868195550427392.000000 0.921628296 -0.358817607 1.527383447 0.019371353 -0.098945245 -0.061208524 0.993019700
1661868195592428544.000000 0.928206027 -0.358485669 1.531978369 0.020886676 -0.106116988 -0.065868087 0.991949797
1661868195640429568.000000 0.933415473 -0.359152943 1.537417293 0.020419776 -0.111525804 -0.068176791 0.991209865
1661868195682430208.000000 0.937165797 -0.361074835 1.550647736 0.019669019 -0.120574415 -0.073876530 0.989756167
1661868195724431360.000000 0.941508472 -0.358488172 1.551710129 0.020328535 -0.122029424 -0.072978482 0.989631116
1661868195769432064.000000 0.945598781 -0.358592808 1.556246042 0.019273631 -0.128346980 -0.076121658 0.988615751
1661868195811432960.000000 0.954059482 -0.355567753 1.565771461 0.020665517 -0.135422111 -0.077658713 0.987523615
1661868195853433856.000000 0.956229270 -0.354489893 1.567884684 0.021474745 -0.138216630 -0.079569153 0.986967027
1661868195895434752.000000 0.956940353 -0.355300128 1.569280863 0.020867676 -0.139229983 -0.079404369 0.986850798
1661868195931435520.000000 0.968482196 -0.357287049 1.583767176 0.021366224 -0.152243614 -0.086937495 0.984280109
1661868195973436672.000000 0.969493985 -0.359077811 1.585815549 0.020307420 -0.154007182 -0.088446133 0.983893633
1661868196015437312.000000 0.973070502 -0.362661213 1.594739079 0.020205028 -0.161135614 -0.092127219 0.982415199
1661868196060438272.000000 0.976668894 -0.362950772 1.598931909 0.019818578 -0.165281937 -0.093805969 0.981575072
1661868196102439168.000000 0.981140435 -0.362287045 1.609375358 0.020134505 -0.170806602 -0.096341729 0.980376482
1661868196147440128.000000 0.983590901 -0.362598270 1.612167120 0.020017140 -0.173246160 -0.097134791 0.979872465
1661868196195441152.000000 0.985942125 -0.363725543 1.617186308 0.019373566 -0.176710606 -0.098889470 0.979090929
1661868196237442304.000000 0.990051389 -0.365202487 1.626143456 0.019256519 -0.182500646 -0.102533445 0.977655172
1661868196285443072.000000 0.993378699 -0.366444767 1.630206347 0.018417036 -0.185889304 -0.103738569 0.976905525
1661868196330444032.000000 0.997135997 -0.366225690 1.636309028 0.018935004 -0.189932838 -0.105694547 0.975907683
1661868196375445248.000000 0.998420537 -0.368102700 1.646010399 0.018396342 -0.194131777 -0.108230539 0.974813104
1661868196414445824.000000 1.002303600 -0.368720025 1.652083516 0.018452665 -0.198936835 -0.109180465 0.973736823
1661868196453446912.000000 1.002735019 -0.368264854 1.659418464 0.019118601 -0.201243594 -0.111569397 0.972978830
1661868196495447552.000000 1.005722404 -0.371124506 1.662981272 0.017669432 -0.203626096 -0.112231247 0.972434282
1661868196537448704.000000 1.006924391 -0.371422976 1.665591121 0.017841265 -0.205301791 -0.113375410 0.971946001
1661868196579449344.000000 1.008650422 -0.371846139 1.673384428 0.017578656 -0.207716689 -0.114239715 0.971336246
1661868196624450560.000000 1.009436131 -0.372238845 1.678404331 0.017231250 -0.209654406 -0.114621744 0.970881104
1661868196666451200.000000 1.011818290 -0.372817993 1.686222792 0.018207092 -0.212304026 -0.116913751 0.970013797
1661868196711452160.000000 1.013071537 -0.373317957 1.690786958 0.018913750 -0.214582250 -0.117518768 0.969425678
1661868196747452928.000000 1.013139129 -0.373398930 1.690791488 0.018898249 -0.214633748 -0.117376238 0.969431818
1661868196789454080.000000 1.014278769 -0.375230163 1.701386213 0.017819013 -0.216794819 -0.118628651 0.968818724
1661868196831454720.000000 1.014654756 -0.376045048 1.704575419 0.016901935 -0.218028694 -0.118818372 0.968535006
1661868196873455872.000000 1.015074015 -0.376400977 1.706974268 0.017677151 -0.217752457 -0.119296499 0.968524516
1661868196921456896.000000 1.015336633 -0.377585113 1.716236234 0.018227998 -0.219542533 -0.119869724 0.968039274
1661868196969457920.000000 1.015102148 -0.378907114 1.724238634 0.018387923 -0.220636472 -0.120479591 0.967711806
1661868197020459008.000000 1.014704943 -0.378745496 1.725212455 0.018583892 -0.220231310 -0.121177070 0.967713237
1661868197059459584.000000 1.013635755 -0.380834430 1.731548429 0.018635390 -0.220745683 -0.120850563 0.967635930
1661868197098460416.000000 1.012997985 -0.381747425 1.737441063 0.018560212 -0.219968349 -0.121952519 0.967676163
1661868197140461568.000000 1.012209415 -0.383751869 1.742612600 0.016949898 -0.219720811 -0.121441856 0.967826068
1661868197182462208.000000 1.010571480 -0.385217309 1.748892546 0.018375458 -0.219359472 -0.120859936 0.967954934
1661868197221463296.000000 1.010333538 -0.387414306 1.751260281 0.018360116 -0.218982428 -0.119728386 0.968181133
1661868197263463936.000000 1.009847522 -0.386784494 1.754829168 0.019703873 -0.217926189 -0.119280942 0.968448222
1661868197302465024.000000 1.007798553 -0.388210773 1.763014913 0.019109286 -0.217806682 -0.117713742 0.968678772
1661868197344465664.000000 1.007966280 -0.391108721 1.765756369 0.017728426 -0.216071844 -0.118921548 0.968946040
1661868197386466816.000000 1.006171584 -0.391923606 1.772451639 0.019303668 -0.215792894 -0.116321228 0.969293654
1661868197428467456.000000 1.004170775 -0.392331302 1.777012348 0.018413844 -0.214246705 -0.116778158 0.969599009
1661868197470468608.000000 1.001134872 -0.394059598 1.782541275 0.019578466 -0.212077335 -0.114868000 0.970281005
1661868197509469184.000000 0.999919593 -0.393875211 1.784613967 0.020909291 -0.210183069 -0.113181755 0.970863461
1661868197554470400.000000 0.997739851 -0.394800156 1.790539503 0.020740988 -0.208313912 -0.112398624 0.971360743
1661868197593470976.000000 0.995107770 -0.398150980 1.796226025 0.020322010 -0.206872061 -0.111587562 0.971771181
1661868197635472128.000000 0.990776062 -0.399850547 1.801997304 0.020820620 -0.203895032 -0.109275356 0.972652197
1661868197677472768.000000 0.991366625 -0.399567723 1.803989768 0.022373423 -0.202584028 -0.107570753 0.973081589
1661868197716473856.000000 0.986247540 -0.402024835 1.808516979 0.022314535 -0.199397773 -0.105947211 0.973918796
1661868197758474496.000000 0.983166575 -0.407304466 1.814674020 0.021260975 -0.196336821 -0.104011908 0.974772453
1661868197800475648.000000 0.977853060 -0.407137722 1.818273067 0.021332437 -0.192804366 -0.103624828 0.975516975
1661868197848476416.000000 0.977392793 -0.407508552 1.820306182 0.023600686 -0.190297157 -0.100198910 0.976314604
1661868197890477312.000000 0.973935068 -0.407694638 1.826056600 0.023391895 -0.187286288 -0.098450430 0.977079451
1661868197932478464.000000 0.973762274 -0.405703217 1.828165174 0.026211245 -0.184591711 -0.094906457 0.977871001
1661868197971479296.000000 0.963852406 -0.411366433 1.834408522 0.024734033 -0.178940356 -0.093623534 0.979082823
1661868198010479872.000000 0.961560965 -0.411310196 1.837054968 0.025558082 -0.176353440 -0.091725081 0.979710579
1661868198052481024.000000 0.956803322 -0.411988974 1.841472387 0.026542744 -0.172459826 -0.088760115 0.980650187
1661868198100482048.000000 0.954942644 -0.412925869 1.844188929 0.026910583 -0.169799522 -0.087163597 0.981247425
1661868198139482624.000000 0.949457347 -0.414515555 1.847129464 0.025191220 -0.162734270 -0.087255977 0.982481301
1661868198181483520.000000 0.946146369 -0.418278366 1.850032687 0.025499035 -0.159978375 -0.083665572 0.983237922
1661868198220484608.000000 0.940803409 -0.419096768 1.853693008 0.026277097 -0.154919952 -0.081864044 0.984178722
1661868198262485248.000000 0.937793016 -0.420439065 1.855729103 0.028498031 -0.150807559 -0.076834984 0.985160530
1661868198304486400.000000 0.931057811 -0.424423277 1.859559894 0.027509434 -0.145733982 -0.074099131 0.986161351
1661868198349487360.000000 0.926503897 -0.426179200 1.862245440 0.027644036 -0.140037656 -0.071343489 0.987185657
1661868198394488064.000000 0.921640813 -0.429287881 1.865441918 0.026833041 -0.135914013 -0.068912171 0.987956762
1661868198439489024.000000 0.919456303 -0.430499494 1.867173672 0.026784448 -0.132763192 -0.068381943 0.988423288
1661868198481490176.000000 0.910560071 -0.432054162 1.871596813 0.028723808 -0.123804763 -0.060847446 0.990022719
1661868198523490816.000000 0.910577416 -0.433652401 1.871823192 0.027871789 -0.122529216 -0.060655594 0.990217507
1661868198559491584.000000 0.907397866 -0.433342963 1.874022484 0.029319998 -0.117781937 -0.055804368 0.991036654
1661868198604492544.000000 0.898368359 -0.436334670 1.878047347 0.028980114 -0.111925922 -0.053613566 0.991845906
1661868198646493440.000000 0.893026888 -0.438486218 1.880891800 0.028660927 -0.103576683 -0.052496605 0.992821515
1661868198685494528.000000 0.883579731 -0.441246599 1.885296941 0.028063063 -0.098093495 -0.048356377 0.993605494
1661868198730495488.000000 0.874942243 -0.444708824 1.890222669 0.027792899 -0.089550853 -0.045266595 0.994564831
1661868198775496192.000000 0.868631780 -0.446679801 1.892258286 0.027254291 -0.082899563 -0.041557580 0.995317936
1661868198817497344.000000 0.863839269 -0.448055476 1.894361138 0.028461589 -0.078244619 -0.036660053 0.995853364
1661868198862498048.000000 0.852808654 -0.451543659 1.899867535 0.028047154 -0.069066696 -0.031639401 0.996715665
1661868198904498944.000000 0.846252561 -0.452602983 1.901940346 0.027295394 -0.062122628 -0.030189354 0.997238398
1661868198946499840.000000 0.842491567 -0.453736216 1.903231621 0.027682893 -0.058918845 -0.027495554 0.997500002
1661868198988500736.000000 0.835987926 -0.456138909 1.905001044 0.029005902 -0.051108394 -0.021973221 0.998029947
1661868199030501888.000000 0.824198663 -0.459405184 1.910376430 0.027540002 -0.041819479 -0.017357685 0.998594701
1661868199072502528.000000 0.821098566 -0.462437451 1.910490632 0.027063929 -0.037563443 -0.014239103 0.998826265
1661868199114503680.000000 0.811514735 -0.461854041 1.914025068 0.027589271 -0.029011983 -0.012258245 0.999123096
1661868199156504320.000000 0.809285998 -0.461868256 1.914646387 0.029242186 -0.027299026 -0.008670151 0.999161899
1661868199198505472.000000 0.797595143 -0.467860073 1.919843912 0.027486177 -0.014029731 -0.001017885 0.999523222
1661868199243506176.000000 0.795061529 -0.467966229 1.921353459 0.027051052 -0.009137291 0.000214071 0.999592304
1661868199285507328.000000 0.790491104 -0.470737457 1.923549414 0.026521416 -0.006393487 0.002293749 0.999625206
1661868199333508352.000000 0.790239573 -0.470472962 1.923748493 0.026690310 -0.006104861 0.002695907 0.999621511
1661868199375508992.000000 0.771311283 -0.474802107 1.930077314 0.025721535 0.011961817 0.009249161 0.999554813
1661868199420509952.000000 0.764132261 -0.477004111 1.931273937 0.026099112 0.018644813 0.016975669 0.999341309
1661868199462511104.000000 0.758673251 -0.482377499 1.934648395 0.024251640 0.025006164 0.020691343 0.999178886
1661868199504511744.000000 0.750165582 -0.485351712 1.937897921 0.023971928 0.034429070 0.027242411 0.998748183
1661868199546512896.000000 0.741982222 -0.486018300 1.941597581 0.024037452 0.040148970 0.028460424 0.998499036
1661868199588513536.000000 0.738582730 -0.487942219 1.941646576 0.023277190 0.043775912 0.032462016 0.998242497
1661868199630514688.000000 0.727930963 -0.492116749 1.946368098 0.021551926 0.053754598 0.036885165 0.997639954
1661868199672515328.000000 0.723185599 -0.491585612 1.949835777 0.022261903 0.060534649 0.038832970 0.997162044
1661868199714516480.000000 0.711582839 -0.494752854 1.953320026 0.021281619 0.069056965 0.044312872 0.996400833
1661868199753517056.000000 0.707135797 -0.496555775 1.955806732 0.019259531 0.074040867 0.043735340 0.996109605
1661868199795518208.000000 0.698106229 -0.498559654 1.959724545 0.019606642 0.082476437 0.049738172 0.995157957
1661868199834518784.000000 0.694316804 -0.498042017 1.961135507 0.019540234 0.086832829 0.052040938 0.994670868
1661868199876519680.000000 0.687282622 -0.500740051 1.963205338 0.019658266 0.092642985 0.055537328 0.993954957
1661868199915520768.000000 0.682018042 -0.504628539 1.967641115 0.018057810 0.099460058 0.058427714 0.993160546
1661868199954521344.000000 0.676009357 -0.507688761 1.969628811 0.016920032 0.105092227 0.061862167 0.992392302
1661868199996522496.000000 0.668152750 -0.510015249 1.974884033 0.016100390 0.114226557 0.065064333 0.991191089
1661868200038523136.000000 0.661097765 -0.513161302 1.977084398 0.014743126 0.119676664 0.069345318 0.990278423
1661868200080524288.000000 0.659035206 -0.516700447 1.980608344 0.013141834 0.124078676 0.072647803 0.989522159
1661868200119524864.000000 0.648679435 -0.522612870 1.981325865 0.011652734 0.132499874 0.077856295 0.988051832
1661868200158525696.000000 0.637877345 -0.524350166 1.983571053 0.010971485 0.139750600 0.080612384 0.986838996
1661868200200526592.000000 0.634239376 -0.526767373 1.987383604 0.009262170 0.145713881 0.082582794 0.985830486
1661868200242527488.000000 0.627896845 -0.528787076 1.990350842 0.008368192 0.151050553 0.084446296 0.984876990
1661868200284528384.000000 0.622940600 -0.529633701 1.992798924 0.008565017 0.155586317 0.089923508 0.983683527
1661868200329529600.000000 0.614136338 -0.531460464 1.997219086 0.007377044 0.163669571 0.091395728 0.982244730
1661868200365530368.000000 0.608870447 -0.533377290 1.997958779 0.006667396 0.167910248 0.095758848 0.981117725
1661868200410531328.000000 0.605175078 -0.534263372 1.999393225 0.004924892 0.172881857 0.099054933 0.979936600
1661868200452531968.000000 0.594050050 -0.538879752 2.006249905 0.004231442 0.181047574 0.101104885 0.978254437
1661868200491532800.000000 0.589494824 -0.538722098 2.007896900 0.003719992 0.185429722 0.104368389 0.977092266
1661868200533533696.000000 0.587164760 -0.539675236 2.009171247 0.003488404 0.188520908 0.105181627 0.976414144
1661868200572534528.000000 0.580464244 -0.541569293 2.011947870 0.002345183 0.195063800 0.107468903 0.974882066
1661868200614535680.000000 0.574627876 -0.543427944 2.016492844 0.002091752 0.200356811 0.109215848 0.973614275
1661868200662536704.000000 0.573202252 -0.543364525 2.016318321 0.001014835 0.203274086 0.111721635 0.972726524
1661868200710537728.000000 0.568615258 -0.543899834 2.019270420 0.000878451 0.208045006 0.116545402 0.971150696
1661868200755538432.000000 0.565428555 -0.545758128 2.021162033 -0.000066608 0.211714625 0.118383430 0.970135212
1661868200797539584.000000 0.556816161 -0.549602509 2.025685072 -0.003112633 0.219299912 0.120147742 0.968226433
1661868200836540160.000000 0.554487109 -0.551127851 2.027814150 -0.004295987 0.222198516 0.121023946 0.967451632
1661868200872540928.000000 0.549626708 -0.552574754 2.030863285 -0.003599194 0.227147698 0.125269502 0.965763271
1661868200914542080.000000 0.546860695 -0.554441273 2.031782627 -0.004873288 0.230395243 0.125643089 0.964939415
1661868200956542720.000000 0.540120721 -0.559643090 2.032938004 -0.006547587 0.235073879 0.128878802 0.963373125
1661868200998543616.000000 0.538571060 -0.560819745 2.034792900 -0.006555291 0.237299010 0.131209478 0.962512493
1661868201037544448.000000 0.533425808 -0.563219428 2.037541389 -0.008039513 0.241268709 0.132744938 0.961303055
1661868201076545536.000000 0.530164719 -0.565256178 2.039739847 -0.009436938 0.244400948 0.134514198 0.960252583
1661868201118546176.000000 0.526705742 -0.567392528 2.042755842 -0.010118378 0.247491553 0.136140704 0.959224343
1661868201154546944.000000 0.523584485 -0.569453657 2.045940399 -0.011344910 0.250670731 0.138424814 0.958057523
1661868201193548032.000000 0.520242274 -0.571618915 2.048121214 -0.012730649 0.253839672 0.139477491 0.957052469
1661868201235548672.000000 0.520424008 -0.571303010 2.049860477 -0.012544272 0.254761487 0.141853154 0.956460655
1661868201280549888.000000 0.513354480 -0.575546145 2.054928303 -0.013366725 0.260566026 0.142476186 0.954791725
1661868201319550464.000000 0.512796044 -0.576575041 2.057122469 -0.015655521 0.261957765 0.143343464 0.954246163
1661868201364551424.000000 0.510433316 -0.578375220 2.058883429 -0.014685217 0.264294803 0.145272374 0.953324974
1661868201406552320.000000 0.508483529 -0.580550671 2.061101437 -0.015220821 0.266628981 0.145412698 0.952645004
1661868201451553280.000000 0.507976830 -0.581797302 2.063437700 -0.016056804 0.267355233 0.147534311 0.952101350
1661868201493554432.000000 0.505161166 -0.584429622 2.068199396 -0.016199658 0.270893157 0.149780601 0.950747252
1661868201532555008.000000 0.504505396 -0.585623085 2.070461273 -0.017019624 0.271969974 0.150317445 0.950340629
1661868201574556160.000000 0.503540218 -0.587114632 2.074411631 -0.018982990 0.272996813 0.150863275 0.949922442
1661868201616556800.000000 0.502047300 -0.589671195 2.077940464 -0.018449377 0.274998814 0.151939094 0.949183762
1661868201658557952.000000 0.501866460 -0.589385748 2.079713345 -0.018424401 0.275575012 0.152309895 0.948957741
1661868201700558592.000000 0.501237512 -0.590403676 2.082714796 -0.019558487 0.276780546 0.152543232 0.948546588
1661868201739559424.000000 0.499885619 -0.594742775 2.088772535 -0.021192214 0.278971612 0.153378889 0.947734535
1661868201778560512.000000 0.499924183 -0.595282972 2.089645386 -0.020766063 0.279447466 0.153706655 0.947550595
1661868201820561152.000000 0.499731898 -0.595187426 2.090071201 -0.020790784 0.279418766 0.153431088 0.947603226
1661868201862562304.000000 0.499861717 -0.598361611 2.098884106 -0.022907879 0.281120926 0.154297054 0.946910083
1661868201913563136.000000 0.500528693 -0.600439429 2.105389357 -0.022854861 0.282327265 0.153988570 0.946602643
1661868201955564032.000000 0.499751747 -0.600752532 2.106092453 -0.023018757 0.283100575 0.153686970 0.946416736
1661868202000564992.000000 0.502220869 -0.602227092 2.112570763 -0.022143504 0.282930553 0.154714689 0.946320951
1661868202042566144.000000 0.502154052 -0.602204204 2.112535715 -0.022085888 0.282948136 0.154465273 0.946357846
1661868202084566784.000000 0.504171491 -0.605661869 2.119626760 -0.023531532 0.283185035 0.154815763 0.946194828
1661868202129567744.000000 0.506467998 -0.606717467 2.124929905 -0.022839755 0.283175677 0.154505029 0.946265340
1661868202168568576.000000 0.508056402 -0.607211113 2.131015778 -0.023153421 0.283370048 0.153257847 0.946402371
1661868202210569728.000000 0.510346413 -0.608755827 2.135635376 -0.025857553 0.282330334 0.153819874 0.946551919
1661868202252570368.000000 0.513023734 -0.609860122 2.139245272 -0.023946255 0.281946242 0.154479250 0.946609259
1661868202288571392.000000 0.514528334 -0.610545635 2.143114328 -0.023850551 0.281573892 0.153795168 0.946833909
1661868202330572032.000000 0.516551614 -0.611448884 2.148088217 -0.025228675 0.280712724 0.153466791 0.947107077
1661868202372573184.000000 0.519140363 -0.612256765 2.151936293 -0.024009373 0.279763520 0.152442813 0.947584867
1661868202414573824.000000 0.521643162 -0.613997221 2.156914711 -0.024316419 0.279392630 0.151666775 0.947811007
1661868202462574848.000000 0.527292252 -0.614447474 2.162845850 -0.024777386 0.277048081 0.152181581 0.948404610
1661868202504575744.000000 0.530592680 -0.615349770 2.167911291 -0.024065824 0.276026219 0.150564075 0.948978841
1661868202546576640.000000 0.536007404 -0.616862118 2.175548792 -0.024371533 0.274113983 0.150044620 0.949607432
1661868202588577792.000000 0.537837982 -0.616778731 2.177895069 -0.025657998 0.272854239 0.151124001 0.949765146
1661868202630578432.000000 0.542045474 -0.617501199 2.183383703 -0.025166893 0.271804541 0.149578899 0.950323701
1661868202675579648.000000 0.545361936 -0.617327034 2.189811945 -0.024581021 0.270820230 0.148521587 0.950785756
1661868202717580288.000000 0.547713578 -0.617038488 2.192625999 -0.024090800 0.270122498 0.147870421 0.951098263
1661868202756581376.000000 0.555000186 -0.618575096 2.201133251 -0.023884274 0.267466605 0.146265090 0.952101767
1661868202801582080.000000 0.561472654 -0.618702173 2.207402229 -0.024322296 0.264912128 0.146067113 0.952834904
1661868202846583040.000000 0.563727140 -0.617832065 2.210365534 -0.023268469 0.264187843 0.144722417 0.953267455
1661868202885583872.000000 0.571565866 -0.618934095 2.219327211 -0.022826632 0.261275053 0.142944008 0.954348624
1661868202927584768.000000 0.576161087 -0.619442940 2.224964619 -0.021983439 0.259088546 0.141113222 0.955236614
1661868202972585984.000000 0.581711709 -0.618715227 2.231467724 -0.021377765 0.257438332 0.140733778 0.955752373
1661868203011586560.000000 0.585155487 -0.618899703 2.236783504 -0.021280233 0.256427795 0.138853520 0.956301093
1661868203056587776.000000 0.593595982 -0.618449688 2.245373011 -0.022003345 0.252505273 0.138534054 0.957374215
1661868203101588480.000000 0.602870822 -0.616687953 2.254274845 -0.020952508 0.249143973 0.137729958 0.958393872
1661868203140589568.000000 0.606441259 -0.615816116 2.259847641 -0.023257233 0.247501358 0.139087558 0.958570242
1661868203182590208.000000 0.609738648 -0.614022493 2.264240742 -0.019371329 0.246907219 0.135703892 0.959294558
1661868203230591232.000000 0.621571183 -0.617481232 2.272459984 -0.020440994 0.242250502 0.133507609 0.960766673
1661868203272592384.000000 0.627146959 -0.617518008 2.276282072 -0.020542862 0.240460217 0.133071050 0.961274683
1661868203314593024.000000 0.641820371 -0.616549134 2.288305759 -0.018634686 0.235070318 0.130387723 0.963012874
1661868203359593984.000000 0.646386623 -0.615907550 2.296035051 -0.020037720 0.232703358 0.129511684 0.963677526
1661868203401594880.000000 0.652714849 -0.616787374 2.299090624 -0.018355312 0.230933011 0.126868010 0.964488268
1661868203443595776.000000 0.658067763 -0.611861527 2.308509588 -0.017963931 0.227733880 0.126326308 0.965327084
1661868203485596672.000000 0.668923020 -0.617095411 2.313882113 -0.018503094 0.225428924 0.124126390 0.966142893
1661868203527597568.000000 0.675707221 -0.615930736 2.318179846 -0.016503898 0.223719567 0.122289255 0.966810524
1661868203569598720.000000 0.688205361 -0.612203240 2.328363419 -0.014521830 0.218156114 0.121029980 0.968271017
1661868203611599360.000000 0.688124895 -0.609807074 2.337971449 -0.012464624 0.219030291 0.119889669 0.968244195
1661868203653600512.000000 0.693463981 -0.613446176 2.342440128 -0.013530664 0.218263641 0.116270468 0.968844235
1661868203695601152.000000 0.705380619 -0.607935190 2.353798389 -0.010378141 0.215141013 0.112901583 0.969979346
1661868203737602304.000000 0.715795875 -0.608988404 2.364113092 -0.014991913 0.210423470 0.113233656 0.970914781
1661868203779602944.000000 0.721568286 -0.609490156 2.368447304 -0.013352753 0.209645122 0.111983322 0.971251965
1661868203824604160.000000 0.735450029 -0.605718195 2.379632235 -0.010209474 0.206548527 0.108103782 0.972392499
1661868203863604736.000000 0.734413624 -0.607499719 2.389217854 -0.008381804 0.208136842 0.104994267 0.972411990
1661868203905605888.000000 0.752142191 -0.607508242 2.397109509 -0.012644707 0.201250270 0.107520714 0.973538816
1661868203947606528.000000 0.751465678 -0.606399894 2.398327351 -0.012330958 0.201220885 0.106976852 0.973608792
1661868203989607680.000000 0.774447262 -0.604606152 2.414609671 -0.009330765 0.195693463 0.101448566 0.975359082
1661868204034608640.000000 0.776917577 -0.605976582 2.419347286 -0.008831833 0.195904374 0.101051271 0.975362539
1661868204079609344.000000 0.791007519 -0.603296220 2.428667307 -0.007782377 0.192215726 0.099918865 0.976221681
1661868204121610496.000000 0.799268067 -0.603858709 2.438811779 -0.007772641 0.190595672 0.097269960 0.976806819
1661868204163611136.000000 0.811721802 -0.598499477 2.448076248 -0.007788401 0.187293261 0.097711071 0.977401257
1661868204205612288.000000 0.826025009 -0.598120868 2.456900358 -0.005773272 0.183968514 0.093689971 0.978439808
1661868204247612928.000000 0.832972646 -0.596724629 2.459426641 -0.005396598 0.182444021 0.093472607 0.978748202
1661868204289614080.000000 0.849580288 -0.589695811 2.477029800 -0.001359341 0.180137441 0.089550488 0.979555726
1661868204328614656.000000 0.855431795 -0.591594040 2.483582973 -0.001457416 0.179224804 0.087773710 0.979883730
1661868204367615744.000000 0.861326039 -0.593857050 2.487597942 -0.002282278 0.178825036 0.086541332 0.980064809
1661868204400616448.000000 0.870892644 -0.590683103 2.495534182 -0.001020605 0.176379189 0.086003035 0.980557442
1661868204442617088.000000 0.884380281 -0.585601389 2.509543180 0.000971951 0.174764067 0.082546413 0.981143594
1661868204490618112.000000 0.897514880 -0.582120419 2.517815590 -0.001413912 0.171253860 0.085556403 0.981504083
1661868204532619008.000000 0.905175090 -0.579183340 2.529499769 0.002067531 0.171485424 0.081233718 0.981829703
1661868204574619904.000000 0.917426348 -0.580406725 2.535159111 0.002636860 0.169529274 0.078581177 0.982383788
1661868204616621056.000000 0.928730905 -0.577901602 2.540275335 0.003042836 0.167307913 0.079933055 0.982654393
1661868204658621696.000000 0.936709762 -0.575532019 2.548781395 0.003690414 0.166703612 0.077764191 0.982928813
1661868204697622528.000000 0.949360728 -0.574494421 2.561336279 0.003077067 0.165965706 0.074902087 0.983278036
1661868204733623552.000000 0.949428499 -0.572522640 2.561646700 0.004344786 0.166088000 0.075116776 0.983236194
1661868204775624192.000000 0.973542035 -0.567972779 2.581724644 0.006644345 0.164109439 0.071337864 0.983836889
1661868204820625408.000000 0.980763793 -0.565976143 2.586236477 0.007716729 0.162710056 0.071050085 0.984082222
1661868204856625920.000000 0.997209191 -0.562087178 2.599905491 0.008965428 0.162186146 0.069734275 0.984252274
1661868204898626816.000000 1.011657000 -0.558471680 2.613485575 0.011678470 0.162217006 0.066265084 0.984458327
1661868204943627776.000000 1.016316891 -0.560735047 2.616986036 0.008511320 0.161617592 0.068075098 0.984465957
1661868204988628992.000000 1.035389900 -0.555337727 2.629988194 0.012688394 0.160949826 0.063751593 0.984819770
1661868205033629952.000000 1.044785380 -0.554631591 2.639698982 0.008530299 0.160794690 0.065955169 0.984744787
1661868205075630592.000000 1.060196042 -0.550752878 2.653926373 0.013434440 0.161691919 0.061020978 0.984861255
1661868205114631424.000000 1.070846319 -0.549675941 2.658703804 0.011308183 0.159638137 0.063510627 0.985065579
1661868205156632320.000000 1.083490968 -0.544628561 2.671544313 0.015843313 0.162446961 0.059217192 0.984811306
1661868205204633600.000000 1.092139482 -0.544046342 2.681449413 0.014741264 0.163881198 0.058996454 0.984604061
1661868205249634560.000000 1.111473560 -0.538174689 2.692953348 0.012907932 0.162095517 0.061432071 0.984776378
1661868205288635136.000000 1.126289725 -0.533740163 2.703773260 0.018980989 0.163982555 0.058264215 0.984558165
1661868205330636032.000000 1.132922888 -0.533554614 2.712829351 0.015469839 0.164975122 0.058376007 0.984447122
1661868205372636928.000000 1.149925113 -0.529617131 2.725739241 0.018944992 0.167439327 0.055433258 0.984140396
1661868205414638080.000000 1.158016324 -0.527406335 2.732851505 0.017975859 0.167606175 0.056993160 0.984041095
1661868205456638720.000000 1.169799447 -0.527118266 2.743779182 0.021248020 0.170856982 0.052880116 0.983646393
1661868205498639872.000000 1.170902848 -0.525252700 2.743034601 0.022587774 0.169903338 0.052925475 0.983779252
1661868205537640448.000000 1.196353793 -0.518836498 2.765877008 0.021609921 0.174214035 0.054339103 0.982969880
1661868205579641344.000000 1.209537506 -0.514374256 2.776532888 0.025315750 0.176586449 0.052606422 0.982552290
1661868205621642240.000000 1.221787095 -0.512434065 2.788991690 0.022990189 0.179304227 0.052310053 0.982132912
1661868205654642944.000000 1.230893493 -0.512708783 2.792811155 0.025636554 0.179504529 0.050806969 0.982109785
1661868205696643840.000000 1.229779124 -0.512627959 2.793713093 0.025397839 0.180736020 0.050798777 0.981890500
1661868205738644736.000000 1.245559096 -0.509193838 2.807471991 0.027081193 0.184315994 0.049573943 0.981242478
1661868205789645824.000000 1.264434099 -0.500024796 2.825049400 0.030062120 0.189585999 0.049853761 0.980136752
1661868205828646656.000000 1.283512354 -0.495630115 2.838405371 0.031457283 0.193161413 0.050944183 0.979338467
1661868205870647552.000000 1.292841911 -0.494959652 2.847956419 0.031240799 0.196645468 0.050650973 0.978667021
1661868205915648768.000000 1.305209279 -0.489386797 2.861531734 0.033212442 0.199957401 0.050622828 0.977932215
1661868205960649472.000000 1.316735506 -0.487338126 2.869807959 0.033312600 0.204119071 0.051061988 0.977045715
1661868206002650624.000000 1.321299314 -0.484638929 2.876490116 0.034996022 0.207965195 0.050332308 0.976213276
1661868206044651264.000000 1.340660930 -0.479078829 2.892089844 0.033565558 0.213187709 0.053468753 0.974969447
1661868206083652352.000000 1.350899458 -0.476198912 2.901933908 0.035043038 0.216806561 0.053523142 0.974116147
1661868206125652992.000000 1.361493230 -0.472970277 2.909697294 0.035852794 0.221235827 0.054459687 0.973038256
1661868206170653952.000000 1.367699623 -0.470649123 2.917463541 0.036807090 0.225536719 0.054577515 0.972008049
1661868206212655104.000000 1.382718205 -0.465479314 2.931928158 0.033759188 0.231045455 0.058634419 0.970587611
1661868206254655744.000000 1.395596504 -0.462569714 2.939447880 0.038086604 0.234686330 0.056680072 0.969669580
1661868206299656960.000000 1.405271649 -0.456587017 2.951086998 0.037151102 0.241391376 0.059920214 0.967863441
1661868206341657600.000000 1.415735006 -0.452722192 2.960411310 0.042190704 0.247156203 0.057553586 0.966344357
1661868206380658688.000000 1.431100488 -0.450313658 2.970701218 0.042974524 0.254146487 0.059670404 0.964366198
1661868206422659328.000000 1.430653334 -0.451323926 2.973486185 0.041558947 0.256526351 0.058782697 0.963852525
1661868206467660544.000000 1.450306535 -0.443990827 2.988414526 0.045032546 0.264135033 0.061551884 0.961465657
1661868206509661184.000000 1.466339111 -0.438859046 3.000526428 0.046503901 0.271879435 0.063948229 0.959077477
1661868206548662272.000000 1.477974415 -0.437548041 3.012369871 0.045333233 0.278545290 0.066041164 0.957076788
1661868206590662912.000000 1.484156728 -0.432725370 3.019759417 0.047254555 0.283557117 0.067446582 0.955412686
1661868206638663936.000000 1.489251375 -0.431940019 3.025454521 0.047330879 0.288766593 0.068125725 0.953799069
1661868206677664768.000000 1.507257342 -0.426698595 3.040064096 0.044020571 0.298236549 0.073270991 0.950656891
1661868206722665728.000000 1.517052650 -0.421882510 3.053256512 0.047737986 0.308509290 0.073803939 0.947151542
1661868206767666944.000000 1.531068921 -0.416630745 3.060439348 0.050225008 0.313287616 0.075786993 0.945296109
1661868206809667584.000000 1.538311720 -0.414739728 3.071106195 0.048786901 0.322177142 0.078121960 0.942188263
1661868206851668480.000000 1.537877321 -0.414295256 3.071377516 0.049166847 0.322607338 0.077962823 0.942034543
1661868206890669312.000000 1.559532642 -0.408539712 3.090481758 0.049689483 0.338231772 0.083287328 0.936052024
1661868206932670464.000000 1.568519354 -0.407032728 3.095825434 0.052488014 0.342767805 0.084340274 0.934153080
1661868206971671040.000000 1.577958822 -0.401031494 3.108824015 0.051729105 0.354278356 0.087383568 0.929610193
1661868207013672192.000000 1.582141161 -0.399017990 3.112904549 0.053528264 0.357795864 0.086246729 0.928266346
1661868207055672832.000000 1.598641992 -0.393229306 3.126982212 0.054721471 0.370821953 0.091967091 0.922517598
1661868207097673984.000000 1.607630968 -0.391723305 3.134884119 0.057083908 0.378555328 0.094161391 0.919005454
1661868207139674624.000000 1.616095066 -0.386775911 3.143307209 0.057980523 0.386410028 0.095926650 0.915490985
1661868207187675648.000000 1.624817848 -0.382602811 3.150101185 0.060779952 0.393657804 0.098646745 0.911925554
1661868207229676800.000000 1.632255554 -0.382091284 3.155137539 0.058939736 0.399706036 0.102778666 0.908954203
1661868207271677440.000000 1.643779635 -0.377557397 3.163517237 0.060215574 0.408033669 0.105544396 0.904844284
1661868207313678592.000000 1.655993462 -0.371319532 3.176854134 0.061526574 0.420446217 0.108950190 0.898648620
1661868207355679232.000000 1.659061432 -0.368831277 3.185410738 0.060249779 0.427955806 0.109032348 0.895173669
1661868207397680384.000000 1.668977261 -0.365000367 3.190738201 0.063282490 0.436099857 0.112888098 0.890543938
1661868207442681088.000000 1.680686951 -0.360180855 3.200902939 0.064433508 0.448359966 0.117448479 0.883757651
1661868207487682048.000000 1.688147068 -0.357237041 3.208172798 0.064885750 0.455857277 0.120070904 0.879526556
1661868207526683136.000000 1.694578171 -0.353205830 3.216583490 0.064592198 0.465137273 0.121665813 0.874455631
1661868207568683776.000000 1.704380274 -0.348964214 3.223867416 0.066915326 0.474318683 0.126598701 0.868629336
1661868207613684992.000000 1.712433815 -0.345336884 3.228041649 0.066527799 0.480001152 0.130029336 0.865023315
1661868207658685696.000000 1.716446638 -0.342991203 3.233814716 0.067410856 0.487347424 0.132318676 0.860488296
1661868207700686592.000000 1.725482345 -0.340218365 3.239871740 0.067842364 0.495702177 0.136986673 0.854933679
1661868207742687744.000000 1.737565875 -0.333316326 3.249656677 0.069920935 0.508814216 0.141695544 0.846251547
1661868207790688512.000000 1.745019317 -0.329080790 3.257195711 0.069418088 0.517979383 0.145188108 0.840118408
1661868207829689600.000000 1.753809452 -0.326377273 3.264655590 0.069158792 0.529012680 0.150187790 0.832349837
1661868207868690176.000000 1.762551785 -0.321485609 3.268942833 0.071152210 0.537527502 0.154355630 0.825939417
1661868207913691392.000000 1.765914083 -0.318869740 3.276954651 0.070682548 0.546346128 0.154666469 0.820114732
1661868207955692032.000000 1.771652937 -0.316181064 3.282352209 0.071119994 0.554542542 0.157940492 0.813928246
1661868207997693184.000000 1.784765005 -0.308991492 3.294111729 0.070404053 0.571381271 0.165081471 0.800821364
1661868208039693824.000000 1.786997080 -0.308233798 3.296123505 0.070953839 0.575083017 0.166035622 0.797920644
1661868208084694784.000000 1.795098782 -0.302754372 3.303610802 0.070182122 0.585608542 0.169868544 0.789481997
1661868208132695808.000000 1.801522851 -0.298793852 3.310698032 0.071465284 0.596094489 0.172079384 0.780994773
1661868208177697024.000000 1.809165359 -0.294937372 3.313591957 0.073070295 0.603385091 0.178061917 0.773874104
1661868208216697600.000000 1.815470576 -0.290481895 3.323685408 0.072155602 0.616874099 0.179168373 0.762993276
1661868208255698432.000000 1.822706461 -0.286973417 3.330649137 0.071902782 0.628330708 0.184163511 0.752405763
1661868208297699328.000000 1.826459408 -0.284299403 3.334109545 0.071800753 0.633926868 0.185367644 0.747409105
1661868208339700224.000000 1.832903862 -0.280143917 3.339427471 0.072674535 0.642834187 0.188844457 0.738796651
1661868208375701248.000000 1.839942336 -0.275771409 3.344408035 0.072088964 0.652576923 0.192994744 0.729177296
1661868208417701888.000000 1.844770074 -0.273287117 3.347631931 0.072006151 0.659367800 0.196931675 0.721988320
1661868208459703040.000000 1.849274278 -0.268515378 3.351839542 0.071206696 0.666930556 0.198602080 0.714626193
1661868208501703680.000000 1.857459307 -0.264456093 3.357557774 0.071342744 0.678318977 0.205373794 0.701865494
1661868208549704704.000000 1.861352444 -0.260497391 3.360817909 0.071369998 0.685309231 0.208628640 0.694068968
1661868208591705856.000000 1.867209554 -0.258186042 3.366278172 0.070303127 0.694931626 0.211680204 0.683607340
1661868208630706432.000000 1.872495770 -0.255507618 3.369842052 0.069775820 0.702630401 0.215819851 0.674435914
1661868208672707328.000000 1.875970840 -0.252425969 3.371256828 0.070180409 0.709022820 0.219893098 0.666339636
1661868208714708224.000000 1.880662441 -0.248731866 3.375893116 0.069834776 0.717273295 0.221324384 0.657006562
1661868208756709376.000000 1.886054516 -0.244136155 3.379774094 0.069921918 0.726580620 0.224878147 0.645462096
1661868208795710208.000000 1.890053272 -0.240650818 3.382013798 0.070343502 0.733516514 0.228488922 0.636237502
1661868208831710720.000000 1.893282413 -0.237567484 3.385421991 0.070000686 0.739881754 0.228969321 0.628687561
1661868208876711936.000000 1.897741079 -0.234370768 3.387871981 0.068473861 0.746617436 0.232866690 0.619392395
1661868208918712576.000000 1.901978254 -0.231149331 3.390347242 0.067776300 0.754026234 0.236313656 0.609103143
1661868208960713728.000000 1.905624151 -0.227631956 3.392948151 0.067843735 0.760913074 0.238846883 0.599467099
1661868209002714368.000000 1.908293962 -0.225618452 3.394500732 0.066478543 0.766064823 0.241798565 0.591826677
1661868209047715328.000000 1.912950993 -0.221840024 3.396718740 0.065903217 0.774007797 0.245141998 0.580063820
1661868209089716480.000000 1.915061951 -0.219830751 3.398577690 0.065356486 0.778778195 0.247076362 0.572875500
1661868209131717120.000000 1.918443203 -0.217157304 3.400404215 0.064079836 0.785291970 0.250495076 0.562550128
1661868209173718272.000000 1.923075676 -0.212974459 3.402789593 0.062801890 0.794211090 0.253944963 0.548449278
1661868209218718976.000000 1.925416470 -0.210534215 3.403777838 0.062115841 0.798681200 0.256798059 0.540652096
1661868209260720128.000000 1.930051088 -0.206190214 3.406031609 0.060508724 0.809250951 0.260984868 0.522817910
1661868209299720704.000000 1.931891680 -0.204594940 3.406895876 0.059523135 0.812910676 0.262074083 0.516672432
1661868209341721856.000000 1.931808233 -0.204471231 3.406813383 0.059887066 0.812805414 0.262046337 0.516810119
1661868209386722560.000000 1.937273026 -0.200187549 3.408460140 0.057208151 0.824756742 0.269207627 0.493994772
1661868209434723584.000000 1.939455271 -0.197751418 3.409003735 0.055576254 0.830411732 0.272674114 0.482676387
1661868209476724736.000000 1.941378832 -0.195614338 3.409356356 0.054872878 0.834047556 0.273499608 0.475974411
1661868209518725376.000000 1.944401264 -0.192851484 3.409808874 0.053058352 0.841240048 0.276670039 0.461469084
1661868209563726336.000000 1.946378708 -0.189135551 3.409862518 0.052853294 0.845676064 0.278115034 0.452427506
1661868209608727552.000000 1.948555946 -0.186472297 3.409874678 0.050878197 0.851311088 0.280833840 0.440242320
1661868209647728128.000000 1.950523853 -0.183285803 3.409396648 0.050741069 0.856252015 0.282960832 0.429174811
1661868209686728960.000000 1.951576710 -0.181485415 3.409031630 0.050235000 0.859477043 0.284375906 0.421789169
1661868209731729920.000000 1.953438759 -0.178348839 3.408856392 0.050050840 0.863919735 0.284005761 0.412890226
1661868209773731072.000000 1.955714226 -0.174212158 3.407840729 0.049625125 0.870155275 0.285258114 0.398741841
1661868209809731840.000000 1.956624031 -0.174030066 3.406592607 0.046558939 0.872766674 0.290037125 0.389857769
1661868209851732480.000000 1.957769394 -0.172165394 3.406151056 0.046345662 0.876299679 0.289979398 0.381920010
1661868209899733504.000000 1.959038258 -0.168692291 3.404612541 0.045095094 0.882231891 0.291635603 0.366854340
1661868209941734656.000000 1.959722519 -0.167764783 3.403662205 0.044373851 0.883620560 0.293778896 0.361855835
1661868209980735232.000000 1.961109161 -0.164645791 3.401515484 0.043481033 0.888575137 0.294313729 0.349174768
1661868210022736384.000000 1.961743355 -0.164219201 3.400579929 0.041809831 0.890443146 0.295380861 0.343676031
1661868210067737088.000000 1.962138176 -0.162758112 3.399018764 0.041768774 0.892657578 0.296918213 0.336537391
1661868210109737984.000000 1.963273525 -0.160189211 3.396798611 0.040777579 0.896626472 0.297854722 0.325085729
1661868210148738816.000000 1.964436054 -0.157099664 3.393715143 0.039986443 0.900823116 0.300307006 0.311021775
1661868210187739904.000000 1.965138912 -0.155793428 3.391359329 0.038311455 0.904163301 0.300940007 0.300759345
1661868210226740480.000000 1.965131760 -0.154649734 3.389413595 0.037306909 0.905817568 0.301790714 0.295000494
1661868210268741376.000000 1.965728760 -0.151627302 3.386657953 0.037882295 0.909306824 0.302380741 0.283358455
1661868210310742272.000000 1.966122627 -0.150323272 3.384115696 0.036595851 0.912171125 0.302250087 0.274316281
1661868210349743104.000000 1.966166019 -0.149249315 3.381351948 0.035001561 0.914487183 0.302451491 0.266479433
1661868210391744256.000000 1.966565132 -0.147913456 3.378928900 0.034427971 0.916515291 0.303807855 0.257905722
1661868210430744832.000000 1.966914654 -0.145729423 3.375688314 0.034040175 0.919594347 0.303136587 0.247580051
1661868210472745984.000000 1.967040539 -0.144890070 3.372038841 0.033184558 0.921309710 0.305486768 0.238254353
1661868210514746624.000000 1.966406822 -0.143105268 3.369345427 0.033619940 0.923545122 0.304259241 0.230998889
1661868210556747776.000000 1.966801167 -0.141783118 3.365297318 0.031976771 0.925259471 0.306092918 0.221764803
1661868210601748480.000000 1.966803551 -0.139801264 3.361083984 0.031849030 0.927642345 0.306463063 0.211058706
1661868210640749568.000000 1.966383934 -0.138143182 3.358295202 0.031564098 0.928974867 0.307127714 0.204161510
1661868210682750208.000000 1.966248035 -0.138034463 3.353201866 0.029170947 0.930592835 0.307731628 0.196079656
1661868210724751360.000000 1.965747595 -0.136931658 3.350124121 0.028865725 0.931449711 0.309140772 0.189737320
1661868210766752000.000000 1.964851141 -0.136061430 3.345933676 0.028343804 0.933497190 0.308089823 0.181274027
1661868210811752960.000000 1.964808226 -0.135002494 3.340672493 0.025999626 0.935733020 0.307429671 0.170923546
1661868210856754176.000000 1.964062214 -0.134125471 3.338234901 0.026572917 0.936753213 0.307109505 0.165744066
1661868210898754816.000000 1.962733269 -0.132677436 3.330964088 0.026556537 0.938255906 0.307793111 0.155673102
1661868210937755904.000000 1.962718248 -0.131729007 3.329109907 0.027476737 0.939432025 0.306852371 0.150180697
1661868210979756544.000000 1.961674452 -0.130612969 3.321410656 0.025934525 0.940782130 0.308054298 0.139136538
1661868211021757696.000000 1.960217953 -0.129599333 3.316766262 0.024786375 0.941876352 0.307697147 0.132578582
1661868211063758336.000000 1.960314274 -0.129066825 3.311537743 0.024307650 0.942540050 0.309175760 0.124248788
1661868211102759424.000000 1.959074736 -0.128027558 3.305619240 0.024560694 0.943956673 0.308275104 0.115364894
1661868211150760448.000000 1.958290100 -0.127524495 3.300167561 0.022629289 0.945134521 0.307553321 0.107794255
1661868211195761152.000000 1.958987474 -0.126891375 3.297318220 0.023113385 0.945338786 0.308782458 0.102244042
1661868211237762304.000000 1.957024336 -0.125984430 3.290011883 0.021723811 0.946672857 0.307268471 0.094470344
1661868211273762816.000000 1.955065727 -0.125690341 3.284101248 0.021457717 0.947400689 0.307150602 0.087350622
1661868211315763712.000000 1.953800201 -0.125212550 3.278765440 0.021076577 0.947799921 0.307769328 0.080679424
1661868211357764608.000000 1.952513218 -0.124166608 3.272237539 0.021073801 0.949204445 0.305462241 0.072524250
1661868211396765440.000000 1.951730967 -0.123461008 3.267645597 0.019517608 0.949771821 0.304840505 0.068006814
1661868211441766400.000000 1.951297045 -0.122488022 3.261701345 0.019095998 0.950658202 0.303931355 0.059246857
1661868211480767232.000000 1.949092388 -0.121544838 3.256419659 0.018174792 0.951275647 0.302638263 0.056164443
1661868211522768384.000000 1.949212074 -0.121406198 3.256495476 0.018077672 0.951367736 0.302380979 0.056021154
1661868211567769344.000000 1.945268869 -0.120982528 3.240507841 0.018074458 0.951771259 0.303665221 0.039902996
1661868211606769920.000000 1.945252180 -0.120464921 3.234881878 0.017182298 0.952613652 0.302010179 0.031967301
1661868211648770816.000000 1.943459034 -0.120259523 3.229103804 0.018006744 0.952367127 0.303153157 0.027762536
1661868211687771904.000000 1.942232847 -0.119857430 3.226860523 0.018215096 0.952920496 0.301591724 0.025557838
1661868211729772544.000000 1.940653324 -0.119241834 3.217530966 0.017411433 0.953151166 0.301546156 0.016419427
1661868211771773696.000000 1.940469027 -0.119321823 3.217491388 0.017335461 0.953097284 0.301706165 0.016686901
1661868211813774336.000000 1.935845852 -0.118159413 3.202264786 0.016433224 0.953948379 0.299504966 0.003037232
1661868211861775360.000000 1.934871554 -0.118330956 3.197348118 -0.015789147 -0.954318106 -0.298374027 0.000868353
1661868211906776320.000000 1.932995796 -0.117875576 3.188689947 -0.015387252 -0.954825938 -0.296610326 0.009641837
1661868211948777472.000000 1.929649234 -0.117236972 3.178890944 -0.015587845 -0.954956293 -0.295823127 0.017443663
1661868211993778176.000000 1.928300500 -0.117246389 3.172538996 -0.014985250 -0.954846680 -0.295820415 0.023098916
1661868212041779200.000000 1.926795006 -0.117214441 3.166051149 -0.014547962 -0.955086708 -0.294550478 0.028947111
1661868212083780352.000000 1.925017953 -0.116954803 3.159529448 -0.014587342 -0.955104232 -0.293924987 0.034223277
1661868212131781376.000000 1.922870874 -0.116912961 3.150111675 -0.014372464 -0.955038309 -0.293052912 0.042606309
1661868212173782016.000000 1.919694781 -0.116268992 3.140986919 -0.014874615 -0.954330266 -0.294232845 0.049593903
1661868212215783168.000000 1.918428421 -0.115928531 3.138006449 -0.014487618 -0.955011010 -0.291708827 0.051479887
1661868212257783808.000000 1.916177273 -0.115499020 3.129415274 -0.013932154 -0.954581261 -0.291676641 0.059205350
1661868212302785024.000000 1.916038036 -0.115500569 3.129449844 -0.014165081 -0.954604447 -0.291620433 0.059053160
1661868212347785984.000000 1.911492586 -0.115772963 3.113552809 -0.013580755 -0.954474509 -0.289158583 0.071980879
1661868212386786816.000000 1.909445167 -0.114899039 3.106537104 -0.012617606 -0.954656720 -0.286965907 0.078243181
1661868212431787776.000000 1.907427073 -0.114902735 3.100769520 -0.012519749 -0.954654753 -0.285815924 0.082382351
1661868212473788416.000000 1.903838515 -0.114840150 3.090167284 -0.012771946 -0.953635693 -0.286667645 0.090760663
1661868212515789568.000000 1.902025104 -0.114910483 3.084765434 -0.012981561 -0.953663886 -0.285155505 0.095095195
1661868212557790208.000000 1.899768353 -0.114506006 3.077927351 -0.013226480 -0.952933490 -0.285602063 0.100868031
1661868212599791360.000000 1.896202207 -0.114630103 3.069031715 -0.013635083 -0.952898204 -0.283265561 0.107516147
1661868212641792000.000000 1.894187450 -0.114265800 3.063477039 -0.013105685 -0.952716291 -0.282053113 0.112276234
1661868212683793152.000000 1.891208768 -0.114380240 3.056794882 -0.013832756 -0.952313006 -0.281461447 0.116996244
1661868212725793792.000000 1.888210654 -0.113772511 3.047900915 -0.012933424 -0.951821923 -0.279747337 0.124937080
1661868212767794944.000000 1.885279536 -0.113838911 3.040792465 -0.013128775 -0.950844586 -0.280862421 0.129763260
1661868212809795584.000000 1.883884788 -0.113696098 3.037489414 -0.013126238 -0.950819612 -0.279562056 0.132721066
1661868212851796736.000000 1.879646182 -0.113268852 3.025632620 -0.012544776 -0.950139523 -0.276394218 0.143818945
1661868212893797376.000000 1.877042294 -0.113327146 3.020628214 -0.013166995 -0.949785411 -0.275911063 0.146994457
1661868212935798528.000000 1.873705506 -0.112527728 3.012880564 -0.012290457 -0.949307263 -0.274091721 0.153422326
1661868212971799040.000000 1.871736526 -0.112332344 3.005972385 -0.013352490 -0.947546184 -0.275839567 0.160905123
1661868213016800256.000000 1.867950797 -0.112658143 2.998327971 -0.013847201 -0.947199166 -0.273501992 0.166789189
1661868213055800832.000000 1.864999652 -0.111784220 2.991378069 -0.014062417 -0.946317673 -0.272309929 0.173586875
1661868213094801664.000000 1.863219976 -0.111594319 2.986673832 -0.014102203 -0.945329964 -0.272687763 0.178308308
1661868213139802624.000000 1.860332966 -0.111807108 2.981754541 -0.014334561 -0.944666743 -0.272637367 0.181846440
1661868213178803456.000000 1.855311871 -0.111377001 2.970894337 -0.015031793 -0.943072498 -0.270352960 0.193125725
1661868213220804352.000000 1.854035378 -0.111326575 2.968566895 -0.015330771 -0.942999184 -0.268928379 0.195435479
1661868213259805184.000000 1.847764015 -0.111034751 2.956554651 -0.015358162 -0.940844655 -0.268259943 0.206427097
1661868213307806208.000000 1.843602657 -0.110965848 2.948840380 -0.015491761 -0.939789236 -0.266406983 0.213503078
1661868213343806976.000000 1.841836929 -0.110728860 2.945465803 -0.015403199 -0.939229608 -0.265774190 0.216736242
1661868213391808000.000000 1.841816425 -0.110676169 2.945690393 -0.015528162 -0.939438045 -0.265293390 0.216412812
1661868213430809088.000000 1.832533360 -0.110008001 2.930804729 -0.017424485 -0.936115921 -0.265563011 0.229912356
1661868213475809792.000000 1.828438878 -0.110102177 2.923998833 -0.016880369 -0.935112476 -0.262644023 0.237271547
1661868213523810816.000000 1.826141119 -0.109689713 2.920041800 -0.016929431 -0.934152782 -0.262271911 0.241423950
1661868213568811776.000000 1.819933057 -0.109507561 2.910180330 -0.017209014 -0.931790054 -0.260759890 0.251943499
1661868213610812672.000000 1.815934062 -0.108878136 2.903778791 -0.017783543 -0.929551184 -0.261393130 0.259407014
1661868213649813760.000000 1.813751459 -0.109072804 2.900744200 -0.017407628 -0.929111242 -0.260907173 0.261489481
1661868213691814400.000000 1.807794809 -0.108672500 2.891774178 -0.018166395 -0.926811457 -0.257321298 0.272903591
1661868213733815552.000000 1.804543257 -0.108843803 2.887286901 -0.019213095 -0.925445497 -0.257246673 0.277498960
1661868213772816128.000000 1.799761653 -0.108256817 2.880441427 -0.018615713 -0.923299909 -0.256566405 0.285209477
1661868213814817280.000000 1.797321200 -0.107972026 2.877105236 -0.019014919 -0.922137558 -0.255563825 0.289806753
1661868213850817792.000000 1.791819572 -0.106989980 2.869940758 -0.019455602 -0.919479609 -0.255567044 0.298101038
1661868213892818688.000000 1.787800312 -0.106523991 2.865353107 -0.018764749 -0.918636262 -0.251176357 0.304410428
1661868213937819648.000000 1.787099123 -0.106425285 2.864059687 -0.018553291 -0.917984188 -0.250932306 0.306583971
1661868213979820800.000000 1.780128717 -0.105537176 2.856359482 -0.018030565 -0.915249586 -0.249428764 0.315877169
1661868214015821568.000000 1.778074741 -0.105722308 2.853894472 -0.019520503 -0.913981020 -0.249604821 0.319304347
1661868214060822528.000000 1.772248745 -0.105426431 2.846451044 -0.019303599 -0.910122693 -0.249671385 0.330103427
1661868214099823360.000000 1.767500639 -0.104606509 2.841431141 -0.019059923 -0.908321559 -0.247242898 0.336837709
1661868214141824000.000000 1.763867497 -0.104555130 2.837291479 -0.019428469 -0.906517565 -0.245621935 0.342809439
1661868214180825088.000000 1.761079073 -0.104236126 2.834375143 -0.019245757 -0.904380441 -0.245206520 0.348711044
1661868214222825728.000000 1.760349989 -0.104043484 2.834876537 -0.019784851 -0.900774479 -0.244403228 0.358442396
1661868214264826880.000000 1.760336518 -0.104015827 2.834883928 -0.019845681 -0.900793195 -0.244388476 0.358402133
1661868214306827520.000000 1.759765983 -0.102784872 2.835444212 -0.023001293 -0.894457936 -0.255403578 0.366312742
1661868214351828480.000000 1.759387255 -0.102115154 2.836158037 -0.026786409 -0.888222575 -0.266557008 0.373216420
1661868214393829632.000000 1.758749127 -0.100792408 2.837147713 -0.034450784 -0.877246976 -0.287725955 0.382707059
1661868214432830208.000000 1.758631110 -0.099429607 2.838103056 -0.037243307 -0.871399522 -0.298653424 0.387404054
1661868214471831040.000000 1.758083105 -0.099469185 2.838056564 -0.039558355 -0.868287385 -0.304340601 0.389729500
1661868214513832192.000000 1.757595778 -0.098477483 2.838904381 -0.044199627 -0.861815631 -0.317884564 0.392771721
1661868214555832832.000000 1.755754232 -0.097977638 2.838958979 -0.049818780 -0.851867557 -0.334909052 0.399594456
1661868214594833920.000000 1.755234957 -0.097366810 2.839344025 -0.052506018 -0.846227169 -0.343239188 0.404140711
1661868214636834560.000000 1.752848864 -0.097536445 2.838878632 -0.055190723 -0.839211822 -0.350830346 0.411819845
1661868214678835712.000000 1.753345490 -0.097588062 2.840010643 -0.056132227 -0.836180270 -0.352996051 0.415987343
1661868214720836352.000000 1.752762198 -0.096979260 2.840705633 -0.057569537 -0.829041123 -0.359673649 0.424277574
1661868214762837504.000000 1.752408624 -0.096681237 2.841418743 -0.059331149 -0.823335409 -0.363188982 0.432079196
1661868214807838208.000000 1.751820922 -0.096510649 2.842233181 -0.060690895 -0.817253232 -0.364877492 0.441902876
1661868214849839104.000000 1.751541615 -0.096337438 2.842672110 -0.061666001 -0.812888980 -0.368182957 0.447046012
1661868214885839872.000000 1.751234055 -0.095905662 2.843420506 -0.065582059 -0.805379212 -0.374406219 0.454844266
1661868214927841024.000000 1.748905659 -0.096306682 2.842650890 -0.064833812 -0.802883744 -0.373483181 0.460091919
1661868214972841728.000000 1.748324752 -0.096016645 2.843570232 -0.067860767 -0.794392109 -0.376902372 0.471466511
1661868215014842624.000000 1.747995853 -0.096271157 2.844010353 -0.067482837 -0.792439938 -0.374075204 0.477024883
1661868215059843840.000000 1.747390747 -0.096127391 2.844821453 -0.069009595 -0.784288287 -0.377519161 0.487451375
1661868215101844480.000000 1.747071505 -0.096113443 2.845310926 -0.070227645 -0.778937638 -0.377994239 0.495423675
1661868215140845312.000000 1.746957064 -0.095919847 2.845753431 -0.071490884 -0.776466668 -0.378996313 0.498347610
1661868215188846336.000000 1.746761084 -0.095559716 2.846575260 -0.074195199 -0.768934131 -0.382752895 0.506690800
1661868215230847232.000000 1.746433258 -0.095376492 2.847330809 -0.077277005 -0.762656331 -0.387293428 0.512237787
1661868215278848512.000000 1.746151924 -0.095514178 2.848106861 -0.079800718 -0.757704079 -0.388206124 0.518471301
1661868215320849152.000000 1.746050119 -0.095174551 2.848501444 -0.080535725 -0.752910018 -0.389607728 0.524257898
1661868215362850304.000000 1.745578051 -0.095059395 2.849452734 -0.083001748 -0.742478490 -0.389384180 0.538717449
1661868215401850880.000000 1.744834900 -0.095977068 2.849987268 -0.082036711 -0.740939796 -0.384606659 0.544385791
1661868215443852032.000000 1.744671583 -0.095792294 2.850955009 -0.084178746 -0.734783471 -0.386324674 0.551144660
1661868215488852736.000000 1.744422674 -0.095777035 2.851623774 -0.085645594 -0.727281570 -0.388123482 0.559541345
1661868215530853632.000000 1.743991852 -0.095943928 2.852752924 -0.088025056 -0.722713768 -0.384874612 0.567281246
1661868215569854464.000000 1.743885040 -0.095919132 2.853062630 -0.088863388 -0.714436412 -0.386078924 0.576738238
1661868215611855616.000000 1.742464066 -0.095811129 2.852709293 -0.088138379 -0.711132228 -0.382807672 0.583078742
1661868215650856192.000000 1.742279291 -0.095617294 2.853479147 -0.090800822 -0.703058243 -0.385715693 0.590497851
1661868215692857344.000000 1.741678238 -0.095473051 2.853119373 -0.090301380 -0.701580703 -0.383266181 0.593916833
1661868215734857984.000000 1.739689350 -0.095577300 2.853542805 -0.090982683 -0.693849206 -0.380165398 0.604789019
1661868215776859136.000000 1.737911940 -0.095838368 2.853898048 -0.091063939 -0.691264749 -0.374860078 0.611015856
1661868215815859712.000000 1.736508369 -0.095533490 2.853575706 -0.093050368 -0.684558451 -0.377414435 0.616668284
1661868215860860928.000000 1.736118317 -0.095439553 2.853828192 -0.094103411 -0.681095541 -0.376500279 0.620887280
1661868215902861568.000000 1.735046148 -0.095294356 2.854257822 -0.097010925 -0.672688663 -0.377944767 0.628678441
1661868215944862720.000000 1.733822107 -0.095345736 2.854794025 -0.098543316 -0.667874396 -0.375397593 0.635066748
1661868215986863360.000000 1.733468056 -0.095288873 2.855283260 -0.102491163 -0.660951376 -0.376808912 0.640822828
1661868216034864384.000000 1.731167555 -0.095623732 2.855170488 -0.102731198 -0.657860518 -0.373378634 0.645952284
1661868216076865536.000000 1.729676485 -0.095045865 2.855063200 -0.105297588 -0.650491416 -0.375567436 0.651707411
1661868216121866240.000000 1.727955103 -0.094924331 2.855254412 -0.105097950 -0.644418240 -0.371921510 0.659813643
1661868216163867136.000000 1.726711988 -0.095105827 2.854989529 -0.106840782 -0.643241525 -0.372346818 0.660441697
1661868216202867968.000000 1.726858377 -0.095125794 2.855860710 -0.110047087 -0.636880755 -0.371259809 0.666662395
1661868216250868992.000000 1.726854086 -0.095077932 2.855813503 -0.109930679 -0.636783719 -0.371315926 0.666743040
1661868216295869952.000000 1.729124784 -0.097412825 2.855645657 -0.078032881 -0.644520760 -0.348759443 0.675922215
1661868216295869952.000000 1.729124784 -0.097412825 2.855645657 -0.078032881 -0.644520760 -0.348759443 0.675922215
1661868216295869952.000000 1.729124784 -0.097412825 2.855645657 -0.078032881 -0.644520760 -0.348759443 0.675922215
1661868216295869952.000000 1.729124784 -0.097412825 2.855645657 -0.078032881 -0.644520760 -0.348759443 0.675922215
1661868216295869952.000000 1.729124784 -0.097412825 2.855645657 -0.078032881 -0.644520760 -0.348759443 0.675922215
1661868216295869952.000000 1.729124784 -0.097412825 2.855645657 -0.078032881 -0.644520760 -0.348759443 0.675922215
1661868216295869952.000000 1.729124784 -0.097412825 2.855645657 -0.078032881 -0.644520760 -0.348759443 0.675922215
1661868216295869952.000000 1.729124784 -0.097412825 2.855645657 -0.078032881 -0.644520760 -0.348759443 0.675922215
1661868216295869952.000000 1.729124784 -0.097412825 2.855645657 -0.078032881 -0.644520760 -0.348759443 0.675922215
1661868216295869952.000000 1.729124784 -0.097412825 2.855645657 -0.078032881 -0.644520760 -0.348759443 0.675922215
1661868216295869952.000000 1.729124784 -0.097412825 2.855645657 -0.078032881 -0.644520760 -0.348759443 0.675922215
1661868216295869952.000000 1.729124784 -0.097412825 2.855645657 -0.078032881 -0.644520760 -0.348759443 0.675922215
1661868216295869952.000000 1.729124784 -0.097412825 2.855645657 -0.078032881 -0.644520760 -0.348759443 0.675922215
1661868216295869952.000000 1.729124784 -0.097412825 2.855645657 -0.078032881 -0.644520760 -0.348759443 0.675922215
1661868216295869952.000000 1.729124784 -0.097412825 2.855645657 -0.078032881 -0.644520760 -0.348759443 0.675922215
1661868216295869952.000000 1.729124784 -0.097412825 2.855645657 -0.078032881 -0.644520760 -0.348759443 0.675922215
1661868216295869952.000000 1.729124784 -0.097412825 2.855645657 -0.078032881 -0.644520760 -0.348759443 0.675922215
1661868216295869952.000000 1.729124784 -0.097412825 2.855645657 -0.078032881 -0.644520760 -0.348759443 0.675922215
1661868216295869952.000000 1.729124784 -0.097412825 2.855645657 -0.078032881 -0.644520760 -0.348759443 0.675922215
1661868216295869952.000000 1.729124784 -0.097412825 2.855645657 -0.078032881 -0.644520760 -0.348759443 0.675922215
1661868216295869952.000000 1.729124784 -0.097412825 2.855645657 -0.078032881 -0.644520760 -0.348759443 0.675922215
1661868216295869952.000000 1.729124784 -0.097412825 2.855645657 -0.078032881 -0.644520760 -0.348759443 0.675922215
1661868216295869952.000000 1.729124784 -0.097412825 2.855645657 -0.078032881 -0.644520760 -0.348759443 0.675922215
1661868216295869952.000000 1.729124784 -0.097412825 2.855645657 -0.078032881 -0.644520760 -0.348759443 0.675922215
1661868216295869952.000000 1.729124784 -0.097412825 2.855645657 -0.078032881 -0.644520760 -0.348759443 0.675922215
1661868216295869952.000000 1.729124784 -0.097412825 2.855645657 -0.078032881 -0.644520760 -0.348759443 0.675922215
1661868216295869952.000000 1.729124784 -0.097412825 2.855645657 -0.078032881 -0.644520760 -0.348759443 0.675922215
1661868216295869952.000000 1.729124784 -0.097412825 2.855645657 -0.078032881 -0.644520760 -0.348759443 0.675922215
1661868216295869952.000000 1.729124784 -0.097412825 2.855645657 -0.078032881 -0.644520760 -0.348759443 0.675922215
1661868216295869952.000000 1.729124784 -0.097412825 2.855645657 -0.078032881 -0.644520760 -0.348759443 0.675922215
1661868216295869952.000000 1.729124784 -0.097412825 2.855645657 -0.078032881 -0.644520760 -0.348759443 0.675922215
1661868216295869952.000000 1.729124784 -0.097412825 2.855645657 -0.078032881 -0.644520760 -0.348759443 0.675922215
1661868216295869952.000000 1.729124784 -0.097412825 2.855645657 -0.078032881 -0.644520760 -0.348759443 0.675922215
1661868216295869952.000000 1.729124784 -0.097412825 2.855645657 -0.078032881 -0.644520760 -0.348759443 0.675922215
1661868216295869952.000000 1.729124784 -0.097412825 2.855645657 -0.078032881 -0.644520760 -0.348759443 0.675922215
1661868216295869952.000000 1.729124784 -0.097412825 2.855645657 -0.078032881 -0.644520760 -0.348759443 0.675922215
1661868216295869952.000000 1.729124784 -0.097412825 2.855645657 -0.078032881 -0.644520760 -0.348759443 0.675922215
1661868216295869952.000000 1.729124784 -0.097412825 2.855645657 -0.078032881 -0.644520760 -0.348759443 0.675922215
1661868216295869952.000000 1.729124784 -0.097412825 2.855645657 -0.078032881 -0.644520760 -0.348759443 0.675922215
1661868216295869952.000000 1.729124784 -0.097412825 2.855645657 -0.078032881 -0.644520760 -0.348759443 0.675922215
1661868216295869952.000000 1.729124784 -0.097412825 2.855645657 -0.078032881 -0.644520760 -0.348759443 0.675922215
1661868216295869952.000000 1.729124784 -0.097412825 2.855645657 -0.078032881 -0.644520760 -0.348759443 0.675922215
1661868216295869952.000000 1.729124784 -0.097412825 2.855645657 -0.078032881 -0.644520760 -0.348759443 0.675922215
1661868216295869952.000000 1.729124784 -0.097412825 2.855645657 -0.078032881 -0.644520760 -0.348759443 0.675922215
1661868216295869952.000000 1.729124784 -0.097412825 2.855645657 -0.078032881 -0.644520760 -0.348759443 0.675922215
1661868216295869952.000000 1.729124784 -0.097412825 2.855645657 -0.078032881 -0.644520760 -0.348759443 0.675922215
1661868216295869952.000000 1.729124784 -0.097412825 2.855645657 -0.078032881 -0.644520760 -0.348759443 0.675922215
1661868216295869952.000000 1.729124784 -0.097412825 2.855645657 -0.078032881 -0.644520760 -0.348759443 0.675922215
1661868216295869952.000000 1.729124784 -0.097412825 2.855645657 -0.078032881 -0.644520760 -0.348759443 0.675922215
1661868216295869952.000000 1.729124784 -0.097412825 2.855645657 -0.078032881 -0.644520760 -0.348759443 0.675922215
1661868216295869952.000000 1.729124784 -0.097412825 2.855645657 -0.078032881 -0.644520760 -0.348759443 0.675922215
1661868216295869952.000000 1.729124784 -0.097412825 2.855645657 -0.078032881 -0.644520760 -0.348759443 0.675922215
1661868216295869952.000000 1.729124784 -0.097412825 2.855645657 -0.078032881 -0.644520760 -0.348759443 0.675922215
1661868216295869952.000000 1.729124784 -0.097412825 2.855645657 -0.078032881 -0.644520760 -0.348759443 0.675922215
1661868216295869952.000000 1.729124784 -0.097412825 2.855645657 -0.078032881 -0.644520760 -0.348759443 0.675922215
1661868216295869952.000000 1.729124784 -0.097412825 2.855645657 -0.078032881 -0.644520760 -0.348759443 0.675922215
1661868216295869952.000000 1.729124784 -0.097412825 2.855645657 -0.078032881 -0.644520760 -0.348759443 0.675922215
1661868216295869952.000000 1.729124784 -0.097412825 2.855645657 -0.078032881 -0.644520760 -0.348759443 0.675922215
1661868216295869952.000000 1.729124784 -0.097412825 2.855645657 -0.078032881 -0.644520760 -0.348759443 0.675922215
1661868216295869952.000000 1.729124784 -0.097412825 2.855645657 -0.078032881 -0.644520760 -0.348759443 0.675922215
1661868216295869952.000000 1.729124784 -0.097412825 2.855645657 -0.078032881 -0.644520760 -0.348759443 0.675922215
1661868216295869952.000000 1.729124784 -0.097412825 2.855645657 -0.078032881 -0.644520760 -0.348759443 0.675922215
1661868216295869952.000000 1.729124784 -0.097412825 2.855645657 -0.078032881 -0.644520760 -0.348759443 0.675922215
1661868216295869952.000000 1.729124784 -0.097412825 2.855645657 -0.078032881 -0.644520760 -0.348759443 0.675922215
1661868216295869952.000000 1.729124784 -0.097412825 2.855645657 -0.078032881 -0.644520760 -0.348759443 0.675922215
1661868216295869952.000000 1.729124784 -0.097412825 2.855645657 -0.078032881 -0.644520760 -0.348759443 0.675922215
1661868216295869952.000000 1.729124784 -0.097412825 2.855645657 -0.078032881 -0.644520760 -0.348759443 0.675922215
1661868216295869952.000000 1.729124784 -0.097412825 2.855645657 -0.078032881 -0.644520760 -0.348759443 0.675922215
1661868216295869952.000000 1.729124784 -0.097412825 2.855645657 -0.078032881 -0.644520760 -0.348759443 0.675922215
1661868216295869952.000000 1.729124784 -0.097412825 2.855645657 -0.078032881 -0.644520760 -0.348759443 0.675922215
