1661868260432811776.000000 0.014187845 -0.006366025 0.027042875 0.002899319 0.007826618 -0.000190476 0.999965131
1661868260477812480.000000 0.037903786 -0.017784322 0.060815781 0.003118552 0.009435416 0.001519674 0.999949455
1661868260519813632.000000 0.027316514 -0.014020579 0.052755158 0.001338662 0.016390940 0.000583953 0.999864638
1661868260564814336.000000 0.034960531 -0.016015515 0.072253317 0.003728507 0.019747745 0.001823568 0.999796391
1661868260606815232.000000 0.035002802 -0.018449411 0.069393814 0.005208070 0.021468399 0.000301276 0.999755919
1661868260648816384.000000 0.037807155 -0.020477924 0.077831119 0.006773816 0.025652371 0.000084285 0.999647975
1661868260690817024.000000 0.043528806 -0.022629075 0.087886095 0.005670047 0.028218152 0.000828411 0.999585390
1661868260732818176.000000 0.046978608 -0.023704220 0.095698670 0.008862964 0.031187940 0.000373977 0.999474168
1661868260774818816.000000 0.046638399 -0.023886509 0.095819280 0.008802459 0.031374186 0.000327424 0.999468923
1661868260816819968.000000 0.046978362 -0.023849521 0.095827892 0.008920535 0.031087549 0.000249585 0.999476850
1661868260861820672.000000 0.060103063 -0.031535573 0.124547146 0.011733886 0.040245507 0.001113584 0.999120295
1661868260903821824.000000 0.060428008 -0.031639770 0.124565452 0.011769960 0.040023293 0.001409222 0.999128461
1661868260939822336.000000 0.067208335 -0.036142003 0.142783865 0.014848081 0.047714334 0.000996375 0.998750210
1661868260981823488.000000 0.069711410 -0.037824031 0.151511893 0.015134885 0.051291347 0.000225384 0.998569012
1661868261020824320.000000 0.073605634 -0.040969416 0.159089759 0.015240748 0.054327838 0.001888952 0.998405039
1661868261059824896.000000 0.078474253 -0.044566132 0.169913560 0.015866555 0.056939747 0.002056598 0.998249471
1661868261104825856.000000 0.078688733 -0.045117281 0.177946895 0.017625229 0.062282614 0.001188827 0.997902215
1661868261149827072.000000 0.082070433 -0.048620317 0.186151505 0.017995592 0.065528497 0.002248804 0.997685909
1661868261188827648.000000 0.084313743 -0.052283306 0.197019964 0.017818050 0.069223270 0.001069113 0.997441530
1661868261224828416.000000 0.088516861 -0.054571763 0.207049295 0.018397760 0.071905196 0.001882600 0.997240067
1661868261272829440.000000 0.091851711 -0.055904675 0.211276144 0.018030202 0.073437907 0.003523150 0.997130573
1661868261314830592.000000 0.094560020 -0.056247748 0.218733996 0.018082021 0.076307952 0.003826495 0.996913016
1661868261359831296.000000 0.098307304 -0.057765502 0.233659893 0.016649829 0.081135146 0.003687331 0.996557236
1661868261398832384.000000 0.100813866 -0.061291166 0.238212407 0.017081987 0.083426364 0.004134718 0.996358991
1661868261443833088.000000 0.104407169 -0.064857028 0.247442797 0.020024920 0.086386316 0.004507203 0.996050239
1661868261488834048.000000 0.107120819 -0.065999173 0.257710993 0.020144824 0.090074733 0.004702601 0.995720208
1661868261530835200.000000 0.108476959 -0.069616593 0.269073367 0.017983695 0.094156213 0.004773221 0.995383561
1661868261572835840.000000 0.112713560 -0.074216664 0.276448488 0.020493766 0.096467398 0.006222317 0.995105684
1661868261620836864.000000 0.112621188 -0.075035699 0.281333923 0.021867881 0.098691903 0.005875701 0.994860411
1661868261662838016.000000 0.116956234 -0.077528886 0.295079231 0.026356690 0.102848373 0.005955182 0.994329989
1661868261707838720.000000 0.119106837 -0.076838754 0.305968165 0.028877888 0.104785234 0.005787472 0.994058728
1661868261752839680.000000 0.120079815 -0.082238644 0.311723173 0.026104415 0.108237565 0.006208376 0.993762910
1661868261791840512.000000 0.124785461 -0.086725466 0.318546087 0.026179215 0.107721910 0.006908312 0.993812382
1661868261833841664.000000 0.124949813 -0.086667269 0.332268536 0.029616553 0.112915330 0.007170395 0.993137240
1661868261875842304.000000 0.126844257 -0.090934105 0.341983318 0.028283341 0.114093579 0.005891482 0.993049860
1661868261923843328.000000 0.128686994 -0.090689726 0.348306507 0.030333038 0.115472443 0.007012737 0.992822707
1661868261965844480.000000 0.130742773 -0.092349321 0.355551660 0.030555740 0.116429307 0.007112245 0.992703438
1661868262010845184.000000 0.132245556 -0.094949692 0.366612166 0.031021373 0.118206166 0.008184410 0.992470682
1661868262052846080.000000 0.131780714 -0.096287340 0.375321567 0.028380914 0.121197455 0.007643583 0.992193222
1661868262100847360.000000 0.134935483 -0.098700233 0.384883851 0.030267794 0.121772081 0.007730388 0.992066383
1661868262139847936.000000 0.136261523 -0.099761665 0.390244305 0.031265035 0.122042693 0.008100926 0.991999209
1661868262178849024.000000 0.138344973 -0.102495492 0.402683645 0.033951912 0.123584531 0.008345351 0.991717935
1661868262217849856.000000 0.138494477 -0.104367912 0.407146633 0.033823706 0.124905258 0.008646832 0.991554260
1661868262259850496.000000 0.141977698 -0.106379315 0.418419749 0.034960508 0.124106057 0.008469615 0.991616726
1661868262301851392.000000 0.142961040 -0.107354403 0.425312519 0.033202462 0.124313965 0.007964274 0.991655350
1661868262343852288.000000 0.144063830 -0.110316776 0.435196996 0.030950474 0.125520393 0.007586064 0.991579115
1661868262388853248.000000 0.144630000 -0.112685233 0.443439364 0.033641864 0.126426950 0.009644934 0.991358399
1661868262430854400.000000 0.145657182 -0.114269279 0.451076627 0.035222385 0.126044676 0.007896049 0.991367638
1661868262472855040.000000 0.146143109 -0.116898581 0.459704429 0.035050586 0.126147777 0.007904815 0.991360545
1661868262511856128.000000 0.147171304 -0.117992237 0.467398554 0.036292538 0.125670761 0.008131105 0.991374612
1661868262559856896.000000 0.147789627 -0.119656421 0.473632812 0.036668193 0.125423625 0.007217881 0.991399169
1661868262601857792.000000 0.148616284 -0.121728666 0.481713325 0.036747590 0.124184281 0.007532476 0.991549850
1661868262646859008.000000 0.148046017 -0.122516438 0.489102036 0.036619257 0.124588005 0.006707115 0.991509914
1661868262691859712.000000 0.148021311 -0.126854673 0.504231274 0.035802085 0.122866996 0.006584757 0.991755307
1661868262733860608.000000 0.148989171 -0.127271935 0.509128034 0.035985470 0.121790811 0.005890269 0.991885841
1661868262775861504.000000 0.147683412 -0.128993824 0.515333593 0.036390692 0.122215703 0.005715172 0.991819799
1661868262820862464.000000 0.146214798 -0.131329909 0.527396917 0.036853656 0.120593011 0.004774338 0.992006242
1661868262868863488.000000 0.146190226 -0.132404447 0.535612881 0.037043817 0.118445143 0.004511281 0.992259145
1661868262907864320.000000 0.146030307 -0.132855967 0.542752624 0.034869257 0.117182046 0.003041936 0.992493451
1661868262949865216.000000 0.143889904 -0.135149568 0.554192126 0.033411942 0.116167478 0.001455497 0.992666423
1661868262991866112.000000 0.143464729 -0.135592625 0.557209015 0.034912657 0.115409806 0.002563524 0.992700994
1661868263033867008.000000 0.142628923 -0.137120962 0.563032150 0.036616024 0.113650985 0.002308022 0.992843091
1661868263075867904.000000 0.140550151 -0.139276370 0.574355006 0.038094476 0.111295760 0.002139335 0.993054688
1661868263117868800.000000 0.140337616 -0.140979618 0.582832396 0.038536128 0.107680485 0.002299974 0.993435800
1661868263159869952.000000 0.138210058 -0.141660765 0.589488328 0.036463317 0.107829921 0.000428708 0.993500352
1661868263198870784.000000 0.137812123 -0.143896922 0.599409342 0.038256258 0.102250129 -0.000601903 0.994022667
1661868263240871424.000000 0.137468964 -0.145482212 0.604563117 0.036727641 0.099519387 -0.002149322 0.994355261
1661868263279872512.000000 0.135287195 -0.146830499 0.613357842 0.037239801 0.097552650 -0.001357874 0.994532466
1661868263321873152.000000 0.133335918 -0.147831962 0.618516982 0.037449148 0.096472025 -0.001820093 0.994629264
1661868263363874304.000000 0.130161747 -0.148947433 0.626973808 0.034569215 0.095243350 -0.003945848 0.994845748
1661868263408875264.000000 0.128533736 -0.150957495 0.636853874 0.034384433 0.089619324 -0.004205378 0.995373547
1661868263444876032.000000 0.127320156 -0.151119843 0.641544282 0.035291053 0.087807670 -0.004305837 0.995502830
1661868263486876672.000000 0.127094463 -0.153382227 0.649262905 0.034960024 0.081074663 -0.004793181 0.996083260
1661868263528877824.000000 0.123308428 -0.154088140 0.658791482 0.035521004 0.078001022 -0.005687546 0.996304095
1661868263567878400.000000 0.123284690 -0.153956741 0.658789992 0.035638358 0.078105547 -0.005267943 0.996294022
1661868263609879552.000000 0.120359875 -0.156173065 0.668320894 0.035842612 0.072769657 -0.007072269 0.996679425
1661868263651880192.000000 0.118871711 -0.157296628 0.676764488 0.033826783 0.065021820 -0.009276452 0.997267246
1661868263696881408.000000 0.114564441 -0.156607717 0.684402347 0.034031700 0.065097332 -0.011019403 0.997237563
1661868263738882048.000000 0.113457844 -0.156592011 0.687830925 0.036340594 0.061869644 -0.009978482 0.997372568
1661868263780883200.000000 0.110016048 -0.159906819 0.697984397 0.034302779 0.056629650 -0.010337205 0.997752249
1661868263822883840.000000 0.110119037 -0.162058234 0.703379393 0.032411885 0.052228667 -0.012251986 0.998033881
1661868263867884800.000000 0.105222061 -0.162974790 0.711522937 0.032752085 0.047690138 -0.012263972 0.998249769
1661868263906885632.000000 0.102070026 -0.164890319 0.720583379 0.032774564 0.040783327 -0.013649743 0.998537064
1661868263954886656.000000 0.097907029 -0.165984780 0.729362667 0.032259159 0.035327435 -0.014612624 0.998748124
1661868263996887808.000000 0.096477367 -0.166011989 0.733276308 0.032686636 0.033164900 -0.014150284 0.998815060
1661868264035888384.000000 0.090110391 -0.165690094 0.743084013 0.030711656 0.027078386 -0.017930070 0.999000549
1661868264074889472.000000 0.089598887 -0.166090891 0.744635284 0.031462956 0.025860544 -0.016982267 0.999026060
1661868264119890176.000000 0.084429123 -0.166165426 0.755491853 0.032632329 0.017573053 -0.018494127 0.999141812
1661868264161891328.000000 0.082660273 -0.167555124 0.760859549 0.032974713 0.010927162 -0.018788010 0.999219835
1661868264203891968.000000 0.079154357 -0.166912511 0.768054187 0.033708964 0.007586191 -0.019903680 0.999204695
1661868264242893056.000000 0.076376915 -0.167270675 0.773765802 0.032765705 0.005979090 -0.020559890 0.999233663
1661868264287893760.000000 0.069377154 -0.170092240 0.784336448 0.030694552 -0.004954576 -0.023418957 0.999242127
1661868264329894656.000000 0.068295538 -0.169248074 0.787810862 0.031643033 -0.007836350 -0.023510104 0.999191999
1661868264371895552.000000 0.060026355 -0.172894254 0.797911823 0.027111957 -0.014791012 -0.025806826 0.999189794
1661868264413896448.000000 0.057458900 -0.173484534 0.800344348 0.028656786 -0.017624082 -0.025458911 0.999109685
1661868264461897728.000000 0.051981699 -0.174826607 0.810965478 0.026278783 -0.025186282 -0.028248819 0.998937964
1661868264500898304.000000 0.048988003 -0.176382869 0.815718174 0.024861597 -0.028847901 -0.029054502 0.998852193
1661868264539899392.000000 0.045602497 -0.177456841 0.820833206 0.025905458 -0.033752274 -0.029758481 0.998651147
1661868264584900096.000000 0.038645100 -0.178216323 0.831008136 0.026565924 -0.041673057 -0.030729774 0.998305202
1661868264626901248.000000 0.034917153 -0.178951040 0.836597681 0.024243921 -0.046505995 -0.033319131 0.998067796
1661868264665901824.000000 0.032813136 -0.178714871 0.838673770 0.025849985 -0.048595913 -0.032896463 0.997941911
1661868264707902976.000000 0.027007028 -0.179297000 0.848223984 0.027625455 -0.057440802 -0.033506934 0.997404039
1661868264752903680.000000 0.023925800 -0.180574939 0.853440642 0.025591772 -0.060319662 -0.034303803 0.997261167
1661868264800904704.000000 0.019536851 -0.182429686 0.862644792 0.025172248 -0.068939164 -0.034318749 0.996712625
1661868264851905792.000000 0.012995310 -0.181650296 0.871141255 0.025214866 -0.075097442 -0.036330149 0.996195138
1661868264893906944.000000 0.009070000 -0.184941769 0.876269877 0.023296462 -0.080829553 -0.035688162 0.995816350
1661868264935907584.000000 0.003644260 -0.184275046 0.884465754 0.024385257 -0.085916877 -0.037747968 0.995288312
1661868264977908736.000000 -0.000632240 -0.184420347 0.890105784 0.024053877 -0.091060944 -0.037980959 0.994830072
1661868265016909312.000000 -0.006098482 -0.184661001 0.897244394 0.025380854 -0.096768051 -0.039520416 0.994198143
1661868265058910464.000000 -0.010342412 -0.187456429 0.901019752 0.021743132 -0.099359162 -0.040320668 0.993996620
1661868265100911104.000000 -0.016412186 -0.186946005 0.909134448 0.024353545 -0.106148332 -0.040959246 0.993207812
1661868265142912256.000000 -0.020224767 -0.187439814 0.914162040 0.022235321 -0.111210644 -0.042333145 0.992645860
1661868265187913216.000000 -0.024777412 -0.189237133 0.919720173 0.022042833 -0.115642652 -0.042695943 0.992128015
1661868265229913856.000000 -0.028652001 -0.189462498 0.926407993 0.023276264 -0.121707551 -0.043057837 0.991358459
1661868265274915072.000000 -0.037049774 -0.191605374 0.934653521 0.023908067 -0.127849609 -0.043777805 0.990538478
1661868265322916096.000000 -0.041166119 -0.191284493 0.941639006 0.024766041 -0.134621173 -0.042816158 0.989661872
1661868265361916672.000000 -0.047988549 -0.193756059 0.948416829 0.023543889 -0.139389232 -0.044339426 0.988964319
1661868265403917824.000000 -0.051222701 -0.195256531 0.951139450 0.021750776 -0.140758961 -0.044573393 0.988800824
1661868265445918464.000000 -0.056787685 -0.195702106 0.959115744 0.021197181 -0.146801412 -0.046287250 0.987855017
1661868265484919296.000000 -0.063439623 -0.196765214 0.963217795 0.018943943 -0.148235112 -0.049376782 0.987537086
1661868265526920192.000000 -0.067496277 -0.197404921 0.970981836 0.020619329 -0.155818567 -0.047472965 0.986428797
1661868265565921024.000000 -0.069506846 -0.198472515 0.974213541 0.019418467 -0.158316344 -0.047166534 0.986070096
1661868265619922176.000000 -0.076039992 -0.199498683 0.980601728 0.018927751 -0.162565827 -0.049299553 0.985283554
1661868265664923136.000000 -0.085164078 -0.201913282 0.990293145 0.018553568 -0.168598250 -0.049719132 0.984255314
1661868265706924288.000000 -0.087764002 -0.201865390 0.995606422 0.019156130 -0.173286915 -0.048282836 0.983500659
1661868265748924928.000000 -0.091955855 -0.203165099 1.001162648 0.016925599 -0.177358434 -0.049185682 0.982770741
1661868265790926080.000000 -0.097851448 -0.202629238 1.008665919 0.019677086 -0.181907713 -0.048857078 0.981903970
1661868265829926656.000000 -0.103447057 -0.203676358 1.014448166 0.017405273 -0.185475066 -0.050194550 0.981211782
1661868265874927872.000000 -0.106263682 -0.204685628 1.019669890 0.018779255 -0.189143911 -0.049200110 0.980536222
1661868265916928512.000000 -0.111425631 -0.204451010 1.027512312 0.020329937 -0.193452954 -0.048904933 0.979679048
1661868265955929600.000000 -0.116676927 -0.207502469 1.032885790 0.020120487 -0.197308987 -0.048519336 0.978933215
1661868265997930240.000000 -0.122600287 -0.209185198 1.036926508 0.019042751 -0.198714420 -0.049145747 0.978639185
1661868266036931328.000000 -0.126725107 -0.209583312 1.042621136 0.018366609 -0.201590195 -0.049684525 0.978036582
1661868266081932032.000000 -0.132273197 -0.209810600 1.050642729 0.016566025 -0.204897702 -0.049028799 0.977414370
1661868266123933184.000000 -0.137815326 -0.212596834 1.057746768 0.018679285 -0.209538087 -0.047853295 0.976450145
1661868266162933760.000000 -0.142386064 -0.213689014 1.061489940 0.018707274 -0.211407766 -0.049313836 0.975973845
1661868266204934912.000000 -0.147277504 -0.214539766 1.067214012 0.021220654 -0.213901505 -0.047748692 0.975456774
1661868266246935552.000000 -0.150468901 -0.216571748 1.072009087 0.020370387 -0.216806516 -0.045839544 0.974924982
1661868266288936704.000000 -0.153836489 -0.217269033 1.076619744 0.020858629 -0.218289003 -0.046559561 0.974549651
1661868266330937344.000000 -0.159154713 -0.221328393 1.081802607 0.020240307 -0.219965100 -0.046626274 0.974182606
1661868266369938432.000000 -0.162616491 -0.220557839 1.088577151 0.021691572 -0.222739354 -0.045672752 0.973565996
1661868266408939008.000000 -0.162587523 -0.220436245 1.088683128 0.021714214 -0.222798273 -0.045775145 0.973547220
1661868266450939904.000000 -0.172956780 -0.224318132 1.100381851 0.019601347 -0.225961238 -0.045521032 0.972874701
1661868266492940800.000000 -0.178251237 -0.222530305 1.108932734 0.022815997 -0.228995755 -0.042009979 0.972252905
1661868266540942080.000000 -0.184182316 -0.227021471 1.115424514 0.021987617 -0.229907677 -0.043080896 0.972009838
1661868266588943104.000000 -0.189036459 -0.230022371 1.122164726 0.022174338 -0.231330186 -0.042408191 0.971697628
1661868266633943808.000000 -0.193571776 -0.232081592 1.127553344 0.022150228 -0.232423320 -0.041611191 0.971471727
1661868266675944704.000000 -0.198400617 -0.233434826 1.133759737 0.022167865 -0.232863501 -0.040909614 0.971395731
1661868266729945856.000000 -0.200857416 -0.234669253 1.136044025 0.022789374 -0.232983306 -0.040275939 0.971379042
1661868266768946944.000000 -0.205086276 -0.235930741 1.143595219 0.022301137 -0.234376296 -0.039835081 0.971073449
1661868266813947648.000000 -0.211282760 -0.238749608 1.150480390 0.021818040 -0.234243482 -0.039601941 0.971126020
1661868266852948736.000000 -0.215141207 -0.241209939 1.156071901 0.021640873 -0.234837160 -0.038462892 0.971032381
1661868266894949376.000000 -0.217987075 -0.242847368 1.160564065 0.021504717 -0.235165402 -0.037064679 0.971010327
1661868266939950592.000000 -0.222296685 -0.244597435 1.167505980 0.019646369 -0.235112548 -0.036701221 0.971076310
1661868266978951168.000000 -0.226208076 -0.247843474 1.174468040 0.022003699 -0.234960422 -0.035262983 0.971115887
1661868267020952320.000000 -0.229871720 -0.248880774 1.178712845 0.022103144 -0.234655127 -0.034104813 0.971228778
1661868267065953024.000000 -0.236337736 -0.250933766 1.183318853 0.019958813 -0.231694862 -0.034065455 0.971987069
1661868267110953984.000000 -0.241008133 -0.253941268 1.193945169 0.019553404 -0.231973931 -0.032940313 0.971967459
1661868267149955072.000000 -0.244614244 -0.255620837 1.196349859 0.018385924 -0.229947925 -0.032830104 0.972475290
1661868267194955776.000000 -0.247192413 -0.258013129 1.200236082 0.018084018 -0.228989467 -0.031828307 0.972740352
1661868267236956928.000000 -0.251704723 -0.260659695 1.207114816 0.021316413 -0.227297857 -0.029861091 0.973133922
1661868267278957568.000000 -0.254787385 -0.263391405 1.213233709 0.021949252 -0.226645753 -0.028286323 0.973318994
1661868267317958656.000000 -0.258089513 -0.266091347 1.218110323 0.023035005 -0.225485668 -0.026996195 0.973599970
1661868267359959296.000000 -0.262857556 -0.269779116 1.224810243 0.024123151 -0.222884730 -0.026201217 0.974193990
1661868267398960128.000000 -0.264782220 -0.271022141 1.227599502 0.023848800 -0.221510038 -0.025663264 0.974528611
1661868267440961024.000000 -0.269998491 -0.275123626 1.236388683 0.023443939 -0.218570292 -0.024300467 0.975236893
1661868267485962240.000000 -0.269441783 -0.274803042 1.236690998 0.023712479 -0.219005808 -0.024252597 0.975133896
1661868267527962880.000000 -0.276121467 -0.279516906 1.247411013 0.020828584 -0.214127481 -0.022180373 0.976331770
1661868267569964032.000000 -0.278812855 -0.283498287 1.252074361 0.019435646 -0.211913690 -0.021797437 0.976852000
1661868267611964672.000000 -0.281276017 -0.284634799 1.257749438 0.022249812 -0.209389195 -0.019527713 0.977384210
1661868267650965760.000000 -0.282559931 -0.286696464 1.261879325 0.021481261 -0.208047271 -0.019369906 0.977691054
1661868267686966528.000000 -0.287564635 -0.290125132 1.269289136 0.020207785 -0.203252181 -0.017115742 0.978768229
1661868267728967168.000000 -0.288778871 -0.292409718 1.272998095 0.022311607 -0.201803505 -0.016033377 0.979040623
1661868267770968320.000000 -0.293489873 -0.297072053 1.280676246 0.021680655 -0.196883470 -0.015373489 0.980066597
1661868267818969344.000000 -0.295041949 -0.298272997 1.284313083 0.023374088 -0.194905281 -0.013551679 0.980449915
1661868267860969984.000000 -0.298426956 -0.301227242 1.292485476 0.024022648 -0.191095456 -0.011979844 0.981204331
1661868267902971136.000000 -0.301000446 -0.304633886 1.299743772 0.023268891 -0.187936842 -0.011012588 0.981843710
1661868267950972160.000000 -0.304314762 -0.306651235 1.304190397 0.021263650 -0.183147743 -0.009391341 0.982810557
1661868268001973248.000000 -0.306149244 -0.312048018 1.314504385 0.022046259 -0.177927881 -0.006699423 0.983773768
1661868268043973888.000000 -0.308932394 -0.314784348 1.320189834 0.023261515 -0.174315378 -0.004173637 0.984406233
1661868268091974912.000000 -0.309836388 -0.316314667 1.323702216 0.023416679 -0.172338843 -0.004037171 0.984751105
1661868268133976064.000000 -0.311588526 -0.319456309 1.329579830 0.023993535 -0.168128997 -0.002310978 0.985470235
1661868268175976704.000000 -0.314347237 -0.322655797 1.336796165 0.023483343 -0.163912624 0.000184552 0.986195326
1661868268217977856.000000 -0.316860974 -0.325922638 1.343249798 0.022516778 -0.159710571 -0.000354563 0.986907065
1661868268259978496.000000 -0.318254590 -0.328153014 1.348235846 0.023131184 -0.155645832 0.003164709 0.987537026
1661868268301979648.000000 -0.320434779 -0.331498176 1.356109738 0.022458633 -0.150535673 0.004332348 0.988339961
1661868268340980224.000000 -0.321292996 -0.333554268 1.359653592 0.020550329 -0.148270622 0.005404813 0.988718569
1661868268382981376.000000 -0.321874708 -0.335145772 1.363630533 0.019780809 -0.145949215 0.006693574 0.989071727
1661868268427982080.000000 -0.322532773 -0.338628441 1.371126771 0.018618945 -0.141170308 0.008905795 0.989770174
1661868268472983040.000000 -0.324405253 -0.342030406 1.377465844 0.018487191 -0.135998085 0.010003584 0.990486085
1661868268511983872.000000 -0.325950444 -0.347206295 1.388098955 0.020512246 -0.128177062 0.013905508 0.991441667
1661868268553984768.000000 -0.327387959 -0.348228991 1.392575145 0.020883141 -0.124427147 0.013422177 0.991918147
1661868268598985984.000000 -0.327718228 -0.351138353 1.396835327 0.019616090 -0.121466979 0.015881119 0.992274582
1661868268640986624.000000 -0.328600556 -0.354443401 1.403232455 0.020797713 -0.116936803 0.017199051 0.992772698
1661868268685987584.000000 -0.330281556 -0.356951833 1.408212304 0.020981601 -0.112279661 0.017492505 0.993301094
1661868268727988480.000000 -0.330725491 -0.360969633 1.416525483 0.018788878 -0.106360868 0.020034406 0.993948221
1661868268766989568.000000 -0.332415879 -0.363541126 1.421874762 0.021745836 -0.101253957 0.020809382 0.994405210
1661868268811990272.000000 -0.333231270 -0.366245091 1.430617094 0.023425674 -0.095043398 0.022656798 0.994939566
1661868268853991168.000000 -0.333142430 -0.368460625 1.433529019 0.022627227 -0.093045421 0.023106571 0.995136499
1661868268892992000.000000 -0.334160835 -0.371629059 1.441388369 0.023172103 -0.087701753 0.024953227 0.995564580
1661868268937992960.000000 -0.333246887 -0.374079883 1.447087765 0.022129610 -0.084758587 0.026299998 0.995808482
1661868268979994112.000000 -0.334496796 -0.377137989 1.454504251 0.020096792 -0.079443462 0.027766297 0.996249914
1661868269021994752.000000 -0.333977014 -0.379585028 1.461862206 0.021076864 -0.074942850 0.029001428 0.996543229
1661868269063995904.000000 -0.334954649 -0.381665051 1.467392564 0.021366453 -0.070060425 0.029682761 0.996872127
1661868269105996544.000000 -0.334259957 -0.383886963 1.471969247 0.019257514 -0.068025395 0.031182334 0.997010231
1661868269147997696.000000 -0.334258765 -0.386000574 1.478110671 0.020092044 -0.063244216 0.031467691 0.997299492
1661868269192998400.000000 -0.334038883 -0.389202207 1.485989928 0.019617232 -0.058209378 0.033605009 0.997545779
1661868269234999296.000000 -0.334138781 -0.392953634 1.493574381 0.020565463 -0.051708378 0.034872271 0.997841299
1661868269277000192.000000 -0.333184451 -0.394482225 1.499129057 0.021265658 -0.048924543 0.035667632 0.997938871
1661868269316001280.000000 -0.333044231 -0.396427482 1.504827738 0.021455698 -0.044548873 0.036408283 0.998112977
1661868269361001984.000000 -0.331964046 -0.398232222 1.510883927 0.019575043 -0.041708853 0.037869520 0.998219967
1661868269400003072.000000 -0.330511123 -0.399833798 1.517235637 0.022752302 -0.037760619 0.038743902 0.998276234
1661868269442003712.000000 -0.330426842 -0.400930107 1.519317627 0.022501260 -0.036465235 0.039258901 0.998309970
1661868269484004608.000000 -0.328989178 -0.405925781 1.528400302 0.019160595 -0.030981274 0.040363759 0.998520851
1661868269529005824.000000 -0.329140395 -0.407835394 1.534739375 0.021037169 -0.026845589 0.040136058 0.998612046
1661868269568006400.000000 -0.326636225 -0.410135210 1.542875528 0.021960367 -0.022929851 0.041323170 0.998641253
1661868269607007232.000000 -0.324986219 -0.411285788 1.547701955 0.022736147 -0.020981047 0.041695572 0.998651266
1661868269649008384.000000 -0.323877126 -0.411979198 1.552605271 0.024048029 -0.018667255 0.042112187 0.998649001
1661868269694009344.000000 -0.322605640 -0.417395383 1.560404658 0.022223473 -0.014332900 0.043514669 0.998702765
1661868269736009984.000000 -0.320890754 -0.418914646 1.569710016 0.022974353 -0.009674356 0.044189490 0.998712122
1661868269784011008.000000 -0.320047528 -0.421707988 1.575767756 0.022952950 -0.007194941 0.044189725 0.998733521
1661868269829012224.000000 -0.317886859 -0.424025178 1.581516623 0.023052054 -0.005203799 0.044458717 0.998731673
1661868269877013248.000000 -0.316608787 -0.427454948 1.589649439 0.022814680 -0.002005972 0.044810232 0.998732924
1661868269919013888.000000 -0.315410256 -0.427570671 1.593587160 0.021382693 -0.001013851 0.045842249 0.998719335
1661868269961015040.000000 -0.313841254 -0.430513263 1.601677895 0.022026293 0.002582004 0.045769043 0.998705864
1661868270009015808.000000 -0.311847508 -0.432779253 1.608735442 0.021738974 0.004530945 0.045898419 0.998699307
1661868270051016704.000000 -0.309406251 -0.434684902 1.614480615 0.021978619 0.006371246 0.046629168 0.998650134
1661868270096017920.000000 -0.307517916 -0.435518056 1.622565746 0.023898501 0.008916181 0.046223834 0.998605430
1661868270147019008.000000 -0.306791246 -0.437873662 1.625337839 0.022574786 0.009941367 0.046196498 0.998627782
1661868270186019584.000000 -0.304266602 -0.439469665 1.633493185 0.024737291 0.012399228 0.045410614 0.998585165
1661868270225020416.000000 -0.301187217 -0.443485290 1.641476035 0.023679208 0.013911180 0.045271557 0.998597205
1661868270264021504.000000 -0.298463643 -0.444887191 1.648763895 0.024137584 0.014690160 0.045356903 0.998571157
1661868270300022016.000000 -0.297527999 -0.443925172 1.651772261 0.023662178 0.015426490 0.045991618 0.998542428
1661868270339022848.000000 -0.296484172 -0.445841461 1.655842066 0.022544693 0.015267247 0.045764934 0.998581111
1661868270384023808.000000 -0.293406963 -0.446962267 1.663614392 0.023219481 0.016703857 0.044988010 0.998577952
1661868270423024640.000000 -0.291779250 -0.446048141 1.667479992 0.025043322 0.016681353 0.044334892 0.998563468
1661868270474025728.000000 -0.289308369 -0.449667841 1.674271345 0.025031570 0.017615458 0.043376856 0.998589814
1661868270516026624.000000 -0.285223484 -0.453587234 1.683545232 0.021692529 0.016536864 0.044294480 0.998646080
1661868270558027520.000000 -0.280517787 -0.455403626 1.690802097 0.024043247 0.016267084 0.043112736 0.998648405
1661868270600028416.000000 -0.279556960 -0.455912679 1.695220351 0.025313362 0.016467711 0.042195462 0.998652935
1661868270639029248.000000 -0.276445627 -0.457058281 1.701856136 0.027050629 0.015975110 0.040347680 0.998691678
1661868270681030400.000000 -0.274374962 -0.458584905 1.708190799 0.026259106 0.015460667 0.040484853 0.998715460
1661868270723031040.000000 -0.270941645 -0.460903496 1.715371132 0.025117731 0.013446481 0.039712567 0.998804927
1661868270762032128.000000 -0.270073205 -0.461665422 1.719969869 0.027609780 0.013634989 0.037654340 0.998816311
1661868270807032832.000000 -0.266008198 -0.462755173 1.725823522 0.028255958 0.011268850 0.036903158 0.998855770
1661868270849033728.000000 -0.262949049 -0.464652687 1.734108925 0.028819289 0.010073571 0.035112903 0.998916984
1661868270897035008.000000 -0.259797245 -0.467030853 1.739953756 0.026335750 0.007216520 0.035900518 0.998982310
1661868270939035648.000000 -0.257106125 -0.468020767 1.747590065 0.026720600 0.005448652 0.034623157 0.999028325
1661868270978036736.000000 -0.255338281 -0.470387191 1.749626637 0.026570676 0.004026355 0.033588421 0.999074459
1661868271026037760.000000 -0.250460953 -0.470726401 1.759044886 0.029696619 0.001218315 0.030380372 0.999096453
1661868271071038464.000000 -0.246348411 -0.472695798 1.768568277 0.030622352 -0.002722322 0.027878473 0.999138474
1661868271113039616.000000 -0.244775534 -0.474025100 1.773916125 0.027433826 -0.005212494 0.028043592 0.999216616
1661868271152040192.000000 -0.240413696 -0.476894200 1.781178236 0.028815586 -0.008290599 0.025607262 0.999222338
1661868271194041344.000000 -0.237121940 -0.477697730 1.786275983 0.028264366 -0.012316030 0.024493469 0.999224484
1661868271248042240.000000 -0.236026764 -0.480212659 1.789261818 0.027411114 -0.013087956 0.023139805 0.999270678
1661868271290043392.000000 -0.230082363 -0.481121600 1.800320029 0.030974505 -0.019089367 0.018648235 0.999163866
1661868271335044096.000000 -0.227079868 -0.479764044 1.805574298 0.033178873 -0.022659073 0.017117508 0.999045968
1661868271380045056.000000 -0.225441679 -0.482564181 1.809873700 0.031668730 -0.025091894 0.015636172 0.999061048
1661868271422045952.000000 -0.221847445 -0.487248778 1.818139672 0.030501790 -0.031837586 0.013091020 0.998941779
1661868271467046912.000000 -0.218589321 -0.486292779 1.823877096 0.031593781 -0.035164636 0.011113608 0.998820186
1661868271506048000.000000 -0.215465993 -0.490061969 1.830575824 0.029944995 -0.040014494 0.008733201 0.998712122
1661868271545048832.000000 -0.211565062 -0.491570979 1.837361097 0.030343600 -0.045137506 0.005332447 0.998505652
1661868271587049472.000000 -0.208598852 -0.492183536 1.843597293 0.030277651 -0.050865468 0.003796683 0.998239279
1661868271629050368.000000 -0.204165056 -0.492048651 1.848823071 0.031913854 -0.056807205 0.001740010 0.997873485
1661868271668051200.000000 -0.201620072 -0.492642730 1.851121426 0.032159306 -0.059224274 0.001190427 0.997725904
1661868271713052160.000000 -0.198276594 -0.494063348 1.857664466 0.031820487 -0.065762348 -0.001789024 0.997326255
1661868271758053376.000000 -0.195624635 -0.493749231 1.863549709 0.033293251 -0.071195081 -0.003526964 0.996900439
1661868271803054080.000000 -0.191712424 -0.494847715 1.873273611 0.031151343 -0.080914848 -0.006107900 0.996215463
1661868271845054976.000000 -0.187220424 -0.494855732 1.876024485 0.033531100 -0.085977376 -0.008561647 0.995695889
1661868271887055872.000000 -0.184743240 -0.497558028 1.882595301 0.032124445 -0.092896372 -0.011203300 0.995094359
1661868271929056768.000000 -0.182480127 -0.495344698 1.886881828 0.033348102 -0.097660638 -0.011358208 0.994596124
1661868271971057664.000000 -0.177904546 -0.498237193 1.894154906 0.034597564 -0.106450051 -0.016363773 0.993581235
1661868272010058752.000000 -0.177708417 -0.498277098 1.894232869 0.034605868 -0.106771946 -0.016237045 0.993548572
1661868272052059392.000000 -0.172651231 -0.501993179 1.904322863 0.032948352 -0.119737141 -0.021621397 0.992023170
1661868272094060544.000000 -0.171613514 -0.504289627 1.906797767 0.032141108 -0.123328790 -0.024425065 0.991544485
1661868272136061184.000000 -0.165949196 -0.504863679 1.915308356 0.033737376 -0.134250402 -0.027695986 0.989985645
1661868272181062144.000000 -0.163354695 -0.505787909 1.919737935 0.034388255 -0.139966235 -0.030162781 0.989099205
1661868272223063296.000000 -0.159182340 -0.506897151 1.927352309 0.034475908 -0.149913922 -0.034511685 0.987494886
1661868272265063936.000000 -0.156895146 -0.509702802 1.931298375 0.033027843 -0.156096414 -0.037009232 0.986495554
1661868272307065088.000000 -0.153187484 -0.508590400 1.938864112 0.035696853 -0.165752664 -0.040986065 0.984668434
1661868272352065792.000000 -0.151408195 -0.507013679 1.938626409 0.037840419 -0.167743877 -0.041362688 0.984235406
1661868272391066880.000000 -0.147179708 -0.510302901 1.949370384 0.036189977 -0.180946916 -0.046784963 0.981712639
1661868272427067392.000000 -0.144589826 -0.511342525 1.952195764 0.036050692 -0.188308269 -0.049138959 0.980217218
1661868272469068288.000000 -0.142587036 -0.513555706 1.956764817 0.034774475 -0.194036633 -0.051739618 0.979011536
1661868272508069376.000000 -0.140833244 -0.516179979 1.961418986 0.033607919 -0.201412901 -0.054379769 0.977418125
1661868272550070016.000000 -0.136345237 -0.515897274 1.967879891 0.034910273 -0.213310182 -0.057851061 0.974645197
1661868272592071168.000000 -0.133868784 -0.517489135 1.971758366 0.034645289 -0.219596460 -0.059737209 0.973143637
1661868272631071744.000000 -0.131980911 -0.518021524 1.975484967 0.035388041 -0.226231575 -0.063482352 0.971358299
1661868272673072896.000000 -0.130993038 -0.519714534 1.979829550 0.035346452 -0.233659670 -0.066713870 0.969382823
1661868272715073536.000000 -0.126311913 -0.521706641 1.987285376 0.033348419 -0.247159913 -0.069808587 0.965881288
1661868272757074688.000000 -0.124748006 -0.523088515 1.990683317 0.032066390 -0.254344165 -0.071604475 0.963926196
1661868272796075264.000000 -0.122087061 -0.524178445 1.995854020 0.033741541 -0.263285309 -0.075969197 0.961130142
1661868272838076416.000000 -0.121397957 -0.528215587 2.002444267 0.032066468 -0.273427725 -0.081169538 0.957925141
1661868272880077056.000000 -0.118234769 -0.527299523 2.003696918 0.034071416 -0.279077888 -0.083114997 0.956057847
1661868272922078208.000000 -0.115588471 -0.529873908 2.010707140 0.033784602 -0.292027920 -0.088292971 0.951726139
1661868272964078848.000000 -0.114273801 -0.527544975 2.011685371 0.036217194 -0.294385105 -0.087165207 0.951014161
1661868273006080000.000000 -0.112645954 -0.530865550 2.016285181 0.035293777 -0.304037184 -0.092249431 0.947526157
1661868273045080576.000000 -0.110283539 -0.531301975 2.023574352 0.036433712 -0.316444069 -0.096085072 0.943028867
1661868273087081728.000000 -0.108662337 -0.534045219 2.028259277 0.036209337 -0.325874329 -0.100052714 0.939406335
1661868273129082368.000000 -0.105360091 -0.535570681 2.030286789 0.034911148 -0.331800073 -0.101272650 0.937247992
1661868273171083520.000000 -0.102775678 -0.536949098 2.034560442 0.034965612 -0.342753589 -0.104478769 0.932942510
1661868273213084160.000000 -0.100979835 -0.540612459 2.037976742 0.031772070 -0.350374699 -0.106223658 0.930024028
1661868273255085312.000000 -0.100977689 -0.540643215 2.038038015 0.031483624 -0.350678384 -0.105768755 0.929971218
1661868273297085952.000000 -0.099009544 -0.543918669 2.044653416 0.031968929 -0.365030110 -0.112367667 0.923636556
1661868273342086912.000000 -0.097286552 -0.546772599 2.050656796 0.029358501 -0.379145116 -0.116283029 0.917532206
1661868273387088128.000000 -0.093893468 -0.548397720 2.055702925 0.030227404 -0.389735281 -0.118286021 0.912798524
1661868273429088768.000000 -0.093196005 -0.549875855 2.058956385 0.031635128 -0.400170237 -0.124869809 0.907342613
1661868273471089920.000000 -0.091334403 -0.551094234 2.061193228 0.032482408 -0.405452967 -0.124772221 0.904977798
1661868273516090624.000000 -0.090714157 -0.552155137 2.063516140 0.034004014 -0.414509028 -0.129353315 0.900163174
1661868273558091520.000000 -0.088507652 -0.553452849 2.065849066 0.032850400 -0.420231611 -0.129199550 0.897571027
1661868273606092800.000000 -0.087082446 -0.554385662 2.068701744 0.036656804 -0.435962349 -0.136644453 0.888775289
1661868273651093760.000000 -0.085339606 -0.556247830 2.073717594 0.034328680 -0.442674577 -0.135012954 0.885794699
1661868273693094400.000000 -0.085656285 -0.557349503 2.075535774 0.034957211 -0.449582577 -0.140056789 0.881497443
1661868273735095552.000000 -0.085368812 -0.559658945 2.080289364 0.036471978 -0.460547358 -0.143411875 0.875213683
1661868273777096192.000000 -0.081770539 -0.558732808 2.080115795 0.043325301 -0.467147052 -0.146128565 0.870943785
1661868273822097408.000000 -0.080086887 -0.559178710 2.081879616 0.047309626 -0.475784987 -0.150163129 0.865356266
1661868273864098048.000000 -0.082054794 -0.560559034 2.083604813 0.043857228 -0.478089601 -0.151052788 0.864112258
1661868273909099008.000000 -0.074754894 -0.559108317 2.083772659 0.056416560 -0.491670042 -0.156257242 0.854787409
1661868273957100032.000000 -0.074436605 -0.560065389 2.085128546 0.056551121 -0.497655243 -0.157831043 0.851017416
1661868273999100928.000000 -0.074535608 -0.560283720 2.085458755 0.055285454 -0.502014518 -0.157106504 0.848671079
1661868274041101824.000000 -0.074238777 -0.560986817 2.086359501 0.059203692 -0.509702325 -0.160312966 0.843207121
1661868274092102912.000000 -0.072967172 -0.561057866 2.086191893 0.061996624 -0.513237417 -0.162247613 0.840487659
1661868274131103744.000000 -0.069252253 -0.561298251 2.086097240 0.064983912 -0.522758543 -0.164510936 0.833928525
1661868274173104640.000000 -0.067650080 -0.561180711 2.085807562 0.066137359 -0.528727055 -0.165905803 0.829788506
1661868274215105536.000000 -0.066341043 -0.562607527 2.086869717 0.066467822 -0.534963787 -0.167836130 0.825364649
1661868274260106496.000000 -0.066154122 -0.563039124 2.087386608 0.069156729 -0.539401829 -0.169745371 0.821857393
1661868274299107328.000000 -0.065441251 -0.563624203 2.088206053 0.069551133 -0.544159174 -0.169670999 0.818697333
1661868274341108224.000000 -0.065941095 -0.565132320 2.089639425 0.071955644 -0.552878797 -0.174141794 0.811678588
1661868274386109440.000000 -0.064590454 -0.565362751 2.090076685 0.078297585 -0.559786260 -0.178585589 0.805367053
1661868274428110080.000000 -0.063760042 -0.565101922 2.091333628 0.079173781 -0.561587751 -0.178868517 0.803963184
1661868274476111104.000000 -0.063287139 -0.567063749 2.090172529 0.077829458 -0.570225060 -0.179129779 0.797933936
1661868274521112320.000000 -0.061327577 -0.570595384 2.088318110 0.075642966 -0.575489998 -0.179834321 0.794197202
1661868274566113280.000000 -0.060658932 -0.570385695 2.087488651 0.074989945 -0.579382300 -0.178658605 0.791690528
1661868274605113856.000000 -0.063681006 -0.568289280 2.092121840 0.082545146 -0.587474525 -0.182878301 0.783974230
1661868274656114944.000000 -0.062647700 -0.571600497 2.089922667 0.075048760 -0.589929044 -0.179293096 0.783712626
1661868274701116160.000000 -0.059442639 -0.574725807 2.087745428 0.075088821 -0.596663296 -0.180504814 0.778313935
1661868274743116800.000000 -0.059503078 -0.575103283 2.087975025 0.075081989 -0.600412190 -0.180726454 0.775374711
1661868274785117952.000000 -0.060516238 -0.575965643 2.089274168 0.077072829 -0.606342375 -0.179625317 0.770806968
1661868274827118592.000000 -0.060684443 -0.576187849 2.089121103 0.078826211 -0.610368848 -0.177551925 0.767926872
1661868274869119744.000000 -0.058629870 -0.577851653 2.090757370 0.083300963 -0.618527651 -0.180372044 0.760230601
1661868274911120384.000000 -0.058211446 -0.578994691 2.090858221 0.082213663 -0.622547090 -0.179683387 0.757225215
1661868274953121536.000000 -0.057709694 -0.579742432 2.090788841 0.084873103 -0.626823962 -0.180098221 0.753294706
1661868274989122048.000000 -0.057814479 -0.580871403 2.091241837 0.083330542 -0.630713403 -0.178408116 0.750617921
1661868275031123200.000000 -0.056774378 -0.582127631 2.090658426 0.084874891 -0.631703138 -0.180058241 0.749217212
1661868275070124032.000000 -0.054741859 -0.582467079 2.090076685 0.087222897 -0.637412131 -0.177831471 0.744630158
1661868275109124608.000000 -0.055033088 -0.583622336 2.090677261 0.089469917 -0.639258802 -0.178731650 0.742561996
1661868275151125760.000000 -0.054679990 -0.584683537 2.090593338 0.091015346 -0.642426610 -0.179332882 0.739489079
1661868275193126400.000000 -0.053989410 -0.585078478 2.090931416 0.092940569 -0.644678414 -0.179493442 0.737247527
1661868275238127360.000000 -0.053286791 -0.586494029 2.090482473 0.094566390 -0.647980988 -0.178538352 0.734371781
1661868275280128256.000000 -0.052940249 -0.588082433 2.090752125 0.097303517 -0.652830839 -0.179088980 0.729569137
1661868275322129152.000000 -0.053098321 -0.590476036 2.090511322 0.095837794 -0.655484974 -0.177568302 0.727752745
1661868275364130304.000000 -0.052331328 -0.592199683 2.090786934 0.099640176 -0.660292327 -0.178100735 0.722748935
1661868275403131136.000000 -0.052383423 -0.593343377 2.090842009 0.100908570 -0.661935925 -0.178521216 0.720963657
1661868275451132160.000000 -0.052643776 -0.593791008 2.091003418 0.102496654 -0.664259195 -0.176924795 0.718993604
1661868275493132800.000000 -0.051615477 -0.596406221 2.090990305 0.104758263 -0.668024957 -0.176587209 0.715251923
1661868275538133760.000000 -0.051106215 -0.596841097 2.090417862 0.106453538 -0.669566333 -0.176177666 0.713659585
1661868275580134912.000000 -0.050336361 -0.597604156 2.090061903 0.110791728 -0.672151506 -0.175439730 0.710745096
1661868275622135552.000000 -0.049819946 -0.598804474 2.089328289 0.110315740 -0.674079895 -0.173916429 0.709365904
1661868275670136576.000000 -0.050089836 -0.601940274 2.088787794 0.111451373 -0.675567389 -0.174033552 0.707742691
1661868275706137344.000000 -0.049659014 -0.602453709 2.089045286 0.115720883 -0.678526461 -0.170485944 0.705085218
1661868275745138176.000000 -0.049341679 -0.604875147 2.087645054 0.116143107 -0.678420782 -0.171923399 0.704768300
1661868275784139264.000000 -0.049130201 -0.606216073 2.087323904 0.116557695 -0.679271460 -0.171407238 0.704005897
1661868275829140224.000000 -0.047478437 -0.607927620 2.086061954 0.122352228 -0.680855930 -0.169386059 0.701978266
1661868275874140928.000000 -0.047450304 -0.607948542 2.086109877 0.122243658 -0.681168795 -0.168115318 0.701999187
1661868275916142080.000000 -0.047083378 -0.609997988 2.085099220 0.124288306 -0.682115972 -0.167930052 0.700763762
1661868275958142720.000000 -0.046608925 -0.611375868 2.085291147 0.130773947 -0.684277415 -0.165446520 0.698061645
1661868275997143808.000000 -0.047752857 -0.614543259 2.085166454 0.128532916 -0.685104966 -0.165074259 0.697754323
1661868276039144448.000000 -0.047466755 -0.615513921 2.084628820 0.130037814 -0.685139894 -0.164541364 0.697566926
1661868276081145600.000000 -0.046162128 -0.617780685 2.083731413 0.132729247 -0.685990393 -0.161843419 0.696855009
1661868276123146240.000000 -0.045535803 -0.618757308 2.082478523 0.136205360 -0.684817851 -0.161701441 0.697370291
1661868276168147200.000000 -0.044538260 -0.620759130 2.081564665 0.137833178 -0.685225010 -0.159399584 0.697180390
1661868276210148096.000000 -0.046470881 -0.623667419 2.082250118 0.136781439 -0.687534511 -0.156706795 0.695722818
1661868276249149184.000000 -0.044939041 -0.624953032 2.081540346 0.141376615 -0.686054647 -0.155406371 0.696556211
1661868276291149824.000000 -0.044370890 -0.627564549 2.080830812 0.142207116 -0.685225904 -0.152882189 0.697760463
1661868276333150976.000000 -0.043951750 -0.629358888 2.078569651 0.145995930 -0.684171557 -0.150746763 0.698476851
1661868276378151936.000000 -0.043505907 -0.631603241 2.078201056 0.149357453 -0.684379578 -0.150317669 0.697654366
1661868276417152768.000000 -0.044397354 -0.633178651 2.078264952 0.148345560 -0.684015036 -0.147742078 0.698777020
1661868276459153408.000000 -0.044398546 -0.634973109 2.077716112 0.151483431 -0.683191955 -0.145454451 0.699388742
1661868276501154304.000000 -0.043777466 -0.638188243 2.076202869 0.152109966 -0.681829333 -0.143682286 0.700947106
1661868276546155520.000000 -0.041653395 -0.640108407 2.074609995 0.155498281 -0.679964542 -0.139654666 0.702826560
1661868276588156160.000000 -0.041911602 -0.640241921 2.073940754 0.158520177 -0.679020345 -0.140688047 0.702858150
1661868276630157312.000000 -0.044787645 -0.644553244 2.076281786 0.158569559 -0.682073534 -0.139876202 0.700047255
1661868276675158016.000000 -0.042720318 -0.647963107 2.073475599 0.164755091 -0.678138673 -0.135144904 0.703363061
1661868276717158912.000000 -0.042456150 -0.647646785 2.073326588 0.165616944 -0.678173661 -0.134689346 0.703214288
1661868276759159808.000000 -0.044053555 -0.651702940 2.073391914 0.166224331 -0.677560866 -0.132238150 0.704126298
1661868276804160768.000000 -0.044373274 -0.652799308 2.073760509 0.169983849 -0.677360356 -0.131100386 0.703634322
1661868276846161920.000000 -0.043848276 -0.657246470 2.071522713 0.172428951 -0.673286855 -0.126106098 0.707849085
1661868276885162496.000000 -0.044997215 -0.659148455 2.071528673 0.173914209 -0.672728121 -0.123990774 0.708390415
1661868276924163328.000000 -0.044299364 -0.659592509 2.070975065 0.176898047 -0.672068298 -0.123684250 0.708331525
1661868276963164416.000000 -0.044549465 -0.662554383 2.070218086 0.177015528 -0.669917881 -0.121792987 0.710663080
1661868277002164992.000000 -0.044956684 -0.664221048 2.069945574 0.177595586 -0.668259203 -0.118218444 0.712680757
1661868277044166144.000000 -0.045684814 -0.665869355 2.068874121 0.178646624 -0.666267872 -0.116091959 0.714629412
1661868277086166784.000000 -0.046833992 -0.668187618 2.069910049 0.183036700 -0.665132523 -0.112238377 0.715191483
1661868277128167936.000000 -0.048999667 -0.672380626 2.068218946 0.180253565 -0.661526799 -0.107322380 0.719981194
1661868277170168576.000000 -0.050997138 -0.675209403 2.068335772 0.180113941 -0.658161044 -0.104897588 0.723449767
1661868277215169792.000000 -0.050763369 -0.676871777 2.067454338 0.179785132 -0.657560885 -0.102456532 0.724426448
1661868277260170752.000000 -0.051821828 -0.678887963 2.067590714 0.184175089 -0.655323863 -0.097311094 0.726058424
1661868277308171520.000000 -0.054358125 -0.684718370 2.066088438 0.181857735 -0.649504304 -0.091954730 0.732540965
1661868277347172608.000000 -0.054788470 -0.686118722 2.066042423 0.181442633 -0.647321939 -0.089682646 0.734853685
1661868277389173248.000000 -0.056344748 -0.689619780 2.065670013 0.179948956 -0.644787669 -0.087468266 0.737710357
1661868277431174400.000000 -0.058281183 -0.692574739 2.065539360 0.177975073 -0.641872942 -0.081205778 0.741437554
1661868277470174976.000000 -0.058442473 -0.694661796 2.064661026 0.180896997 -0.639269173 -0.080842778 0.743018031
1661868277512176128.000000 -0.059120178 -0.697112441 2.064417124 0.178881228 -0.635874629 -0.076926313 0.746824920
1661868277554176768.000000 -0.060873151 -0.698866308 2.064093351 0.180982903 -0.633099973 -0.072965972 0.749069810
1661868277596177920.000000 -0.062429428 -0.701433837 2.064044714 0.181086004 -0.629423201 -0.067205630 0.752673745
1661868277641178880.000000 -0.062451005 -0.701802850 2.063863993 0.181475118 -0.629115939 -0.067805909 0.752783060
1661868277686179584.000000 -0.064923048 -0.707220256 2.063035250 0.180224195 -0.620853722 -0.059732314 0.760586619
1661868277728180736.000000 -0.066645861 -0.709852636 2.063395023 0.181639642 -0.618604183 -0.055395469 0.762408853
1661868277770181376.000000 -0.067846537 -0.713294864 2.062771082 0.180271059 -0.614638507 -0.050959624 0.766240835
1661868277812182528.000000 -0.068948269 -0.715860009 2.061789513 0.179935023 -0.609799743 -0.046858918 0.770436168
1661868277851183104.000000 -0.070132971 -0.716619372 2.062387943 0.181907728 -0.607440114 -0.043959375 0.772006333
1661868277893184256.000000 -0.071081281 -0.719388723 2.062147617 0.180499479 -0.603043914 -0.039132480 0.776032627
1661868277932184832.000000 -0.072508097 -0.721513510 2.062100172 0.180090010 -0.598894298 -0.034273144 0.779563069
1661868277971185664.000000 -0.072760224 -0.723951578 2.061814308 0.178778604 -0.597077250 -0.032771137 0.781321347
1661868278013186816.000000 -0.074327707 -0.724760950 2.061191559 0.179336280 -0.592189312 -0.028665438 0.785066009
1661868278055187456.000000 -0.075555325 -0.729202688 2.059996128 0.177982539 -0.585185826 -0.022758354 0.790798187
1661868278100188416.000000 -0.077578783 -0.730692089 2.059990883 0.178804293 -0.578631341 -0.017172754 0.795562685
1661868278145189632.000000 -0.078929186 -0.734072864 2.059520245 0.174091920 -0.574547887 -0.016421430 0.799573064
1661868278187190272.000000 -0.079590321 -0.736592293 2.059129477 0.172690198 -0.570579886 -0.011183543 0.802802384
1661868278229191424.000000 -0.081996322 -0.738403201 2.060602903 0.172872603 -0.566175997 -0.005410102 0.805934608
1661868278271192064.000000 -0.083042026 -0.740683258 2.060218573 0.171183780 -0.560680330 -0.001019450 0.810143650
1661868278310193152.000000 -0.084923744 -0.742886901 2.060440779 0.170756400 -0.556420028 0.002997252 0.813160598
1661868278349193728.000000 -0.085245252 -0.743450344 2.061168194 0.172212496 -0.553827524 0.006137108 0.814604342
1661868278391194880.000000 -0.087058306 -0.746240616 2.060898304 0.169472232 -0.548548818 0.010977481 0.818689764
1661868278427195648.000000 -0.089447618 -0.750538707 2.061243534 0.164058939 -0.540677667 0.016985659 0.824902415
1661868278469196288.000000 -0.090278983 -0.749855578 2.061718702 0.167667851 -0.538407445 0.019298578 0.825610399
1661868278511197440.000000 -0.091425240 -0.751739085 2.061591625 0.165892974 -0.532784283 0.024704123 0.829463840
1661868278550198016.000000 -0.092646599 -0.754139304 2.061359406 0.162910745 -0.527761161 0.025611857 0.833230078
1661868278598199040.000000 -0.095262945 -0.756376743 2.061763287 0.160092428 -0.519162118 0.033213619 0.838890910
1661868278637199872.000000 -0.095516860 -0.757423341 2.062019825 0.158866256 -0.518860996 0.033308361 0.839306533
1661868278676200960.000000 -0.097226679 -0.759217203 2.061801910 0.157844558 -0.511623502 0.038874615 0.843691468
1661868278721201664.000000 -0.098928392 -0.762089610 2.061706066 0.155284658 -0.501647949 0.048066940 0.849662066
1661868278763202560.000000 -0.099664688 -0.763525486 2.062007666 0.155217275 -0.499891251 0.047763810 0.850726128
1661868278805203712.000000 -0.101346910 -0.765439034 2.062889099 0.152418569 -0.493420601 0.054095883 0.854621768
1661868278847204352.000000 -0.102068841 -0.769095302 2.062352180 0.148189813 -0.485834241 0.056604542 0.859535277
1661868278886205184.000000 -0.103332520 -0.771270871 2.061920881 0.146098733 -0.480488569 0.060178570 0.862649739
1661868278925206272.000000 -0.105317354 -0.771938682 2.062533855 0.145699635 -0.472642601 0.066546693 0.866575003
1661868278967206912.000000 -0.106059611 -0.772953153 2.063181639 0.143900737 -0.468276560 0.069262132 0.869029582
1661868279009208064.000000 -0.107737899 -0.774508536 2.063046455 0.142336637 -0.462693959 0.072902471 0.871974647
1661868279048208640.000000 -0.109355986 -0.775500655 2.063908577 0.141064018 -0.456613690 0.077220879 0.875009656
1661868279090209792.000000 -0.111387581 -0.777340055 2.064250469 0.137976989 -0.448313743 0.082568184 0.879294991
1661868279132210432.000000 -0.112900794 -0.778808713 2.065104961 0.135912597 -0.441511929 0.087258108 0.882599056
1661868279177211648.000000 -0.114621878 -0.779806018 2.064967871 0.134373814 -0.434065044 0.091361046 0.886106372
1661868279216212224.000000 -0.115592390 -0.780957818 2.065428019 0.132036626 -0.429679483 0.094597951 0.888252854
1661868279264213248.000000 -0.117408961 -0.782607317 2.066725016 0.128643960 -0.420152426 0.098430820 0.892879725
1661868279309214464.000000 -0.117987931 -0.782956839 2.066679955 0.128161445 -0.417278528 0.099696852 0.894155383
1661868279351215104.000000 -0.119795799 -0.785157919 2.067665339 0.123055361 -0.408167303 0.104564406 0.898511648
1661868279393216256.000000 -0.121337950 -0.786066890 2.068079472 0.122069441 -0.400670946 0.108833037 0.901508331
1661868279435216896.000000 -0.122150987 -0.786861062 2.068585396 0.119403638 -0.395392388 0.111095019 0.903916836
1661868279477217792.000000 -0.123718455 -0.787858486 2.069888592 0.119681515 -0.387768716 0.116148278 0.906543672
1661868279522219008.000000 -0.125057653 -0.789293647 2.070844889 0.115288109 -0.379922330 0.118837193 0.910079896
1661868279570220032.000000 -0.126066178 -0.790170789 2.072454691 0.113572404 -0.375917673 0.121806011 0.911564946
1661868279612220672.000000 -0.127646923 -0.791786194 2.072247028 0.110599585 -0.364977092 0.127692118 0.915562212
1661868279651221504.000000 -0.128890455 -0.792840600 2.072776794 0.107606076 -0.357231438 0.130993813 0.918502748
1661868279687222528.000000 -0.129796818 -0.793415129 2.072769642 0.105232276 -0.352030337 0.134169206 0.920325756
1661868279732223232.000000 -0.130613178 -0.794010997 2.072960615 0.104543045 -0.347031623 0.136057928 0.922023892
1661868279774224384.000000 -0.132026166 -0.795042515 2.073070049 0.102309838 -0.337226152 0.139896423 0.925332546
1661868279816225024.000000 -0.133382574 -0.796507716 2.074117184 0.096714914 -0.329220653 0.142946184 0.928346097
1661868279858226176.000000 -0.134479716 -0.797750652 2.074742079 0.095040269 -0.320984215 0.146317348 0.930874705
1661868279900226816.000000 -0.135499299 -0.797407746 2.076276779 0.094158567 -0.314608544 0.150638774 0.932450354
1661868279945227776.000000 -0.136510134 -0.799013019 2.075692177 0.090982221 -0.308005601 0.152296022 0.934698224
1661868279990228992.000000 -0.137918204 -0.799444318 2.077800512 0.088775903 -0.298290610 0.157182768 0.937248707
1661868280035229696.000000 -0.139630020 -0.799783647 2.080626011 0.085446678 -0.291617304 0.159606591 0.939246476
1661868280077230592.000000 -0.140625209 -0.800186336 2.080810785 0.084176697 -0.285400361 0.161757052 0.940901458
1661868280125231616.000000 -0.141726196 -0.801199973 2.081574202 0.080844186 -0.277537465 0.165568933 0.942880809
1661868280167232512.000000 -0.142520696 -0.801042080 2.083504438 0.079532184 -0.273427576 0.166321293 0.944059968
1661868280209233408.000000 -0.144343376 -0.801622748 2.084925890 0.076357320 -0.263375461 0.170488134 0.946433663
1661868280251234304.000000 -0.145564765 -0.801608086 2.085732460 0.074752189 -0.255591989 0.173789546 0.948093951
1661868280293235200.000000 -0.146341950 -0.801760912 2.088262081 0.071591228 -0.247591779 0.177493080 0.949773252
1661868280338236416.000000 -0.146320462 -0.801598907 2.088901043 0.071374848 -0.245283231 0.179078102 0.950090945
1661868280380237056.000000 -0.148392722 -0.802267909 2.090802908 0.068090849 -0.232876197 0.183045045 0.952694535
1661868280422238208.000000 -0.149189353 -0.804755688 2.092124224 0.061220404 -0.224756539 0.186589569 0.954421818
1661868280464238848.000000 -0.150800228 -0.803564072 2.093239546 0.060108379 -0.217590615 0.187598079 0.955954134
1661868280503239936.000000 -0.150542244 -0.803836703 2.094255209 0.059044551 -0.210321724 0.192194358 0.956733942
1661868280548240640.000000 -0.151427969 -0.804130316 2.094864845 0.057716433 -0.207446173 0.191995099 0.957482517
1661868280590241792.000000 -0.154088497 -0.801139474 2.099041700 0.059342708 -0.196944058 0.195812091 0.958826959
1661868280635242752.000000 -0.153928667 -0.803993225 2.099914789 0.053173602 -0.189983800 0.199193627 0.959896147
1661868280680243456.000000 -0.155102476 -0.802634776 2.101848602 0.052545995 -0.178905711 0.204633892 0.960914493
1661868280722244608.000000 -0.157260612 -0.803655922 2.104498386 0.047144722 -0.170184523 0.204975814 0.962704301
1661868280764245248.000000 -0.158104643 -0.802636564 2.105921507 0.046414405 -0.164031476 0.207852960 0.963190794
1661868280800246272.000000 -0.158387929 -0.806848168 2.106570482 0.037949454 -0.156565949 0.207999200 0.964771092
1661868280851247360.000000 -0.157953531 -0.807026923 2.108151913 0.035381157 -0.148761317 0.213842288 0.964826286
1661868280905248512.000000 -0.159346670 -0.805691302 2.112048626 0.037757389 -0.137747094 0.217278540 0.965603530
1661868280956249600.000000 -0.160610005 -0.806288600 2.115624189 0.033590335 -0.125991419 0.220749661 0.966575086
1661868280998250240.000000 -0.160940930 -0.805950284 2.116335154 0.033284128 -0.124404691 0.221336782 0.966656983
1661868281040251136.000000 -0.161717400 -0.805160761 2.118330240 0.032074980 -0.117810123 0.223954737 0.966921031
1661868281082252032.000000 -0.161516190 -0.806317210 2.120286703 0.027447535 -0.112266302 0.225998536 0.967247486
1661868281124252928.000000 -0.162118301 -0.806415975 2.122925282 0.026811969 -0.101604208 0.230544716 0.967371106
1661868281166254080.000000 -0.162866965 -0.806180954 2.124986649 0.024067231 -0.095486403 0.233079731 0.967459083
1661868281208254720.000000 -0.164532766 -0.805615187 2.128685474 0.023388045 -0.085052624 0.234822944 0.968027532
1661868281253255936.000000 -0.164874554 -0.805432081 2.130912542 0.022437731 -0.080316730 0.236163542 0.968128443
1661868281292256512.000000 -0.165329099 -0.805667758 2.132353067 0.021367820 -0.075089052 0.236546889 0.968478501
1661868281337257728.000000 -0.165032387 -0.806954563 2.134576797 0.017559424 -0.067254424 0.240142792 0.968245864
1661868281379258368.000000 -0.166151255 -0.807058513 2.139060736 0.014896251 -0.054463275 0.242784828 0.968435585
1661868281424259328.000000 -0.166648522 -0.807354033 2.140922070 0.010943406 -0.048843265 0.244178042 0.968437791
1661868281466260480.000000 -0.166617706 -0.807368338 2.142973423 0.010835361 -0.042517625 0.246561632 0.968133390
1661868281511261184.000000 -0.167427406 -0.807565570 2.145039797 0.007781777 -0.034967523 0.248339191 0.968010545
1661868281550262272.000000 -0.167012483 -0.807963192 2.147123337 0.007221222 -0.028932897 0.251161098 0.967485845
1661868281592262912.000000 -0.167008728 -0.808697879 2.149569511 0.004723195 -0.020572467 0.253257066 0.967168748
1661868281631263744.000000 -0.167041987 -0.809014022 2.152395725 0.003681864 -0.013631451 0.255913585 0.966596603
1661868281676264704.000000 -0.166727424 -0.809390485 2.155359268 0.001055009 -0.005356831 0.257591218 0.966238618
1661868281718265856.000000 -0.167009801 -0.810264468 2.157672167 -0.003119941 0.000136234 0.258985877 0.965876102
1661868281763266560.000000 -0.166344881 -0.810761869 2.160891533 -0.005202745 0.009538937 0.261833400 0.965051949
1661868281808267520.000000 -0.166449338 -0.810876787 2.163655996 -0.007929732 0.015937060 0.263012648 0.964628160
1661868281850268672.000000 -0.166749582 -0.809984446 2.166460037 -0.006420298 0.021212578 0.264932305 0.964012325
1661868281892269312.000000 -0.165785670 -0.811593294 2.167137861 -0.008745703 0.025521016 0.266283631 0.963517129
1661868281937270528.000000 -0.164617658 -0.812307239 2.170761108 -0.011837089 0.033908304 0.268518150 0.962604880
1661868281985271552.000000 -0.165960684 -0.812017977 2.175115585 -0.012183663 0.043841872 0.270278990 0.961706161
1661868282024272128.000000 -0.165127933 -0.812242031 2.178498745 -0.016055102 0.052796133 0.272913784 0.960454583
1661868282066273280.000000 -0.165354535 -0.812317491 2.181706905 -0.017541476 0.056667026 0.273490489 0.960043788
1661868282111273984.000000 -0.165371239 -0.812360048 2.184787273 -0.015952485 0.065136977 0.275749594 0.958887339
1661868282159275008.000000 -0.164728969 -0.813141227 2.186777592 -0.017121987 0.068862222 0.276932836 0.958265662
1661868282204275968.000000 -0.164364189 -0.813672423 2.190501451 -0.020844828 0.077205628 0.279416829 0.956833899
1661868282249277184.000000 -0.163250312 -0.814544320 2.193324566 -0.020476939 0.082210906 0.280639857 0.956066608
1661868282288277760.000000 -0.161909059 -0.814859033 2.197061539 -0.019556155 0.091324538 0.283535838 0.954402924
1661868282330278912.000000 -0.161790252 -0.815513074 2.201191187 -0.022069961 0.097017005 0.284843326 0.953396559
1661868282378279680.000000 -0.161352664 -0.815952599 2.203840256 -0.022931578 0.103294611 0.286547422 0.952205360
1661868282417280768.000000 -0.160309732 -0.817088246 2.207270622 -0.024149613 0.107731402 0.287992924 0.951247036
1661868282459281408.000000 -0.158977017 -0.817978263 2.210970879 -0.026486289 0.115061097 0.290747285 0.949486971
1661868282513282816.000000 -0.158437535 -0.819113851 2.214218378 -0.028166886 0.122420438 0.292210549 0.948067963
1661868282555283456.000000 -0.156637907 -0.820230365 2.218821764 -0.032314342 0.126741141 0.293876529 0.946852207
1661868282597284608.000000 -0.155757189 -0.820449233 2.220914602 -0.031050168 0.130769521 0.295123488 0.945958436
1661868282639285248.000000 -0.154427752 -0.821891904 2.225406885 -0.036777012 0.137360394 0.296744823 0.944310427
1661868282681286400.000000 -0.153530300 -0.822296977 2.228015184 -0.035142913 0.144143432 0.299043059 0.942635119
1661868282726287104.000000 -0.152801067 -0.822790384 2.232093096 -0.036180664 0.148565322 0.299224287 0.941851437
1661868282768288256.000000 -0.151948959 -0.822850287 2.234540224 -0.035785679 0.153532311 0.300631046 0.940621257
1661868282813289216.000000 -0.150543630 -0.824628532 2.238314152 -0.040615480 0.158640459 0.302064002 0.939117134
1661868282852289792.000000 -0.150164932 -0.824729443 2.241395712 -0.039236829 0.165655434 0.302803844 0.937725186
1661868282894290688.000000 -0.148793608 -0.825297356 2.245355129 -0.039574996 0.171205655 0.304906666 0.936031163
1661868282939291648.000000 -0.148527116 -0.825250387 2.246763229 -0.039500054 0.174507931 0.306004137 0.935065866
1661868282984292864.000000 -0.147737503 -0.825787127 2.250190735 -0.041033633 0.181029931 0.306675553 0.933538735
1661868283023293440.000000 -0.146475375 -0.827077985 2.254519701 -0.041825537 0.187420100 0.308910877 0.931503356
1661868283068294400.000000 -0.145882279 -0.827297807 2.257328510 -0.041616458 0.193550900 0.310221732 0.929821849
1661868283116295680.000000 -0.144033074 -0.828684807 2.261171818 -0.047233764 0.197630987 0.311229259 0.928357303
1661868283158296320.000000 -0.144028455 -0.827492058 2.265348196 -0.043806612 0.207582757 0.310659617 0.926542521
1661868283203297280.000000 -0.141716152 -0.829521060 2.268585443 -0.044131350 0.210676566 0.314496517 0.924532235
1661868283245298432.000000 -0.140770763 -0.830357909 2.271839142 -0.044888772 0.216745153 0.315243334 0.922837019
1661868283284299008.000000 -0.139746487 -0.831085503 2.274646759 -0.047866829 0.219457835 0.316231012 0.921707690
1661868283329300224.000000 -0.139040142 -0.831169367 2.277577639 -0.045813657 0.224468008 0.317205280 0.920269549
1661868283371300864.000000 -0.138110727 -0.831941605 2.280125618 -0.047098026 0.227639750 0.317941040 0.919171095
1661868283419301888.000000 -0.138421208 -0.831640899 2.280580759 -0.047431264 0.228442937 0.318037122 0.918921351
1661868283461303040.000000 -0.136886746 -0.832707405 2.286589384 -0.044340558 0.240083829 0.319436818 0.915616632
1661868283500303872.000000 -0.134941936 -0.833492100 2.290039778 -0.044748269 0.244111627 0.320781946 0.914060235
1661868283548304896.000000 -0.133707047 -0.834543526 2.292801380 -0.045487482 0.247380927 0.321464986 0.912904084
1661868283590305536.000000 -0.133946121 -0.834365666 2.293070555 -0.045081820 0.247923523 0.320962489 0.912953794
1661868283638306560.000000 -0.130887508 -0.836195469 2.300811291 -0.045583457 0.257202119 0.323554426 0.909440398
1661868283677307648.000000 -0.129738569 -0.836753488 2.304166079 -0.045610692 0.262465715 0.325051636 0.907398939
1661868283725308416.000000 -0.127420783 -0.837915480 2.308752298 -0.045710590 0.267013162 0.325782150 0.905803800
1661868283770309376.000000 -0.126850367 -0.838071227 2.310676575 -0.044848286 0.269732594 0.326053143 0.904943347
1661868283812310528.000000 -0.124498129 -0.839509606 2.314067841 -0.045745097 0.273847520 0.327734351 0.903053224
1661868283857311232.000000 -0.123115778 -0.839975655 2.317471981 -0.046049647 0.277250111 0.328691632 0.901650488
1661868283899312384.000000 -0.120847583 -0.840811372 2.321491718 -0.050049081 0.280407459 0.329618484 0.900121331
1661868283941313024.000000 -0.120707095 -0.840737462 2.321177959 -0.049779937 0.279758275 0.329841316 0.900256693
1661868283989314048.000000 -0.117494762 -0.844172359 2.328657866 -0.047988746 0.290243953 0.332069218 0.896206260
1661868284028315136.000000 -0.116024435 -0.844471812 2.330627203 -0.048349943 0.292123109 0.333005309 0.895228386
1661868284067315712.000000 -0.115178347 -0.845095754 2.332891703 -0.048708439 0.295102894 0.333793074 0.893937349
1661868284109316864.000000 -0.113576531 -0.845665932 2.336162806 -0.049843222 0.298057139 0.334611982 0.892587543
1661868284157317632.000000 -0.110870540 -0.847295105 2.340790987 -0.051989529 0.302163243 0.336681664 0.890303314
1661868284199318528.000000 -0.109472930 -0.848202407 2.344456673 -0.047190979 0.307859540 0.336214662 0.888794303
1661868284247319808.000000 -0.106527925 -0.849449277 2.348739862 -0.048231427 0.312026739 0.337914050 0.886638105
1661868284286320384.000000 -0.105262816 -0.849674106 2.350972652 -0.046585642 0.314536214 0.338494718 0.885617375
1661868284328321536.000000 -0.103653312 -0.851745725 2.355945587 -0.050053462 0.317777932 0.338938206 0.884100020
1661868284379322624.000000 -0.102566063 -0.852080822 2.357778788 -0.049230993 0.319598943 0.339308143 0.883347571
1661868284421323264.000000 -0.099612236 -0.854035318 2.362788916 -0.046404641 0.325313389 0.340057820 0.881123483
1661868284457324032.000000 -0.098564327 -0.854256630 2.364434719 -0.046483379 0.327047318 0.340276092 0.880392849
1661868284496325120.000000 -0.096870601 -0.853851080 2.367735386 -0.045685414 0.328928620 0.339960009 0.879855752
1661868284538325760.000000 -0.094553351 -0.855305076 2.371584415 -0.045294467 0.331914485 0.341075987 0.878321350
1661868284580326912.000000 -0.092860997 -0.855250597 2.374185085 -0.044297475 0.333571106 0.341996670 0.877386093
1661868284622327552.000000 -0.089753568 -0.856737256 2.378051281 -0.044153862 0.336102009 0.343823969 0.875711679
1661868284667328512.000000 -0.089381278 -0.856726289 2.379259109 -0.044069014 0.337178826 0.343959242 0.875248790
1661868284709329664.000000 -0.085428715 -0.858426690 2.384220123 -0.044304051 0.340825200 0.345215589 0.873327911
1661868284763330816.000000 -0.082692623 -0.859720588 2.388198137 -0.042488642 0.344033986 0.346500516 0.871649504
1661868284805331456.000000 -0.080130816 -0.860603988 2.391620398 -0.042492624 0.345334202 0.346976668 0.870945394
1661868284850332416.000000 -0.077950239 -0.861928463 2.394684315 -0.043752078 0.347401112 0.347908676 0.869688332
1661868284895333632.000000 -0.076821506 -0.862578988 2.396541595 -0.041966263 0.349154860 0.349217057 0.868548930
1661868284937334272.000000 -0.075200498 -0.862589478 2.400449276 -0.045136172 0.351097018 0.347954601 0.868113577
1661868284976335360.000000 -0.072505891 -0.864051223 2.404694080 -0.043982167 0.354440421 0.349885046 0.866035819
1661868285021336064.000000 -0.070899606 -0.864831626 2.406150579 -0.045487329 0.354732007 0.349777430 0.865882158
1661868285066337024.000000 -0.068745017 -0.865259171 2.409552097 -0.043434083 0.357117325 0.350263953 0.864809752
1661868285105337856.000000 -0.066130161 -0.866137981 2.411084652 -0.041831452 0.358312786 0.350937337 0.864120960
1661868285156338944.000000 -0.063927174 -0.866405725 2.412698984 -0.041762367 0.359124988 0.352078974 0.863322437
1661868285201339904.000000 -0.062797308 -0.866696775 2.414906740 -0.041721769 0.360773385 0.351528972 0.862861097
1661868285243341056.000000 -0.060230970 -0.867550790 2.417838097 -0.039427619 0.362906456 0.352802277 0.861553788
1661868285294342144.000000 -0.058768868 -0.868234873 2.420274258 -0.039701510 0.363814056 0.352405459 0.861320794
1661868285336342784.000000 -0.057664156 -0.868990362 2.424424410 -0.037809573 0.367327541 0.349440962 0.861122489
1661868285378343936.000000 -0.054704785 -0.870128751 2.426320553 -0.041865900 0.367331058 0.352727473 0.859592021
1661868285420344576.000000 -0.052807808 -0.871149302 2.428915977 -0.039375249 0.369678289 0.352252334 0.858898103
1661868285459345664.000000 -0.051236033 -0.871742845 2.431147575 -0.041169357 0.370421946 0.352983892 0.858192921
1661868285501346304.000000 -0.049382448 -0.872492850 2.433577299 -0.039279867 0.372095734 0.351755321 0.858061850
1661868285543347456.000000 -0.049532294 -0.873161733 2.433801651 -0.038781367 0.372836202 0.350653470 0.858214080
1661868285585348096.000000 -0.045162559 -0.874106526 2.438073397 -0.037882939 0.373886406 0.350899428 0.857696652
1661868285624349184.000000 -0.045135260 -0.874221087 2.438067913 -0.038142748 0.373754084 0.351116091 0.857654154
1661868285666349824.000000 -0.042636156 -0.874368310 2.440721512 -0.038113009 0.374196559 0.351393759 0.857348680
1661868285711351040.000000 -0.039436698 -0.874739170 2.443633080 -0.036863491 0.374469817 0.351542324 0.857223094
1661868285753351680.000000 -0.037765741 -0.875989199 2.445953846 -0.036342576 0.376011610 0.350781798 0.856881976
1661868285795352576.000000 -0.037768960 -0.875870764 2.445785046 -0.036137603 0.375750363 0.351051927 0.856894612
1661868285834353408.000000 -0.034393430 -0.877857387 2.448751688 -0.036440007 0.376532763 0.350814164 0.856635630
1661868285885354496.000000 -0.031585932 -0.879129767 2.451478958 -0.035706293 0.377873927 0.350565821 0.856177568
1661868285927355648.000000 -0.029521346 -0.877795577 2.454086065 -0.033915155 0.377185315 0.350234836 0.856689274
1661868285969356288.000000 -0.027249932 -0.878971934 2.455614090 -0.034831129 0.377398193 0.350610882 0.856404901
1661868286011357184.000000 -0.025078535 -0.879199743 2.457510948 -0.034297243 0.377098322 0.350933671 0.856426358
1661868286050358016.000000 -0.023047924 -0.879307687 2.459570885 -0.032762073 0.377955019 0.349078834 0.856866777
1661868286089359104.000000 -0.020320058 -0.879635572 2.461935759 -0.032829084 0.376763403 0.349817127 0.857087910
1661868286131359744.000000 -0.017485261 -0.879746795 2.463384151 -0.033585507 0.375267565 0.351536334 0.857011437
1661868286176360960.000000 -0.016718030 -0.879660845 2.465471745 -0.034126479 0.375331998 0.350033462 0.857576728
1661868286221361920.000000 -0.015107512 -0.879361033 2.467613935 -0.033624008 0.375378609 0.349007696 0.857994199
1661868286263362560.000000 -0.012311459 -0.881094635 2.468380928 -0.033613905 0.374979794 0.349761367 0.857861996
1661868286314363648.000000 -0.009140372 -0.881558180 2.471180916 -0.031625438 0.374398559 0.346750647 0.859412313
1661868286353364480.000000 -0.007102489 -0.881014347 2.472543240 -0.030412080 0.374176741 0.348751873 0.858742714
1661868286398365440.000000 -0.005017281 -0.882275105 2.473873377 -0.032067679 0.373340368 0.348445207 0.859170854
1661868286440366592.000000 -0.004817009 -0.881664038 2.473886013 -0.031077407 0.373181552 0.348834604 0.859118223
1661868286482367232.000000 -0.000092387 -0.882333577 2.477309465 -0.032389075 0.370463580 0.348719358 0.860292077
1661868286524368384.000000 0.002169251 -0.882027864 2.479599237 -0.029971262 0.370253861 0.347512782 0.860957980
1661868286560368896.000000 0.003129005 -0.882167101 2.480843306 -0.029020686 0.370911151 0.345474958 0.861527562
1661868286602369792.000000 0.005892038 -0.883014143 2.481664658 -0.029470986 0.369568408 0.346254408 0.861776471
1661868286644370688.000000 0.008391857 -0.883156598 2.484184980 -0.031003654 0.367308110 0.345885217 0.862836599
1661868286686371840.000000 0.010029554 -0.883234382 2.485678434 -0.031106193 0.367133558 0.344783455 0.863348007
1661868286728372480.000000 0.012307286 -0.883548081 2.486703396 -0.029996233 0.365764618 0.343415648 0.864512682
1661868286770373632.000000 0.014324665 -0.883823752 2.487957001 -0.029529331 0.364862591 0.342867345 0.865127385
1661868286821374720.000000 0.016026258 -0.884533286 2.489005327 -0.029646177 0.364258945 0.342324704 0.865592480
1661868286863375360.000000 0.018707573 -0.884514093 2.490740299 -0.029290263 0.362431347 0.341362685 0.866750896
1661868286908376576.000000 0.020613611 -0.883724332 2.492542982 -0.027971866 0.361400038 0.340659410 0.867501438
1661868286950377216.000000 0.024397969 -0.883359551 2.494398355 -0.027465830 0.358185410 0.340534687 0.868898749
1661868286992378112.000000 0.025476098 -0.883792281 2.496164799 -0.027227005 0.358609885 0.338398278 0.869565606
1661868287037379328.000000 0.025817633 -0.884193838 2.496428728 -0.027383378 0.358616173 0.337937623 0.869737267
1661868287079379968.000000 0.028935134 -0.883246899 2.498888969 -0.028214561 0.354928046 0.338867456 0.870861053
1661868287127380992.000000 0.031676948 -0.884102702 2.499740362 -0.028806059 0.353751063 0.337444931 0.871872306
1661868287169382144.000000 0.033774972 -0.882484913 2.502201319 -0.025749227 0.351557046 0.335359365 0.873658240
1661868287208382720.000000 0.033693135 -0.882437110 2.502206326 -0.025718268 0.351553380 0.335162461 0.873736203
1661868287253383936.000000 0.036864638 -0.882782519 2.504525900 -0.025700267 0.349259853 0.333242327 0.875389397
1661868287298384640.000000 0.039145172 -0.883085549 2.505776882 -0.025950160 0.347103029 0.331386238 0.876943111
1661868287340385792.000000 0.040753722 -0.882801473 2.506708860 -0.026027584 0.345446110 0.331515551 0.877546072
1661868287382386432.000000 0.040912151 -0.882936418 2.506664753 -0.026158039 0.345394164 0.331429154 0.877595246
1661868287424387328.000000 0.045137584 -0.881523490 2.508473396 -0.027001776 0.339368075 0.331825584 0.879768133
1661868287466388224.000000 0.047312975 -0.881645799 2.509418488 -0.028319297 0.336921006 0.332672089 0.880347431
1661868287508389120.000000 0.048217356 -0.881799221 2.510494232 -0.027455626 0.336445272 0.330601484 0.881336212
1661868287550390016.000000 0.050749004 -0.880344987 2.512196779 -0.025691787 0.334218502 0.328245461 0.883115411
1661868287592390912.000000 0.054231346 -0.880473018 2.513982773 -0.026531229 0.330994964 0.328129470 0.884346902
1661868287634392064.000000 0.055644631 -0.879991651 2.514792681 -0.025719522 0.328737497 0.324755639 0.886455834
1661868287676392704.000000 0.056900978 -0.879577518 2.515799522 -0.025198707 0.327423424 0.323607177 0.887376726
1661868287718393856.000000 0.059146106 -0.879554987 2.516919136 -0.025557298 0.324529350 0.321848840 0.889067471
1661868287760394496.000000 0.059882104 -0.878627241 2.517407656 -0.023709776 0.323588997 0.320530802 0.889937162
1661868287805395712.000000 0.063139319 -0.878826141 2.519089222 -0.025961593 0.319783926 0.320124269 0.891394854
1661868287847396352.000000 0.064616442 -0.877971947 2.520217657 -0.025790012 0.317394882 0.319676578 0.892413735
1661868287895397376.000000 0.067069709 -0.877546549 2.521640062 -0.025902983 0.313901842 0.317332625 0.894480169
1661868287937398528.000000 0.068384469 -0.877052903 2.522704601 -0.025370400 0.312252581 0.316491574 0.895370185
1661868287976399104.000000 0.068981469 -0.876630008 2.523131371 -0.025052596 0.311417669 0.315135866 0.896147788
1661868288015399936.000000 0.071145177 -0.876622319 2.524066925 -0.026137354 0.307894796 0.314171642 0.897671342
1661868288063400960.000000 0.073219240 -0.874884844 2.525737286 -0.026101148 0.304180264 0.313437104 0.899194241
1661868288105402112.000000 0.075846672 -0.874877512 2.527137995 -0.028429125 0.299124062 0.313406348 0.900829077
1661868288147402752.000000 0.076015830 -0.874961257 2.527189016 -0.028767005 0.298947364 0.313444853 0.900863647
1661868288189403648.000000 0.079378307 -0.873968959 2.528253317 -0.026556360 0.294666201 0.309873343 0.903573513
1661868288231404544.000000 0.079697251 -0.873453498 2.529407263 -0.025302378 0.293945253 0.307928920 0.904508591
1661868288273405440.000000 0.080674410 -0.872509241 2.531030416 -0.024768794 0.291599363 0.306650758 0.905716121
1661868288315406336.000000 0.083479106 -0.871482134 2.532115221 -0.024715267 0.287994683 0.305650622 0.907207787
1661868288354407424.000000 0.085314035 -0.870380938 2.533980370 -0.025714412 0.284224659 0.305434048 0.908441126
1661868288396408064.000000 0.087435365 -0.870331049 2.534586668 -0.026068961 0.281008899 0.302984089 0.910250008
1661868288438409216.000000 0.088979095 -0.869212985 2.536072969 -0.025889440 0.277710706 0.301471233 0.911768436
1661868288483410176.000000 0.089773536 -0.868862629 2.536316395 -0.026218727 0.276575804 0.301685452 0.912033141
1661868288525410816.000000 0.092663676 -0.867531657 2.538390875 -0.025155237 0.271325558 0.299282104 0.914428771
1661868288570412032.000000 0.092646837 -0.867290974 2.538509846 -0.024868736 0.271265835 0.299075097 0.914521992
1661868288606412544.000000 0.095179409 -0.865975976 2.540201426 -0.024983531 0.265947014 0.296790719 0.916822433
1661868288648413696.000000 0.096599847 -0.864807665 2.541511059 -0.025456345 0.262273490 0.295796275 0.918187976
1661868288690414336.000000 0.098156691 -0.864122987 2.543033600 -0.024849776 0.259577721 0.293992877 0.919548929
1661868288732415488.000000 0.099622458 -0.863966584 2.544202805 -0.025660923 0.256670564 0.291564435 0.921114504
1661868288774416128.000000 0.101775229 -0.862457275 2.544911146 -0.023874808 0.253104120 0.290805340 0.922388494
1661868288816417280.000000 0.102855623 -0.861198664 2.546196461 -0.024252929 0.250146359 0.289853066 0.923484683
1661868288858417920.000000 0.103830308 -0.860872507 2.547166348 -0.024852425 0.247635409 0.288739622 0.924493670
1661868288900419072.000000 0.105171472 -0.860195935 2.547984123 -0.023999508 0.245470718 0.287879616 0.925361276
1661868288951420160.000000 0.107064843 -0.858931065 2.549327135 -0.023652920 0.241709799 0.287054181 0.926615834
1661868288993420800.000000 0.107626915 -0.858047247 2.550659180 -0.023026014 0.239999861 0.285861939 0.927444279
1661868289041421824.000000 0.109677315 -0.856877625 2.552252531 -0.024204807 0.234596848 0.284921974 0.929084480
1661868289083422976.000000 0.112199962 -0.855604231 2.554036140 -0.023880737 0.229594558 0.282316864 0.931135476
1661868289128423680.000000 0.113478810 -0.854740381 2.555136681 -0.023364851 0.226840198 0.281746954 0.931995928
1661868289170424576.000000 0.114774898 -0.853850007 2.556644440 -0.024462529 0.222680777 0.279963106 0.933507144
1661868289212425472.000000 0.116237849 -0.853802383 2.557266712 -0.024900597 0.220282361 0.280569434 0.933882475
1661868289257426432.000000 0.118299052 -0.852361321 2.559635162 -0.025098259 0.215313584 0.278055131 0.935786009
1661868289296427264.000000 0.118328735 -0.851780355 2.560699940 -0.023925927 0.214056835 0.275452405 0.936874211
1661868289338428160.000000 0.119903356 -0.850912929 2.561749458 -0.024358742 0.210280254 0.275283873 0.937767446
1661868289380429312.000000 0.121029601 -0.849976957 2.562511683 -0.023922235 0.208156422 0.275020570 0.938329518
1661868289428430080.000000 0.121989414 -0.848699749 2.565060854 -0.024563020 0.203735456 0.271930754 0.940182030
1661868289476431104.000000 0.123265803 -0.847752810 2.565931559 -0.024792923 0.200690672 0.272653013 0.940621555
1661868289518432256.000000 0.124930769 -0.846909344 2.567516088 -0.023970786 0.197380170 0.270456761 0.941976488
1661868289560432896.000000 0.126541406 -0.845851123 2.569166660 -0.023502244 0.192668691 0.268446982 0.943537295
1661868289602433792.000000 0.127628356 -0.844237328 2.571134567 -0.022244602 0.189879760 0.268150508 0.944217265
1661868289641434624.000000 0.128355384 -0.844015181 2.570960283 -0.021966493 0.188248515 0.268301219 0.944507480
1661868289683435776.000000 0.128937900 -0.843147576 2.572868109 -0.020950105 0.186167404 0.266150653 0.945551038
1661868289725436416.000000 0.130738050 -0.841878891 2.574928284 -0.021023566 0.181763053 0.264564574 0.946850479
1661868289767437568.000000 0.130925059 -0.841372013 2.575985432 -0.021043960 0.180773258 0.263866097 0.947234333
1661868289809438208.000000 0.132927641 -0.839594126 2.578666210 -0.022543229 0.174615666 0.263221264 0.948533535
1661868289851439360.000000 0.133420557 -0.839418173 2.578969479 -0.022198996 0.173674673 0.262635678 0.948876619
1661868289890439936.000000 0.134584934 -0.838215828 2.580894232 -0.022095637 0.169648692 0.262167007 0.949736655
1661868289935440896.000000 0.134844542 -0.838091016 2.581528902 -0.022642521 0.168037251 0.260967016 0.950340509
1661868289983442176.000000 0.136981502 -0.836360931 2.584746599 -0.020441739 0.163196921 0.259184659 0.951720715
1661868290025442816.000000 0.138321728 -0.835088611 2.587210655 -0.020079616 0.159084886 0.257573307 0.952861369
1661868290067443968.000000 0.138591826 -0.834298730 2.589040995 -0.020300813 0.157878667 0.257136375 0.953175366
1661868290115444992.000000 0.140194491 -0.832918763 2.590680838 -0.018652102 0.153749943 0.255984873 0.954193294
1661868290154445568.000000 0.141537279 -0.832227111 2.592338562 -0.018439887 0.150264472 0.255407721 0.954907060
1661868290199446784.000000 0.141609415 -0.831452012 2.593466997 -0.017914232 0.149190858 0.254129142 0.955426395
1661868290244447744.000000 0.144150898 -0.830116570 2.596694469 -0.017720563 0.143571869 0.252241552 0.956790149
1661868290289448448.000000 0.144484401 -0.828866303 2.599098444 -0.017000470 0.141063705 0.251903623 0.957265198
1661868290328449536.000000 0.144430563 -0.828722000 2.601386309 -0.017057242 0.139566079 0.249911875 0.958005488
1661868290364450304.000000 0.145224512 -0.827745914 2.602543116 -0.015597248 0.137199432 0.249576509 0.958459496
1661868290412451328.000000 0.146403521 -0.827293098 2.604597807 -0.016067324 0.134378955 0.248870417 0.959034741
1661868290454451968.000000 0.146745816 -0.826877594 2.606608391 -0.019822935 0.131475762 0.248602599 0.959436238
1661868290496453120.000000 0.148378730 -0.824957252 2.609967709 -0.017711498 0.126940548 0.247416347 0.960394502
1661868290535453696.000000 0.148576692 -0.824915290 2.610237598 -0.017367506 0.126911089 0.247720510 0.960326314
1661868290580454912.000000 0.148463070 -0.824972868 2.610004902 -0.017383356 0.127119198 0.247617662 0.960325003
1661868290622455552.000000 0.150997385 -0.823900223 2.614494801 -0.015842324 0.121316187 0.245841235 0.961557865
1661868290664456704.000000 0.151480854 -0.823040247 2.617501974 -0.016966708 0.118004225 0.244468331 0.962300599
1661868290706457344.000000 0.149855137 -0.822329044 2.620502234 -0.015244283 0.117717646 0.242313296 0.962909400
1661868290754458368.000000 0.153098464 -0.821474612 2.622752190 -0.014506590 0.112675555 0.242692322 0.963428378
1661868290802459392.000000 0.154464856 -0.818853140 2.626139402 -0.011186520 0.109623052 0.242540702 0.963862956
1661868290841460224.000000 0.154534861 -0.818902135 2.626598358 -0.011624715 0.109238312 0.242080957 0.964016974
1661868290883461120.000000 0.154712036 -0.819261432 2.630454063 -0.013589924 0.106210060 0.240682572 0.964679539
1661868290925462016.000000 0.154210627 -0.820263505 2.634106159 -0.013314553 0.105422065 0.238844514 0.965226531
1661868290967462912.000000 0.155844465 -0.818483591 2.634495735 -0.010681282 0.103053443 0.239044160 0.965465605
1661868291015464192.000000 0.156412959 -0.817553639 2.636445761 -0.009756439 0.101750806 0.239221036 0.965569794
1661868291060465152.000000 0.157174617 -0.817192852 2.640233040 -0.013508905 0.097524598 0.238370925 0.966170669
1661868291102465792.000000 0.157558158 -0.816474319 2.643251419 -0.009964834 0.096325867 0.236152485 0.966878533
1661868291144466944.000000 0.158500120 -0.815980971 2.646804810 -0.010381629 0.093683682 0.236343533 0.967087090
1661868291186467584.000000 0.159499496 -0.814980626 2.648173094 -0.007950380 0.092203684 0.236155540 0.967298269
1661868291231468800.000000 0.160400212 -0.814575553 2.650727510 -0.007721587 0.089648470 0.235782549 0.967631280
1661868291270469376.000000 0.160274476 -0.814050615 2.652873755 -0.006847777 0.089571029 0.235697553 0.967665672
1661868291312470528.000000 0.161751568 -0.814171910 2.655976057 -0.006913077 0.086106569 0.234462813 0.968279421
1661868291354471168.000000 0.161668822 -0.814181745 2.659037113 -0.006042268 0.085781828 0.233864754 0.968458712
1661868291396472320.000000 0.161675662 -0.814072371 2.659093618 -0.006220200 0.085506320 0.233747005 0.968510389
1661868291438472960.000000 0.162814736 -0.813630402 2.665062428 -0.005461165 0.081981413 0.232807353 0.969045937
1661868291483473920.000000 0.163393617 -0.812979996 2.666237116 -0.005290519 0.080330707 0.233110070 0.969112396
1661868291525475072.000000 0.163468674 -0.812367439 2.670855284 -0.008329174 0.078629710 0.231995776 0.969497800
1661868291567475712.000000 0.163976759 -0.812193453 2.671487331 -0.008668747 0.077357993 0.232270747 0.969531357
1661868291609476864.000000 0.164204568 -0.811820865 2.676998615 -0.005246547 0.076274186 0.232132167 0.969674885
1661868291648477440.000000 0.165070266 -0.810841858 2.679702044 -0.003288724 0.074189246 0.232439458 0.969771683
1661868291690478336.000000 0.165088356 -0.811306834 2.683114767 -0.005008785 0.073432401 0.231731236 0.969991386
1661868291732479232.000000 0.165138364 -0.810732126 2.686825991 -0.005553755 0.072819203 0.231702507 0.970041513
1661868291771480064.000000 0.166473567 -0.810477614 2.689395666 -0.001371864 0.070866518 0.231429294 0.970266223
1661868291813481216.000000 0.166485429 -0.810873806 2.692415714 -0.001473402 0.070783876 0.231074467 0.970356643
1661868291855481856.000000 0.166810110 -0.811088383 2.695059776 0.000113699 0.070421875 0.231118366 0.970373750
1661868291900482816.000000 0.166980863 -0.809924245 2.698872089 0.001804015 0.069332272 0.230812788 0.970523238
1661868291942483968.000000 0.167506903 -0.808779478 2.701739073 0.002883944 0.067838676 0.230541423 0.970690668
1661868291984484608.000000 0.167976677 -0.809160709 2.702382803 0.002767374 0.067393139 0.231314003 0.970538199
1661868292026485760.000000 0.168063551 -0.809563398 2.707393646 0.004032912 0.067087300 0.231146440 0.970594883
1661868292071486464.000000 0.167698383 -0.808598042 2.710633993 0.002108309 0.066786855 0.231161892 0.970617950
1661868292113487360.000000 0.167452723 -0.808954597 2.713381052 0.004268143 0.067527652 0.231249020 0.970538914
1661868292152488192.000000 0.168281138 -0.808692694 2.717063427 0.005432631 0.066159010 0.231856197 0.970482469
1661868292194489344.000000 0.168379366 -0.808145463 2.721069098 0.007359270 0.065503418 0.231995806 0.970480919
1661868292233489920.000000 0.168352038 -0.808250427 2.723276854 0.004624498 0.065482274 0.230798393 0.970784664
1661868292281490944.000000 0.168452561 -0.808537483 2.728083611 0.006417813 0.066106878 0.231747746 0.970505953
1661868292320491776.000000 0.168111533 -0.808298588 2.731782675 0.007256180 0.066264383 0.232265547 0.970365465
1661868292359492864.000000 0.168061286 -0.808365345 2.734040260 0.008288030 0.066382200 0.231111318 0.970624745
1661868292401493504.000000 0.168293446 -0.808198333 2.734179497 0.008603498 0.066131279 0.231904998 0.970449746
1661868292443494656.000000 0.168091059 -0.808860421 2.741659164 0.009062573 0.067242861 0.232797354 0.970155537
1661868292485495296.000000 0.169167697 -0.808687866 2.741829872 0.008386318 0.065639295 0.232958943 0.970232606
1661868292530496256.000000 0.169054836 -0.807539582 2.748358250 0.006910407 0.064489439 0.232836366 0.970350742
1661868292572497408.000000 0.168622971 -0.808403254 2.752105713 0.005614050 0.065151125 0.231761456 0.970572233
1661868292614498048.000000 0.169578612 -0.807911992 2.754338026 0.011077901 0.064897031 0.233094841 0.970222890
1661868292656499200.000000 0.169062227 -0.808296144 2.757565737 0.011718067 0.066427656 0.233043402 0.970124125
1661868292698499840.000000 0.169175491 -0.808588862 2.763126135 0.014805187 0.067123674 0.233830139 0.969844699
1661868292743501056.000000 0.168992013 -0.808955848 2.763689280 0.014618123 0.067979068 0.233554304 0.969854414
1661868292785501696.000000 0.168646604 -0.809367657 2.769680262 0.015897943 0.068556190 0.233894482 0.969711721
1661868292821502720.000000 0.169007972 -0.809077501 2.772155285 0.014155271 0.068360016 0.233792275 0.969777167
1661868292869503488.000000 0.168561950 -0.808850229 2.773521185 0.014345827 0.069263175 0.234065264 0.969644427
1661868292911504384.000000 0.167928457 -0.808607101 2.780369520 0.018619943 0.072089307 0.234875292 0.969169796
1661868292959505664.000000 0.168273687 -0.809175611 2.784016132 0.019951196 0.072489120 0.236561805 0.968703151
1661868293001506304.000000 0.168259501 -0.809706390 2.787887812 0.021238387 0.073352456 0.237175032 0.968460858
1661868293043507456.000000 0.168281183 -0.809750557 2.790180206 0.019717310 0.074017987 0.237052172 0.968472481
1661868293085508096.000000 0.168091148 -0.810145736 2.794000864 0.021409336 0.075166598 0.237490430 0.968240619
1661868293130509056.000000 0.168167919 -0.810556054 2.797701836 0.022464404 0.076197155 0.238577873 0.967868745
1661868293175510272.000000 0.167729676 -0.810636520 2.800765276 0.020782879 0.077216581 0.238177866 0.967924058
1661868293217510912.000000 0.167272985 -0.811692417 2.804432631 0.019190384 0.079483524 0.238046363 0.967805862
1661868293265511936.000000 0.167115033 -0.811903000 2.810292482 0.022557670 0.081193112 0.239988059 0.967111468
1661868293313512960.000000 0.166586637 -0.811664820 2.813266516 0.021110268 0.082037456 0.239687070 0.967147529
1661868293352513792.000000 0.166459382 -0.811764419 2.817209482 0.022745706 0.083045088 0.240561172 0.966807425
1661868293391514880.000000 0.166430131 -0.812758505 2.819551468 0.023872180 0.084880754 0.241082266 0.966490924
1661868293430515456.000000 0.166733265 -0.813209832 2.824052095 0.025833398 0.086072363 0.242464498 0.965989232
1661868293472516608.000000 0.166188583 -0.813458443 2.825836182 0.025991354 0.087417528 0.242887661 0.965757847
1661868293520517632.000000 0.166417927 -0.813964128 2.831502676 0.028010756 0.088916667 0.244365335 0.965191603
1661868293562518272.000000 0.165737376 -0.814993203 2.836531162 0.028533157 0.091793440 0.245086581 0.964724064
1661868293601519104.000000 0.166299507 -0.815556705 2.837362051 0.028783994 0.091985263 0.244546190 0.964835405
1661868293643520000.000000 0.165992647 -0.815627575 2.842656136 0.029041834 0.093488626 0.245916411 0.964334786
1661868293685520896.000000 0.165294930 -0.815749645 2.845614910 0.027128430 0.095572039 0.245888636 0.964193404
1661868293730521856.000000 0.165305078 -0.815752506 2.849195004 0.029949943 0.096144363 0.247818559 0.963558614
1661868293772523008.000000 0.165166453 -0.817096293 2.852840424 0.030097602 0.098881871 0.248162925 0.963188291
1661868293811523584.000000 0.165066987 -0.817223549 2.852900743 0.030076252 0.099116787 0.248339057 0.963119388
1661868293853524736.000000 0.164662838 -0.818115890 2.858299255 0.028458774 0.102341250 0.248641685 0.962753177
1661868293898525440.000000 0.164162263 -0.818704844 2.863966465 0.027792068 0.104028344 0.248719171 0.962571800
1661868293940526592.000000 0.163945258 -0.818446994 2.864098310 0.028327843 0.104313843 0.248955071 0.962464333
1661868293985527552.000000 0.164845288 -0.819984257 2.868722439 0.030521652 0.105576850 0.251511991 0.961594403
1661868294027528192.000000 0.162577122 -0.820029020 2.873467684 0.033947214 0.111750200 0.253753066 0.960192144
1661868294069529344.000000 0.161669567 -0.820529699 2.876830101 0.034200493 0.114988454 0.254466206 0.959611952
1661868294111529984.000000 0.161315277 -0.821018875 2.880360365 0.034082241 0.117129944 0.254862905 0.959251761
1661868294162531072.000000 0.160403460 -0.820902467 2.883585930 0.036338847 0.120086297 0.257438272 0.958114982
1661868294204532224.000000 0.160192013 -0.821629465 2.886898041 0.032556161 0.122358955 0.256720096 0.958156168
1661868294246532864.000000 0.159441173 -0.821584880 2.891354084 0.034332760 0.125304222 0.258333296 0.957279503
1661868294285533952.000000 0.159330353 -0.822755277 2.894242048 0.035042379 0.127512798 0.260127604 0.956475914
1661868294324534528.000000 0.159257382 -0.823362052 2.895089865 0.034254245 0.128757909 0.259832472 0.956417859
1661868294366535424.000000 0.158596784 -0.823935628 2.900202036 0.036921322 0.132111743 0.262889296 0.955024898
