1661868260180806144.000000 0.011326930 -0.006623199 0.023053655 -0.001533191 0.005630629 0.000351228 0.999982893
1661868260219807232.000000 0.016310157 -0.003198171 0.029450638 0.001298912 0.006818607 0.000351706 0.999975860
1661868260261807872.000000 0.020320356 -0.011361162 0.040456731 0.001448278 0.010793267 -0.000618105 0.999940515
1661868260303809024.000000 0.027133832 -0.009651127 0.052250832 0.005022688 0.013156531 0.000035938 0.999900877
1661868260348809728.000000 0.028556902 -0.014500690 0.056100499 0.004274245 0.016022762 -0.000403296 0.999862432
1661868260390810624.000000 0.035006545 -0.017564123 0.067739069 0.002963599 0.018946514 -0.000097253 0.999816120
1661868260432811776.000000 0.038763322 -0.018162517 0.072634950 0.004978751 0.019863296 -0.000529584 0.999790192
1661868260477812480.000000 0.044232182 -0.022602983 0.084803604 0.005174086 0.024822071 -0.000201788 0.999678493
1661868260519813632.000000 0.051849492 -0.026328111 0.097740069 0.003074788 0.028683402 0.000262181 0.999583781
1661868260564814336.000000 0.053446848 -0.026157953 0.100434005 0.005159885 0.029350346 -0.000243570 0.999555826
1661868260606815232.000000 0.059691984 -0.030871749 0.113776676 0.006762594 0.034013558 0.000346826 0.999398470
1661868260648816384.000000 0.064035051 -0.034732435 0.123386070 0.006996908 0.037500564 0.001568053 0.999270856
1661868260690817024.000000 0.068858922 -0.034298573 0.132298097 0.007658408 0.040356249 0.000866818 0.999155641
1661868260732818176.000000 0.072448656 -0.035386648 0.139783442 0.010888849 0.043475542 0.000904570 0.998994768
1661868260774818816.000000 0.072556406 -0.035139024 0.139995530 0.011067865 0.043467898 0.001060176 0.998992980
1661868260816819968.000000 0.072817706 -0.035545677 0.140029371 0.010972564 0.043202490 0.001057822 0.999005497
1661868260861820672.000000 0.085757583 -0.043471161 0.166942641 0.013314684 0.053000454 0.000967843 0.998505294
1661868260903821824.000000 0.085437268 -0.043535791 0.167046085 0.013118673 0.053263880 0.000720779 0.998494089
1661868260939822336.000000 0.093094945 -0.049200509 0.186845958 0.015933892 0.061125122 0.001261216 0.998002172
1661868260981823488.000000 0.095167384 -0.051656261 0.192937687 0.015885860 0.064687259 0.000452539 0.997779071
1661868261020824320.000000 0.099155352 -0.053704467 0.203285635 0.016623799 0.068030410 0.001496310 0.997543633
1661868261059824896.000000 0.101758644 -0.057117544 0.211683452 0.017197764 0.072139710 0.001396935 0.997245312
1661868261104825856.000000 0.105586238 -0.059618410 0.220410556 0.018148789 0.075126767 0.001531186 0.997007668
1661868261149827072.000000 0.109295666 -0.062339850 0.229679406 0.019104106 0.078480951 0.001600077 0.996731281
1661868261188827648.000000 0.111850508 -0.065631829 0.237215251 0.018581040 0.081674770 0.001318227 0.996484935
1661868261224828416.000000 0.116446681 -0.066668093 0.246118575 0.019630471 0.083835237 0.002505773 0.996283114
1661868261272829440.000000 0.119327702 -0.069523640 0.254337192 0.019409759 0.086696073 0.003089264 0.996040940
1661868261314830592.000000 0.123842798 -0.071681038 0.262351811 0.017127972 0.088050380 0.004676377 0.995957792
1661868261359831296.000000 0.127852052 -0.073430896 0.273509681 0.016227275 0.092684165 0.005219567 0.995549679
1661868261398832384.000000 0.129554003 -0.074898623 0.281426668 0.018719796 0.096459061 0.004360546 0.995151401
1661868261443833088.000000 0.133773759 -0.077923805 0.290411860 0.021161197 0.099143863 0.005141984 0.994834781
1661868261488834048.000000 0.136789396 -0.078755155 0.300544471 0.021598535 0.102957226 0.005702240 0.994434893
1661868261530835200.000000 0.139445648 -0.082915634 0.309377998 0.018423965 0.105913214 0.006161878 0.994185627
1661868261572835840.000000 0.143445030 -0.085703105 0.317334712 0.022458166 0.109500676 0.007951059 0.993701220
1661868261620836864.000000 0.143499970 -0.087702066 0.322748125 0.023282446 0.111601964 0.005906528 0.993462682
1661868261662838016.000000 0.149510264 -0.090436414 0.340052813 0.027941849 0.114727050 0.006649834 0.992981732
1661868261707838720.000000 0.151665062 -0.092943698 0.347188622 0.028504046 0.116413794 0.006082827 0.992773116
1661868261752839680.000000 0.152162030 -0.096027851 0.356852889 0.027314445 0.120877042 0.006640648 0.992269397
1661868261791840512.000000 0.155583695 -0.096551925 0.365278214 0.029585630 0.122037388 0.007377927 0.992057085
1661868261833841664.000000 0.159412697 -0.099910110 0.377659529 0.031510796 0.123955548 0.007566094 0.991758466
1661868261875842304.000000 0.159472570 -0.100987725 0.385574400 0.031642687 0.126595289 0.007626344 0.991420329
1661868261923843328.000000 0.160462230 -0.105322950 0.393984705 0.031301934 0.129161611 0.007701274 0.991099477
1661868261965844480.000000 0.165278554 -0.106060870 0.401118129 0.032354094 0.127940521 0.007292113 0.991227210
1661868262010845184.000000 0.164975837 -0.110316470 0.411649972 0.031860515 0.132039666 0.008867949 0.990692616
1661868262052846080.000000 0.165443197 -0.111435115 0.421712041 0.029580446 0.134418532 0.007298275 0.990456164
1661868262100847360.000000 0.168012381 -0.113994382 0.430413812 0.031010393 0.135096818 0.008506464 0.990310490
1661868262139847936.000000 0.170550585 -0.115445897 0.435309201 0.031617127 0.133865550 0.008582214 0.990457892
1661868262178849024.000000 0.171292812 -0.118991770 0.449037671 0.034164023 0.137561008 0.008596167 0.989866614
1661868262217849856.000000 0.173075452 -0.120939262 0.453193635 0.033189580 0.136988863 0.009289586 0.989972889
1661868262259850496.000000 0.175292045 -0.123259455 0.465229690 0.034919757 0.138365865 0.008712980 0.989727020
1661868262301851392.000000 0.178247288 -0.123388156 0.472214073 0.033409167 0.137543336 0.008595967 0.989894867
1661868262343852288.000000 0.178978860 -0.126105055 0.482970357 0.031484887 0.138883039 0.008802370 0.989769042
1661868262388853248.000000 0.179921955 -0.128460497 0.491509557 0.034884479 0.139199018 0.008882211 0.989609957
1661868262430854400.000000 0.179048091 -0.129744768 0.498465866 0.036324024 0.140953764 0.008485914 0.989313245
1661868262472855040.000000 0.181060374 -0.132895306 0.509070039 0.036379598 0.140298307 0.009276436 0.989397228
1661868262511856128.000000 0.181907192 -0.133169457 0.515209973 0.037498102 0.140110612 0.009143570 0.989383340
1661868262559856896.000000 0.182261020 -0.135509953 0.523257911 0.037365384 0.139710620 0.008622279 0.989449561
1661868262601857792.000000 0.182821155 -0.136861309 0.529766142 0.037857223 0.138747752 0.008247258 0.989569604
1661868262646859008.000000 0.183220506 -0.140020549 0.539777339 0.036690041 0.139151916 0.007179238 0.989565074
1661868262691859712.000000 0.182979628 -0.144046247 0.554021955 0.036091767 0.138341486 0.006452980 0.989705741
1661868262733860608.000000 0.183983058 -0.144589350 0.560826123 0.036154188 0.136873648 0.006066704 0.989909947
1661868262775861504.000000 0.184595853 -0.145620868 0.566524506 0.036906663 0.135808140 0.006206029 0.990028083
1661868262820862464.000000 0.184201375 -0.148052067 0.579478979 0.037472792 0.133786008 0.005912494 0.990283906
1661868262868863488.000000 0.184503600 -0.149149090 0.588574588 0.038114931 0.131014094 0.005596816 0.990631819
1661868262907864320.000000 0.183709860 -0.150964350 0.597601593 0.034283508 0.131175160 0.003555119 0.990759909
1661868262949865216.000000 0.183122829 -0.152776510 0.606629074 0.033611704 0.129309148 0.002295082 0.991031885
1661868262991866112.000000 0.181933999 -0.153863236 0.611242294 0.034808550 0.128762290 0.002785795 0.991060495
1661868263033867008.000000 0.182715937 -0.155319482 0.616282880 0.036414366 0.125553533 0.002333487 0.991415620
1661868263075867904.000000 0.180638000 -0.157857716 0.630286396 0.037504252 0.123296537 0.003502441 0.991654754
1661868263117868800.000000 0.180524945 -0.159170255 0.636753738 0.038781419 0.120125540 0.003270695 0.991995573
1661868263159869952.000000 0.179209366 -0.161408737 0.644785583 0.035748579 0.119719453 0.001726980 0.992162466
1661868263198870784.000000 0.179143369 -0.164130524 0.654630125 0.036369760 0.113945134 0.001283780 0.992820323
1661868263240871424.000000 0.177018315 -0.164843366 0.661709726 0.037191689 0.113328174 0.002568096 0.992857993
1661868263279872512.000000 0.173900813 -0.164266765 0.671210408 0.039141417 0.112235680 0.000960373 0.992909968
1661868263321873152.000000 0.173438370 -0.167141363 0.676752210 0.037546836 0.109156869 0.000916619 0.993314743
1661868263363874304.000000 0.172208011 -0.168027401 0.684396505 0.034931649 0.106366701 0.000929608 0.993712842
1661868263408875264.000000 0.169194788 -0.172037885 0.696010828 0.034016937 0.101628818 -0.001366962 0.994239688
1661868263444876032.000000 0.166250601 -0.170904815 0.700845838 0.036195241 0.103097104 -0.002538891 0.994009316
1661868263486876672.000000 0.166099533 -0.173016742 0.710155070 0.035462305 0.095473446 -0.002419864 0.994797170
1661868263528877824.000000 0.164937645 -0.174259380 0.717510223 0.035994697 0.090209953 -0.003379483 0.995266438
1661868263567878400.000000 0.164637446 -0.174489141 0.718562484 0.035435908 0.090083949 -0.003305784 0.995298088
1661868263609879552.000000 0.161533818 -0.176640123 0.728561103 0.036508825 0.085573755 -0.004074616 0.995654404
1661868263651880192.000000 0.158890858 -0.178660005 0.739892900 0.034884136 0.079444923 -0.004582203 0.996218204
1661868263696881408.000000 0.155575186 -0.178183869 0.746513546 0.032897726 0.078187466 -0.008045226 0.996363282
1661868263738882048.000000 0.154098779 -0.179102167 0.750330031 0.034385301 0.075560816 -0.007402783 0.996520758
1661868263780883200.000000 0.150714815 -0.181780323 0.760885119 0.033568617 0.070014589 -0.007453893 0.996953130
1661868263822883840.000000 0.148724526 -0.183369786 0.766989172 0.032041162 0.067161545 -0.008675645 0.997189820
1661868263867884800.000000 0.145793259 -0.184841588 0.775341630 0.032051228 0.061070021 -0.009575575 0.997572839
1661868263906885632.000000 0.140834823 -0.185789123 0.786875010 0.033427384 0.055800922 -0.011056746 0.997820914
1661868263954886656.000000 0.138134897 -0.186972946 0.794541836 0.032445449 0.049276676 -0.011693665 0.998189569
1661868263996887808.000000 0.136986256 -0.187359005 0.798767149 0.032265339 0.046892032 -0.011011696 0.998318017
1661868264035888384.000000 0.131088480 -0.186866477 0.809603035 0.030515475 0.040436007 -0.015363745 0.998597860
1661868264074889472.000000 0.130112395 -0.186956853 0.810585856 0.031753968 0.038160633 -0.015521433 0.998646319
1661868264119890176.000000 0.124568813 -0.189139113 0.822843790 0.031490315 0.031471062 -0.015631743 0.998886168
1661868264161891328.000000 0.122020863 -0.190285563 0.828786850 0.031650662 0.025166662 -0.017371261 0.999031067
1661868264203891968.000000 0.119089335 -0.190245688 0.835546732 0.032156922 0.021457694 -0.016641788 0.999113917
1661868264242893056.000000 0.115961820 -0.192037493 0.839688540 0.031353354 0.019651951 -0.016692497 0.999175787
1661868264287893760.000000 0.109514445 -0.193214744 0.853075802 0.029581472 0.008902018 -0.020791957 0.999306440
1661868264329894656.000000 0.109754682 -0.192340970 0.855791628 0.030656656 0.005195717 -0.020187151 0.999312580
1661868264371895552.000000 0.099640720 -0.196109697 0.868380427 0.026317736 -0.000927510 -0.024353156 0.999356568
1661868264413896448.000000 0.096176505 -0.197062954 0.872840524 0.027351335 -0.003321872 -0.024918754 0.999309719
1661868264461897728.000000 0.091699772 -0.198852360 0.883038759 0.024696959 -0.011441539 -0.026503816 0.999278128
1661868264500898304.000000 0.090057515 -0.197825775 0.887076437 0.026178598 -0.015988052 -0.025721189 0.999198437
1661868264539899392.000000 0.084298879 -0.199860483 0.893545091 0.025778152 -0.019347550 -0.027678236 0.999097168
1661868264584900096.000000 0.078731284 -0.199289158 0.903757095 0.028158236 -0.027789699 -0.027939435 0.998826504
1661868264626901248.000000 0.073426895 -0.201453567 0.910777986 0.024497172 -0.032508444 -0.030844744 0.998695016
1661868264665901824.000000 0.072273605 -0.200434402 0.912326753 0.026172860 -0.034019388 -0.028861659 0.998661458
1661868264707902976.000000 0.064311154 -0.204469144 0.924112082 0.025125610 -0.042325847 -0.031210007 0.998300195
1661868264752903680.000000 0.062613323 -0.204560012 0.928926647 0.024787875 -0.046050187 -0.031324118 0.998140216
1661868264800904704.000000 0.056349080 -0.205998614 0.938445687 0.025547342 -0.053440694 -0.032682475 0.997709036
1661868264851905792.000000 0.050835818 -0.206360593 0.947107553 0.024111465 -0.059704199 -0.034575712 0.997325718
1661868264893906944.000000 0.045641232 -0.208662719 0.954052269 0.023066888 -0.064953119 -0.034864504 0.997012258
1661868264935907584.000000 0.040363632 -0.209128946 0.960754991 0.022573991 -0.070017129 -0.036241625 0.996631622
1661868264977908736.000000 0.036523458 -0.210524648 0.967520595 0.022337375 -0.075948864 -0.036409575 0.996196330
1661868265016909312.000000 0.031599909 -0.209244847 0.974894047 0.023785442 -0.081896409 -0.036714531 0.995680332
1661868265058910464.000000 0.027831711 -0.211331755 0.980054021 0.021430288 -0.085455835 -0.038153823 0.995380521
1661868265100911104.000000 0.021635283 -0.212323382 0.986983478 0.023194961 -0.091700464 -0.039227676 0.994743347
1661868265142912256.000000 0.015583315 -0.212000191 0.992922425 0.021389207 -0.095255762 -0.041079525 0.994374812
1661868265187913216.000000 0.011298588 -0.213881150 0.998583734 0.020738736 -0.100010954 -0.040649898 0.993939281
1661868265229913856.000000 0.006945599 -0.215489581 1.005828261 0.020978918 -0.105202645 -0.041079987 0.993380487
1661868265274915072.000000 0.000489322 -0.218203098 1.014520288 0.021454442 -0.112720728 -0.042156372 0.992500186
1661868265322916096.000000 -0.004006124 -0.218028918 1.022384763 0.022272494 -0.119653910 -0.041303579 0.991706073
1661868265361916672.000000 -0.007864328 -0.218354031 1.031623244 0.022826836 -0.126770779 -0.041264661 0.990810454
1661868265403917824.000000 -0.013528405 -0.219969675 1.032365799 0.021645099 -0.126542330 -0.042991579 0.990792751
1661868265445918464.000000 -0.019457465 -0.222293153 1.040309429 0.018782651 -0.132059276 -0.043319199 0.990116656
1661868265484919296.000000 -0.025036888 -0.221495718 1.048283219 0.017088592 -0.135422006 -0.046236075 0.989561081
1661868265526920192.000000 -0.030054696 -0.223340958 1.054382563 0.018675299 -0.141492993 -0.045211535 0.988729954
1661868265565921024.000000 -0.032989960 -0.224131897 1.058272362 0.018138373 -0.143807933 -0.045611341 0.988387525
1661868265619922176.000000 -0.039259769 -0.225636929 1.063975692 0.017438702 -0.147984728 -0.047105137 0.987713277
1661868265664923136.000000 -0.047208384 -0.228286356 1.074796200 0.017309988 -0.155079350 -0.047194112 0.986622274
1661868265706924288.000000 -0.051060855 -0.230833679 1.079813123 0.015625875 -0.158121496 -0.047418896 0.986156642
1661868265748924928.000000 -0.057094038 -0.230150118 1.086873651 0.014990016 -0.161600038 -0.048456401 0.985552013
1661868265790926080.000000 -0.060399622 -0.229213595 1.095425844 0.017509092 -0.167167649 -0.046712853 0.984665632
1661868265829926656.000000 -0.067868806 -0.230176032 1.100028872 0.016192459 -0.169835553 -0.049184527 0.984111071
1661868265874927872.000000 -0.069268264 -0.233214393 1.105925322 0.016172202 -0.174365118 -0.047622185 0.983395875
1661868265916928512.000000 -0.074862257 -0.234308884 1.113598704 0.016920790 -0.178514645 -0.048321947 0.982604325
1661868265955929600.000000 -0.080960564 -0.235615849 1.119275093 0.018254666 -0.181657329 -0.047120873 0.982062638
1661868265997930240.000000 -0.084669799 -0.237246111 1.125011325 0.017315591 -0.185067937 -0.047275808 0.981435239
1661868266036931328.000000 -0.091165982 -0.238471329 1.130187035 0.015658254 -0.186289161 -0.048246000 0.981184781
1661868266081932032.000000 -0.096179426 -0.238618016 1.139023781 0.014745829 -0.189823970 -0.047474451 0.980558872
1661868266123933184.000000 -0.103525013 -0.241802618 1.145302653 0.016353361 -0.193209931 -0.046901964 0.979899347
1661868266162933760.000000 -0.109207377 -0.243595600 1.147834539 0.016751099 -0.193492204 -0.049189795 0.979724765
1661868266204934912.000000 -0.112871416 -0.243677929 1.156805992 0.018251237 -0.197668612 -0.046283081 0.979005575
1661868266246935552.000000 -0.116350725 -0.247193500 1.161599755 0.016821070 -0.200820282 -0.045799293 0.978412390
1661868266288936704.000000 -0.120070294 -0.245939717 1.166264415 0.018481368 -0.201693907 -0.045281041 0.978226840
1661868266330937344.000000 -0.125264376 -0.249035299 1.174728155 0.018877352 -0.205059886 -0.044761937 0.977543116
1661868266369938432.000000 -0.129585490 -0.249429837 1.179733038 0.019662116 -0.205536336 -0.044602614 0.977434874
1661868266408939008.000000 -0.129070163 -0.249822557 1.179284453 0.019212591 -0.206346393 -0.044216443 0.977290630
1661868266450939904.000000 -0.138827994 -0.254250735 1.193029761 0.016462360 -0.210532531 -0.044265617 0.976445436
1661868266492940800.000000 -0.144953713 -0.255257130 1.202325583 0.018342562 -0.213131741 -0.042176556 0.975940347
1661868266540942080.000000 -0.149793193 -0.256187260 1.208954453 0.019463751 -0.214465395 -0.041322477 0.975663006
1661868266588943104.000000 -0.155515030 -0.257512510 1.217058539 0.021268955 -0.216043353 -0.040109366 0.975327730
1661868266633943808.000000 -0.159970507 -0.260493964 1.222621441 0.020831274 -0.216465741 -0.040073860 0.975244999
1661868266675944704.000000 -0.165217325 -0.264299750 1.228128076 0.020088682 -0.216645375 -0.040263988 0.975212812
1661868266729945856.000000 -0.166274816 -0.264233589 1.231596589 0.021278800 -0.217787981 -0.038695667 0.974996567
1661868266768946944.000000 -0.172592536 -0.266173333 1.239774704 0.019463593 -0.217982605 -0.038541600 0.974997103
1661868266813947648.000000 -0.177915230 -0.267991275 1.249513626 0.020865319 -0.219055846 -0.037502307 0.974768043
1661868266852948736.000000 -0.181183338 -0.270549089 1.253790379 0.020231239 -0.219085082 -0.036536206 0.974811554
1661868266894949376.000000 -0.184671775 -0.272920340 1.258901477 0.019528652 -0.219284967 -0.035995822 0.974801064
1661868266939950592.000000 -0.189792112 -0.274396956 1.266040325 0.018421464 -0.218344674 -0.035585750 0.975048661
1661868266978951168.000000 -0.195126146 -0.277500242 1.273168683 0.020721061 -0.217328519 -0.034355100 0.975273669
1661868267020952320.000000 -0.197370589 -0.279865801 1.278311014 0.019959275 -0.218080640 -0.033115160 0.975164533
1661868267065953024.000000 -0.202431798 -0.282346278 1.283650398 0.018151697 -0.216007784 -0.031664196 0.975709260
1661868267110953984.000000 -0.209408015 -0.285413325 1.294775367 0.017517526 -0.214864314 -0.031539291 0.975977361
1661868267149955072.000000 -0.210493341 -0.286260843 1.297737956 0.017408008 -0.214514077 -0.031649865 0.976052821
1661868267194955776.000000 -0.214802787 -0.289275736 1.302529812 0.016675904 -0.213170782 -0.030619990 0.976392627
1661868267236956928.000000 -0.220994696 -0.292634189 1.310160041 0.019076334 -0.210209966 -0.029540600 0.977023661
1661868267278957568.000000 -0.223132446 -0.295738250 1.316622853 0.020172471 -0.210123882 -0.027553283 0.977078259
1661868267317958656.000000 -0.226483375 -0.298537105 1.321787119 0.021029700 -0.208396584 -0.026634019 0.977455497
1661868267359959296.000000 -0.231220171 -0.302189171 1.328770041 0.022580784 -0.205784753 -0.026264830 0.977984130
1661868267398960128.000000 -0.232394546 -0.303697646 1.332098961 0.022054914 -0.205394998 -0.024818817 0.978115797
1661868267440961024.000000 -0.238482058 -0.308171988 1.341422796 0.021618119 -0.201666594 -0.023305930 0.978938282
1661868267485962240.000000 -0.238372296 -0.307364702 1.341411829 0.022255357 -0.201520950 -0.022925977 0.978962958
1661868267527962880.000000 -0.244954616 -0.311814249 1.353389740 0.019489488 -0.196831301 -0.020141598 0.980036736
1661868267569964032.000000 -0.247891039 -0.315083355 1.358743191 0.019303817 -0.194305524 -0.019323053 0.980560720
1661868267611964672.000000 -0.251055658 -0.318226784 1.364753485 0.020290136 -0.191033974 -0.019019583 0.981189430
1661868267650965760.000000 -0.252273172 -0.319796562 1.370517492 0.020308303 -0.190897733 -0.017570501 0.981242537
1661868267686966528.000000 -0.255911618 -0.323681384 1.377577066 0.019366907 -0.186988771 -0.015661241 0.982046306
1661868267728967168.000000 -0.258658975 -0.326821148 1.382755160 0.020136585 -0.184349418 -0.015407727 0.982533693
1661868267770968320.000000 -0.261556715 -0.329832137 1.390546799 0.021873219 -0.181260929 -0.013835174 0.983094454
1661868267818969344.000000 -0.265138358 -0.332162887 1.395083547 0.022074558 -0.177612528 -0.014032608 0.983752847
1661868267860969984.000000 -0.267374188 -0.335212141 1.403244138 0.022635778 -0.173688084 -0.010827086 0.984481037
1661868267902971136.000000 -0.270169497 -0.338548690 1.411101103 0.023279410 -0.170602068 -0.009487819 0.985019326
1661868267950972160.000000 -0.273133099 -0.340645760 1.416411042 0.021062525 -0.166527674 -0.008379995 0.985776246
1661868268001973248.000000 -0.275805563 -0.345695168 1.428429127 0.022679957 -0.161549196 -0.004959065 0.986591578
1661868268043973888.000000 -0.278174430 -0.348898530 1.434986949 0.023266522 -0.157213852 -0.004027326 0.987282276
1661868268091974912.000000 -0.279082298 -0.351172060 1.438588619 0.022945296 -0.155345604 -0.003400233 0.987587810
1661868268133976064.000000 -0.281956762 -0.353954732 1.445592046 0.023407042 -0.150539488 -0.001634788 0.988325536
1661868268175976704.000000 -0.283638060 -0.357814163 1.452608109 0.022980709 -0.146738365 0.000199000 0.988908350
1661868268217977856.000000 -0.284817964 -0.360025942 1.457920551 0.022723412 -0.143473402 0.001521960 0.989392102
1661868268259978496.000000 -0.286943376 -0.363870651 1.465454578 0.022431867 -0.138623178 0.003192180 0.990086019
1661868268301979648.000000 -0.288544476 -0.367070436 1.472365141 0.021776011 -0.133864671 0.004870643 0.990748346
1661868268340980224.000000 -0.290047377 -0.368766546 1.476803660 0.021089377 -0.131171778 0.004980108 0.991122842
1661868268382981376.000000 -0.291008055 -0.370829016 1.481369615 0.019535590 -0.127998799 0.006433095 0.991561055
1661868268427982080.000000 -0.291245550 -0.373851448 1.488978028 0.018673964 -0.123699188 0.008785184 0.992105186
1661868268472983040.000000 -0.293665916 -0.378092706 1.495427370 0.018158691 -0.118309222 0.009574548 0.992764592
1661868268511983872.000000 -0.296270907 -0.383485436 1.507584691 0.019752413 -0.109030426 0.012348643 0.993765473
1661868268553984768.000000 -0.296395749 -0.385873705 1.511641502 0.020303177 -0.106764622 0.013526783 0.993984997
1661868268598985984.000000 -0.295865655 -0.388584226 1.516370654 0.019150075 -0.104103602 0.016216097 0.994249880
1661868268640986624.000000 -0.297071248 -0.392321497 1.524529219 0.020238852 -0.098316833 0.017038453 0.994803429
1661868268685987584.000000 -0.297889084 -0.394279867 1.529545665 0.020845097 -0.094535463 0.017562887 0.995148301
1661868268727988480.000000 -0.298738301 -0.399463385 1.539245605 0.018542537 -0.088034600 0.020364173 0.995736599
1661868268766989568.000000 -0.299867928 -0.402355969 1.544535875 0.020544894 -0.083594203 0.020413799 0.996078968
1661868268811990272.000000 -0.301320404 -0.406605303 1.554012537 0.020914141 -0.076377906 0.022032952 0.996616066
1661868268853991168.000000 -0.300446570 -0.408017695 1.556431174 0.021148901 -0.075755954 0.023481857 0.996625483
1661868268892992000.000000 -0.299528360 -0.410032511 1.563778877 0.022843590 -0.071695320 0.025335329 0.996843100
1661868268937992960.000000 -0.300427049 -0.412933290 1.571397901 0.021723177 -0.066669762 0.026527179 0.997185826
1661868268979994112.000000 -0.300842822 -0.416428000 1.577619076 0.019813577 -0.061537106 0.028030600 0.997514427
1661868269021994752.000000 -0.300706327 -0.419150621 1.586451888 0.020227358 -0.056979738 0.028814580 0.997754455
1661868269063995904.000000 -0.299800426 -0.421739012 1.592853069 0.020707872 -0.053821515 0.030173326 0.997879803
1661868269105996544.000000 -0.299836963 -0.423525095 1.597449780 0.018736251 -0.050353024 0.031556293 0.998057008
1661868269147997696.000000 -0.298057556 -0.426294267 1.604351044 0.019143129 -0.046895619 0.032293502 0.998194158
1661868269192998400.000000 -0.299158990 -0.429028004 1.612745404 0.019314123 -0.040406734 0.033492897 0.998435020
1661868269234999296.000000 -0.298042655 -0.433891088 1.620610833 0.019710416 -0.034871660 0.035089318 0.998581111
1661868269277000192.000000 -0.297315538 -0.434647202 1.626596332 0.021146070 -0.031546630 0.035821859 0.998636305
1661868269316001280.000000 -0.295752048 -0.437282056 1.632394910 0.021414323 -0.028137097 0.037290040 0.998678744
1661868269361001984.000000 -0.295504898 -0.438170999 1.639093280 0.019900335 -0.024555482 0.037927553 0.998780549
1661868269400003072.000000 -0.294203490 -0.440480590 1.646340847 0.022362743 -0.020213939 0.037983324 0.998823643
1661868269442003712.000000 -0.294411421 -0.442223519 1.648328304 0.021793041 -0.018736294 0.037983477 0.998865008
1661868269484004608.000000 -0.291324675 -0.446724415 1.658035636 0.019065036 -0.014221512 0.040539347 0.998894870
1661868269529005824.000000 -0.290495157 -0.448990285 1.664641261 0.021124275 -0.011039107 0.040032454 0.998914063
1661868269568006400.000000 -0.289067060 -0.451978683 1.672836065 0.021611281 -0.005566498 0.041592218 0.998885393
1661868269607007232.000000 -0.288135290 -0.453684211 1.677937031 0.022001864 -0.002822788 0.041093722 0.998909056
1661868269649008384.000000 -0.286722243 -0.454987586 1.683680892 0.022661941 -0.000085712 0.041863102 0.998866320
1661868269694009344.000000 -0.283196956 -0.458993763 1.692072034 0.022244064 0.002480829 0.043839250 0.998787880
1661868269736009984.000000 -0.282118052 -0.462943822 1.702228189 0.021672636 0.008064800 0.044565596 0.998738825
1661868269784011008.000000 -0.279273123 -0.464259356 1.708069444 0.022610657 0.009641338 0.044658985 0.998699844
1661868269829012224.000000 -0.277957201 -0.467548430 1.714050293 0.022410618 0.012298224 0.045008518 0.998659492
1661868269877013248.000000 -0.275493830 -0.469996363 1.722891808 0.022776809 0.014706220 0.045155145 0.998612046
1661868269919013888.000000 -0.274606168 -0.470497340 1.727304935 0.020954328 0.016109291 0.045811389 0.998600364
1661868269961015040.000000 -0.271559566 -0.473480910 1.735046029 0.022039864 0.019070784 0.046597216 0.998488545
1661868270009015808.000000 -0.268709958 -0.476173133 1.743749022 0.021945162 0.021367559 0.046631273 0.998442471
1661868270051016704.000000 -0.267408401 -0.478684962 1.750035763 0.022103779 0.024041150 0.047161203 0.998353302
1661868270096017920.000000 -0.264157563 -0.481182039 1.758479714 0.022760278 0.025916262 0.046464413 0.998324335
1661868270147019008.000000 -0.262520820 -0.479960561 1.761425138 0.023693360 0.026084704 0.047188740 0.998264253
1661868270186019584.000000 -0.259101778 -0.482378781 1.770024061 0.025697548 0.027776668 0.045962512 0.998226285
1661868270225020416.000000 -0.256067574 -0.487199634 1.780194163 0.024024002 0.030819977 0.045871727 0.998182774
1661868270264021504.000000 -0.254597723 -0.489506125 1.785476923 0.023316590 0.031964298 0.045883182 0.998162985
1661868270300022016.000000 -0.253706217 -0.490521014 1.789419174 0.021654254 0.032209530 0.046374712 0.998169899
1661868270339022848.000000 -0.252377957 -0.490380704 1.792681932 0.021892505 0.032651380 0.046130586 0.998161614
1661868270384023808.000000 -0.248595387 -0.490991920 1.801210761 0.023652963 0.033535108 0.045219455 0.998133898
1661868270423024640.000000 -0.246777087 -0.491304815 1.805006862 0.024234004 0.033840690 0.044130448 0.998158395
1661868270474025728.000000 -0.242343634 -0.495705545 1.813250542 0.024348818 0.034223773 0.044283450 0.998135686
1661868270516026624.000000 -0.238683611 -0.498502284 1.821677446 0.021350123 0.033591203 0.044365786 0.998222232
1661868270558027520.000000 -0.233787432 -0.499952972 1.829465747 0.024246300 0.032902192 0.043022536 0.998237789
1661868270600028416.000000 -0.231027916 -0.500357330 1.834793925 0.025808187 0.032819308 0.042749513 0.998213053
1661868270639029248.000000 -0.227909401 -0.501712859 1.840928912 0.028133320 0.032322571 0.040964548 0.998241305
1661868270681030400.000000 -0.224263981 -0.503145218 1.848277092 0.026578087 0.031715456 0.042107783 0.998255849
1661868270723031040.000000 -0.221474215 -0.507122993 1.855657816 0.024320181 0.030242521 0.041337632 0.998391271
1661868270762032128.000000 -0.219492093 -0.509726644 1.860482097 0.025731863 0.030298634 0.038842443 0.998454392
1661868270807032832.000000 -0.216323823 -0.509785712 1.866200566 0.026915491 0.028996633 0.037986156 0.998494864
1661868270849033728.000000 -0.213636890 -0.513111055 1.873714805 0.026764184 0.027542010 0.036354467 0.998600781
1661868270897035008.000000 -0.211441591 -0.515651405 1.879080534 0.023902597 0.025745321 0.036499541 0.998716056
1661868270939035648.000000 -0.206041828 -0.516142249 1.887833118 0.025031375 0.022690134 0.035374179 0.998802900
1661868270978036736.000000 -0.204805225 -0.518377542 1.890545011 0.025319463 0.021955226 0.034123257 0.998855650
1661868271026037760.000000 -0.199099705 -0.519461811 1.899478793 0.027621869 0.018434808 0.031290062 0.998958528
1661868271071038464.000000 -0.193619043 -0.521498859 1.909162283 0.028328609 0.014081954 0.028831864 0.999083579
1661868271113039616.000000 -0.191246226 -0.522480428 1.916204810 0.026241917 0.011528756 0.028887745 0.999171615
1661868271152040192.000000 -0.187933266 -0.524198830 1.922140360 0.027670845 0.009139406 0.026673038 0.999219418
1661868271194041344.000000 -0.183644697 -0.525725067 1.928485632 0.026737204 0.005011867 0.024927394 0.999319077
1661868271248042240.000000 -0.182130978 -0.527125418 1.930811167 0.026964458 0.003700515 0.023872724 0.999344468
1661868271290043392.000000 -0.176219925 -0.530812144 1.941173434 0.028109863 -0.001698287 0.020169549 0.999399960
1661868271335044096.000000 -0.173442423 -0.530035317 1.946229815 0.029308813 -0.005140685 0.018848913 0.999379516
1661868271380045056.000000 -0.170922145 -0.532775402 1.951557040 0.028405577 -0.007776789 0.016975008 0.999422073
1661868271422045952.000000 -0.165844798 -0.537160993 1.962137103 0.027520511 -0.014742865 0.014463944 0.999407828
1661868271467046912.000000 -0.161703169 -0.536951721 1.966456771 0.027895555 -0.018827057 0.012123877 0.999360025
1661868271506048000.000000 -0.156755656 -0.538098633 1.973228216 0.028322371 -0.023921706 0.010563201 0.999256790
1661868271545048832.000000 -0.153477192 -0.539168119 1.979574680 0.029191623 -0.029092083 0.007411152 0.999122918
1661868271587049472.000000 -0.150092483 -0.541355908 1.984713912 0.028518002 -0.034344688 0.005192901 0.998989642
1661868271629050368.000000 -0.144702747 -0.542548418 1.991583109 0.028653815 -0.040247224 0.002994592 0.998774350
1661868271668051200.000000 -0.143551901 -0.541812122 1.993949175 0.029374078 -0.042362094 0.002265276 0.998667896
1661868271713052160.000000 -0.138423055 -0.542772710 2.000424862 0.029674405 -0.048874456 -0.000285068 0.998363972
1661868271758053376.000000 -0.134569123 -0.541980743 2.006083250 0.030750878 -0.054271329 -0.002351476 0.998049855
1661868271803054080.000000 -0.130526185 -0.545725524 2.015226841 0.027375901 -0.063942008 -0.004377978 0.997568488
1661868271845054976.000000 -0.126845166 -0.545780778 2.018806934 0.028837875 -0.068535335 -0.006165825 0.997212768
1661868271887055872.000000 -0.123050719 -0.548710227 2.026778698 0.028500689 -0.076340251 -0.010793142 0.996616006
1661868271929056768.000000 -0.119984671 -0.549808443 2.031819105 0.027810447 -0.082280993 -0.012212305 0.996146262
1661868271971057664.000000 -0.116048262 -0.550960839 2.037766218 0.029351927 -0.089192323 -0.016513882 0.995444894
1661868272010058752.000000 -0.115804158 -0.551085591 2.037927628 0.029211257 -0.089444205 -0.016791048 0.995421767
1661868272052059392.000000 -0.109172352 -0.552059770 2.048891068 0.029119452 -0.103230499 -0.020676974 0.994016111
1661868272094060544.000000 -0.107622884 -0.554737210 2.051805735 0.028386319 -0.106973559 -0.023914797 0.993568838
1661868272136061184.000000 -0.101657651 -0.555076420 2.061018229 0.030304171 -0.117779315 -0.027447656 0.992197752
1661868272181062144.000000 -0.097980261 -0.554885507 2.065896749 0.031846713 -0.124049269 -0.029666800 0.991321027
1661868272223063296.000000 -0.093023978 -0.557778895 2.073298693 0.030498371 -0.134366438 -0.034001328 0.989878476
1661868272265063936.000000 -0.090279706 -0.558631182 2.077201605 0.030702371 -0.140302241 -0.036434244 0.988961697
1661868272307065088.000000 -0.086112678 -0.559313893 2.085289955 0.031741954 -0.150987282 -0.040614299 0.987190843
1661868272352065792.000000 -0.085050657 -0.559308469 2.087255716 0.032355741 -0.154158965 -0.041580360 0.986640394
1661868272391066880.000000 -0.080419578 -0.561912894 2.095417261 0.031584632 -0.165183753 -0.046175979 0.984674811
1661868272427067392.000000 -0.077754200 -0.564090371 2.099069595 0.029555831 -0.172601059 -0.047900781 0.983382404
1661868272469068288.000000 -0.074529052 -0.565373123 2.103847504 0.030064447 -0.179479867 -0.051582783 0.981948256
1661868272508069376.000000 -0.072024383 -0.567157984 2.107233047 0.029756045 -0.186193913 -0.054532144 0.980547190
1661868272550070016.000000 -0.067358173 -0.567223191 2.115025997 0.030786233 -0.198414445 -0.057650942 0.977936745
1661868272592071168.000000 -0.064210013 -0.569135904 2.117902756 0.030556111 -0.204300359 -0.059550546 0.976617396
1661868272631071744.000000 -0.062645912 -0.569707990 2.123242140 0.030844612 -0.211539418 -0.062980145 0.974850357
1661868272673072896.000000 -0.060744345 -0.572552204 2.128943920 0.029889325 -0.219917580 -0.066180669 0.972811937
1661868272715073536.000000 -0.056516100 -0.574119627 2.135074854 0.028308211 -0.232063264 -0.069446869 0.969805360
1661868272757074688.000000 -0.054851547 -0.574720502 2.138327837 0.027276848 -0.239209801 -0.070909590 0.967990935
1661868272796075264.000000 -0.051960081 -0.576832056 2.143578291 0.028917469 -0.248033032 -0.076248460 0.965313196
1661868272838076416.000000 -0.050216377 -0.581040621 2.149897575 0.027106691 -0.258535683 -0.081535622 0.962172806
1661868272880077056.000000 -0.047471508 -0.580908954 2.151663065 0.028559096 -0.264012843 -0.083030552 0.960514188
1661868272922078208.000000 -0.043995842 -0.584011912 2.159877539 0.027507212 -0.277209520 -0.088337690 0.956344485
1661868272964078848.000000 -0.042995751 -0.581262052 2.160529137 0.030080404 -0.279642105 -0.087616704 0.955624819
1661868273006080000.000000 -0.041644678 -0.584627151 2.165334702 0.029247127 -0.288828343 -0.092639171 0.952439427
1661868273045080576.000000 -0.037684202 -0.586136043 2.171029091 0.029521206 -0.300659209 -0.096491136 0.948378682
1661868273087081728.000000 -0.035653114 -0.587309301 2.176635981 0.029496694 -0.310738206 -0.099539503 0.944808841
1661868273129082368.000000 -0.034364074 -0.587831438 2.178363562 0.029794663 -0.315427810 -0.101622649 0.943022013
1661868273171083520.000000 -0.030858099 -0.589080155 2.184326649 0.029621555 -0.327876776 -0.103447154 0.938572407
1661868273213084160.000000 -0.029667079 -0.591156721 2.186025620 0.026786560 -0.334095836 -0.103617892 0.936443210
1661868273255085312.000000 -0.029871106 -0.590923250 2.187671185 0.027582549 -0.334707946 -0.104788750 0.936071157
1661868273297085952.000000 -0.026726186 -0.593437374 2.194917202 0.027814990 -0.349680036 -0.109766461 0.930000842
1661868273342086912.000000 -0.025245935 -0.593382001 2.201540232 0.028077222 -0.363538295 -0.113653958 0.924193919
1661868273387088128.000000 -0.022550702 -0.592766464 2.203397512 0.030326899 -0.372092962 -0.114677176 0.920584798
1661868273429088768.000000 -0.020102561 -0.598794937 2.209706306 0.027753469 -0.384400934 -0.121769302 0.914679170
1661868273471089920.000000 -0.018081605 -0.601285815 2.214147806 0.028098542 -0.391024143 -0.124463677 0.911493003
1661868273516090624.000000 -0.018392086 -0.602841437 2.216989517 0.027728328 -0.399917245 -0.127557606 0.907208025
1661868273558091520.000000 -0.016023874 -0.601975799 2.219964027 0.029163588 -0.405746222 -0.127747610 0.904544175
1661868273606092800.000000 -0.012332439 -0.607286334 2.226264000 0.027978132 -0.423132271 -0.133416146 0.895754695
1661868273651093760.000000 -0.011262298 -0.606968760 2.226994514 0.029271316 -0.427027315 -0.132830724 0.893950164
1661868273693094400.000000 -0.011693120 -0.608093143 2.228952646 0.030001057 -0.433163077 -0.136664376 0.890389025
1661868273735095552.000000 -0.010821640 -0.610529363 2.234343529 0.031399690 -0.445942342 -0.141629115 0.883227468
1661868273777096192.000000 -0.004947364 -0.612250805 2.239199162 0.031631321 -0.456373066 -0.142178565 0.877786100
1661868273822097408.000000 -0.004524708 -0.613498092 2.241509914 0.032699462 -0.464205295 -0.144572318 0.873237133
1661868273864098048.000000 -0.004083991 -0.615290880 2.244072437 0.031578567 -0.466962457 -0.145891652 0.871587396
1661868273909099008.000000 -0.001055717 -0.616070330 2.246425629 0.035845216 -0.480951220 -0.150075316 0.863063455
1661868273957100032.000000 -0.001012325 -0.618540943 2.251051903 0.034550086 -0.489483804 -0.151483655 0.858058691
1661868273999100928.000000 -0.000756621 -0.619011045 2.251818657 0.034506358 -0.494104385 -0.152322546 0.855259120
1661868274041101824.000000 0.001387954 -0.620220125 2.252868652 0.035883624 -0.502123475 -0.153448418 0.850316405
1661868274092102912.000000 0.003004193 -0.620795310 2.253555775 0.038394053 -0.507017136 -0.156618148 0.846717358
1661868274131103744.000000 0.002691031 -0.622026622 2.254796028 0.041573755 -0.516299844 -0.159821585 0.840335190
1661868274173104640.000000 0.003168106 -0.624427676 2.255420446 0.041459195 -0.521726787 -0.161382198 0.836682856
1661868274215105536.000000 0.006160140 -0.634845972 2.261605740 0.037152402 -0.532776475 -0.164925992 0.829197466
1661868274260106496.000000 0.005205631 -0.631583631 2.261826038 0.040584732 -0.536594033 -0.164920956 0.826571703
1661868274299107328.000000 0.005557895 -0.633679926 2.264473677 0.040739592 -0.542945981 -0.166634455 0.822060168
1661868274341108224.000000 0.007441044 -0.636151850 2.266448975 0.042642076 -0.551932573 -0.168877229 0.815495312
1661868274386109440.000000 0.008656502 -0.639239907 2.268067837 0.042318195 -0.558651805 -0.169985980 0.810692430
1661868274428110080.000000 0.007912636 -0.641156316 2.269069672 0.041640174 -0.558582902 -0.171116114 0.810537219
1661868274476111104.000000 0.009942174 -0.645178854 2.272330284 0.043578543 -0.571016848 -0.173297882 0.801254392
1661868274521112320.000000 0.013019919 -0.639225066 2.275443792 0.049743913 -0.578550875 -0.171720445 0.795811832
1661868274566113280.000000 0.013224840 -0.639512777 2.275996447 0.049917344 -0.583913445 -0.171021730 0.792025864
1661868274605113856.000000 0.014123797 -0.643295884 2.279811382 0.049476750 -0.592811048 -0.173339710 0.784907937
1661868274656114944.000000 0.014785647 -0.648319840 2.277910233 0.047395676 -0.594651878 -0.175055057 0.783261478
1661868274701116160.000000 0.017107248 -0.650694013 2.284005404 0.051804241 -0.605342090 -0.176200375 0.774487376
1661868274743116800.000000 0.018181205 -0.652683020 2.282541752 0.052176274 -0.608361483 -0.175978601 0.772143483
1661868274785117952.000000 0.018986583 -0.655365169 2.281939030 0.053279892 -0.613898218 -0.176961914 0.767446876
1661868274827118592.000000 0.019155860 -0.656686604 2.283895731 0.054394979 -0.619544804 -0.176965296 0.762816310
1661868274869119744.000000 0.022150755 -0.659457386 2.283712626 0.058494050 -0.625660300 -0.178366601 0.757174373
1661868274911120384.000000 0.023152828 -0.662199020 2.285229921 0.059955172 -0.630725503 -0.178464204 0.752822220
1661868274953121536.000000 0.023595333 -0.666014552 2.285038471 0.059814647 -0.634178102 -0.179834455 0.749599874
1661868274989122048.000000 0.024612188 -0.666954517 2.284613371 0.061985161 -0.637019694 -0.179860115 0.747003496
1661868275031123200.000000 0.025445938 -0.668790936 2.285556555 0.061937995 -0.639610350 -0.179616421 0.744849145
1661868275070124032.000000 0.026837587 -0.670486391 2.285007954 0.065483578 -0.644262493 -0.179174766 0.740630984
1661868275109124608.000000 0.027663946 -0.674107492 2.284839630 0.064914361 -0.646919429 -0.180028424 0.738153875
1661868275151125760.000000 0.028618574 -0.676631510 2.285823107 0.067015901 -0.651062191 -0.180453539 0.734209478
1661868275193126400.000000 0.028409481 -0.681324244 2.285998821 0.066421628 -0.652955890 -0.181554183 0.732307911
1661868275238127360.000000 0.028201103 -0.688668609 2.283438921 0.066593468 -0.654285491 -0.187035978 0.729721487
1661868275280128256.000000 0.028069735 -0.690184474 2.285039186 0.067763641 -0.660268188 -0.182932392 0.725251555
1661868275322129152.000000 0.029652357 -0.692416191 2.284180403 0.068275869 -0.662666321 -0.182358339 0.723157823
1661868275364130304.000000 0.029221773 -0.699352145 2.286068916 0.070094548 -0.668247283 -0.182766318 0.717724741
1661868275403131136.000000 0.029142857 -0.700732648 2.285093546 0.070458367 -0.669535935 -0.183605596 0.716272533
1661868275451132160.000000 0.028468609 -0.705631196 2.285444498 0.070726015 -0.672234237 -0.183730125 0.713682234
1661868275493132800.000000 0.029090881 -0.710186779 2.285346270 0.072256036 -0.675880849 -0.183140740 0.710227966
1661868275538133760.000000 0.026714802 -0.714763045 2.286596060 0.071338542 -0.678623736 -0.184103534 0.707450747
1661868275580134912.000000 0.027091265 -0.717122555 2.285781145 0.074076183 -0.681183457 -0.183332011 0.704905152
1661868275622135552.000000 0.025142431 -0.725295067 2.286854029 0.072719365 -0.684879243 -0.184403256 0.701176107
1661868275670136576.000000 0.026360273 -0.727005899 2.285577536 0.075526886 -0.685904086 -0.183942690 0.699997485
1661868275706137344.000000 0.024135113 -0.733795106 2.287057877 0.075939879 -0.689445853 -0.183060735 0.696696758
1661868275745138176.000000 0.023117781 -0.738010645 2.286606073 0.076163284 -0.690304518 -0.183574408 0.695686221
1661868275784139264.000000 0.022172689 -0.741177320 2.286662340 0.077193670 -0.691940069 -0.183535576 0.693956017
1661868275829140224.000000 0.016312361 -0.753137290 2.289700270 0.075137340 -0.696211636 -0.184930369 0.689524829
1661868275874140928.000000 0.016090393 -0.752963781 2.289915085 0.075593591 -0.696217835 -0.185137823 0.689413071
1661868275916142080.000000 0.018053532 -0.755449414 2.287054777 0.077400878 -0.696663141 -0.182873473 0.689366996
1661868275958142720.000000 0.021925926 -0.757771671 2.283219576 0.080089636 -0.696589589 -0.179579228 0.689999998
1661868275997143808.000000 0.022733927 -0.759156585 2.281748056 0.082382120 -0.695940495 -0.177866638 0.690828145
1661868276039144448.000000 0.023231745 -0.759413838 2.281282663 0.084692754 -0.696793139 -0.176406071 0.690063298
1661868276081145600.000000 0.018583059 -0.770833313 2.283863306 0.082784005 -0.699124217 -0.177726820 0.687593877
1661868276123146240.000000 0.011708021 -0.780392945 2.286347151 0.080180265 -0.701928437 -0.179286584 0.684634209
1661868276168147200.000000 0.013104439 -0.782845497 2.283896208 0.083047785 -0.700788260 -0.177923948 0.685814917
1661868276210148096.000000 0.012624025 -0.787940264 2.281983137 0.084054261 -0.700454533 -0.175881520 0.686559618
1661868276249149184.000000 0.009857655 -0.792488337 2.284443140 0.084687777 -0.702304423 -0.175061345 0.684799254
1661868276291149824.000000 0.008339643 -0.798531473 2.284507751 0.085393831 -0.703002691 -0.174076557 0.684246004
1661868276333150976.000000 0.007914066 -0.803362608 2.282518148 0.087539211 -0.701909721 -0.172573015 0.685476661
1661868276378151936.000000 0.005957127 -0.807657599 2.283221483 0.088000484 -0.702703536 -0.170732841 0.685064912
1661868276417152768.000000 0.003784180 -0.812837243 2.282455206 0.087654732 -0.701893449 -0.170845821 0.685911000
1661868276459153408.000000 0.002302170 -0.817702293 2.281424284 0.088215537 -0.701069891 -0.168458313 0.687270641
1661868276501154304.000000 -0.000882149 -0.825184941 2.281527042 0.088179797 -0.701037526 -0.168395206 0.687323630
1661868276546155520.000000 -0.002108812 -0.829579830 2.280662298 0.089560427 -0.700712383 -0.165435269 0.688194931
1661868276588156160.000000 -0.003085136 -0.831750035 2.280131340 0.090163827 -0.699462831 -0.165749788 0.689310789
1661868276630157312.000000 -0.006431818 -0.838594675 2.281103611 0.089434579 -0.699256182 -0.164773554 0.689849257
1661868276675158016.000000 -0.008201122 -0.850924850 2.275759459 0.089726575 -0.695369303 -0.163507774 0.694028735
1661868276717158912.000000 -0.008470774 -0.850907803 2.275888443 0.090014972 -0.695151329 -0.163421929 0.694230020
1661868276759159808.000000 -0.014909506 -0.852435231 2.280034065 0.091903925 -0.695952594 -0.158306360 0.694365025
1661868276804160768.000000 -0.018105268 -0.852936268 2.282446861 0.091346607 -0.696239948 -0.155059740 0.694882870
1661868276846161920.000000 -0.021045446 -0.853476286 2.284440041 0.095694438 -0.694402516 -0.147868410 0.697698116
1661868276885162496.000000 -0.021162510 -0.858533263 2.286214352 0.095115662 -0.693938136 -0.145540655 0.698728085
1661868276924163328.000000 -0.023094177 -0.871294379 2.277891636 0.092091061 -0.690244079 -0.150817201 0.701667070
1661868276963164416.000000 -0.027322292 -0.876502991 2.279022217 0.092955478 -0.689043701 -0.149640977 0.702983439
1661868277002164992.000000 -0.029402971 -0.880786538 2.277247906 0.093710758 -0.687077343 -0.147944361 0.705163538
1661868277044166144.000000 -0.031187773 -0.884791970 2.276002884 0.093538947 -0.685713768 -0.146921352 0.706725776
1661868277086166784.000000 -0.034358501 -0.890605688 2.275968790 0.094469786 -0.683253586 -0.143241063 0.709733784
1661868277128167936.000000 -0.038158655 -0.895262957 2.276575327 0.094839439 -0.681262612 -0.140084222 0.712224126
1661868277170168576.000000 -0.042623043 -0.902583718 2.276615620 0.093375765 -0.678648293 -0.138568848 0.715203583
1661868277215169792.000000 -0.043224335 -0.905097604 2.274929047 0.093607351 -0.676893890 -0.137670398 0.717007160
1661868277260170752.000000 -0.048444510 -0.911514759 2.275806904 0.095244057 -0.674477756 -0.134211659 0.719719112
1661868277308171520.000000 -0.052416563 -0.918513536 2.274286747 0.094330303 -0.669612229 -0.128676280 0.725371420
1661868277347172608.000000 -0.053949833 -0.923605084 2.273651600 0.094304144 -0.667820156 -0.129120708 0.726946235
1661868277389173248.000000 -0.056267023 -0.927861333 2.271741867 0.093989864 -0.663824320 -0.127533361 0.730916262
1661868277431174400.000000 -0.059286356 -0.936150074 2.269409895 0.093678221 -0.659801900 -0.125380233 0.734959602
1661868277470174976.000000 -0.061904907 -0.940454781 2.270396948 0.092575572 -0.658650458 -0.124040574 0.736358106
1661868277512176128.000000 -0.066294432 -0.943195939 2.271924019 0.092402741 -0.655729115 -0.120911911 0.739500761
1661868277554176768.000000 -0.069652796 -0.946091235 2.272232056 0.093616873 -0.653432846 -0.117956281 0.741854310
1661868277596177920.000000 -0.072417259 -0.955906093 2.271744490 0.091216296 -0.650074482 -0.114954531 0.745565712
1661868277641178880.000000 -0.072410583 -0.955999792 2.271633863 0.091227621 -0.650044441 -0.115161404 0.745558619
1661868277686179584.000000 -0.078790545 -0.957720459 2.265705585 0.096991383 -0.638876975 -0.107959993 0.755495548
1661868277728180736.000000 -0.078342199 -0.957519829 2.267164707 0.103129126 -0.637111068 -0.102542676 0.756927311
1661868277770181376.000000 -0.086181641 -0.970857263 2.267086744 0.094347052 -0.632621467 -0.102581635 0.761817455
1661868277812182528.000000 -0.088854551 -0.976064682 2.264914989 0.093338326 -0.627482414 -0.100016847 0.766518474
1661868277851183104.000000 -0.092047334 -0.978769362 2.267104387 0.093151458 -0.625982225 -0.097811453 0.768050849
1661868277893184256.000000 -0.095261455 -0.983545721 2.268021822 0.092899382 -0.621909976 -0.094034128 0.771851897
1661868277932184832.000000 -0.097908974 -0.987717867 2.267532349 0.092728756 -0.617492914 -0.090960056 0.775777161
1661868277971185664.000000 -0.099002004 -0.992750883 2.266043186 0.089818910 -0.614823699 -0.089793138 0.778371096
1661868278013186816.000000 -0.102525473 -0.996063590 2.265634537 0.090233088 -0.611366868 -0.088259213 0.781216264
1661868278055187456.000000 -0.107492208 -1.002212644 2.265638828 0.089607254 -0.604340315 -0.082800403 0.787329376
1661868278100188416.000000 -0.112685919 -1.011163712 2.263217211 0.086313002 -0.597522795 -0.082450926 0.792917669
1661868278145189632.000000 -0.114749312 -1.013581276 2.263619184 0.083998129 -0.593584657 -0.080279671 0.796339631
1661868278187190272.000000 -0.119359612 -1.015477061 2.265832424 0.085148059 -0.589552402 -0.075586066 0.799665332
1661868278229191424.000000 -0.123818159 -1.019280076 2.269147873 0.083781689 -0.585347652 -0.071207434 0.803292215
1661868278271192064.000000 -0.126743913 -1.022659063 2.265810966 0.083922170 -0.579359174 -0.068916231 0.807806015
1661868278310193152.000000 -0.129049778 -1.025838375 2.266647339 0.082920186 -0.575130165 -0.065254413 0.811228335
1661868278349193728.000000 -0.132382870 -1.028677106 2.267322779 0.083164051 -0.571348667 -0.063048854 0.814045012
1661868278391194880.000000 -0.136505604 -1.032018423 2.268362045 0.081901766 -0.567041039 -0.060356379 0.817382216
1661868278427195648.000000 -0.140950918 -1.037836075 2.267967701 0.080663569 -0.558973193 -0.055902064 0.823357344
1661868278469196288.000000 -0.142417550 -1.039861560 2.269254208 0.079813130 -0.556532979 -0.053624086 0.825242698
1661868278511197440.000000 -0.146006584 -1.043913722 2.267002344 0.079017222 -0.549535692 -0.051379930 0.830136716
1661868278550198016.000000 -0.149426937 -1.047132373 2.267213106 0.076699026 -0.544641614 -0.050627280 0.833618402
1661868278598199040.000000 -0.155098915 -1.051285744 2.268945932 0.074553847 -0.536007881 -0.045759730 0.839668632
1661868278637199872.000000 -0.156147599 -1.051636100 2.269625187 0.073957182 -0.536163151 -0.045729887 0.839623868
1661868278676200960.000000 -0.160712719 -1.053875685 2.270772457 0.073437691 -0.529533625 -0.040797606 0.844118893
1661868278721201664.000000 -0.167291880 -1.058848739 2.272721529 0.071738325 -0.519436419 -0.034158070 0.850807130
1661868278763202560.000000 -0.168281257 -1.059281111 2.272765875 0.071865380 -0.516958296 -0.032740187 0.852360010
1661868278805203712.000000 -0.172315478 -1.061769366 2.271917582 0.070906311 -0.509499311 -0.029054282 0.857052326
1661868278847204352.000000 -0.174785972 -1.065245032 2.272845268 0.069193475 -0.502777815 -0.026883366 0.861222386
1661868278886205184.000000 -0.176705599 -1.066456795 2.273089647 0.070201799 -0.498684049 -0.023986280 0.863603294
1661868278925206272.000000 -0.182611227 -1.071867228 2.271159172 0.067540191 -0.488856584 -0.020746719 0.869498193
1661868278967206912.000000 -0.185056269 -1.073205829 2.271342278 0.066061817 -0.483668923 -0.019083641 0.872545719
1661868279009208064.000000 -0.188241899 -1.074209571 2.271135330 0.065630846 -0.478623599 -0.015203767 0.875431836
1661868279048208640.000000 -0.192047060 -1.076440692 2.270397425 0.064526856 -0.471134335 -0.011984643 0.879616439
1661868279090209792.000000 -0.195556045 -1.077520728 2.269869804 0.063430920 -0.463240802 -0.008492013 0.883918822
1661868279132210432.000000 -0.200277805 -1.080384016 2.268355846 0.063166603 -0.455096304 -0.005818937 0.888179898
1661868279177211648.000000 -0.202845216 -1.082008004 2.275992870 0.059995342 -0.449617982 -0.001190334 0.891203046
1661868279216212224.000000 -0.205156177 -1.080930829 2.278470993 0.059389323 -0.445176035 0.001227365 0.893470645
1661868279264213248.000000 -0.209805548 -1.083681822 2.276442528 0.057638794 -0.434569001 0.003960400 0.898783565
1661868279309214464.000000 -0.211293101 -1.084070325 2.275880337 0.056960907 -0.431546569 0.005461139 0.900273979
1661868279351215104.000000 -0.215393007 -1.087150455 2.277673721 0.053904280 -0.422186732 0.008108789 0.904868484
1661868279393216256.000000 -0.218910038 -1.087784886 2.278533697 0.053582121 -0.414624691 0.012027494 0.908334017
1661868279435216896.000000 -0.221225053 -1.088265300 2.279446125 0.053158648 -0.409247071 0.014151441 0.910763800
1661868279477217792.000000 -0.225114539 -1.089306235 2.280682564 0.052912332 -0.400589466 0.017948551 0.914552510
1661868279522219008.000000 -0.228507385 -1.092352867 2.282490969 0.048110880 -0.392210126 0.019647874 0.918406546
1661868279570220032.000000 -0.230819613 -1.093253851 2.283506155 0.047834948 -0.387034237 0.022343326 0.920552671
1661868279612220672.000000 -0.234648898 -1.095377684 2.285275221 0.045746699 -0.376846284 0.026868938 0.924755216
1661868279651221504.000000 -0.237370402 -1.097102284 2.286403418 0.042913791 -0.368780017 0.030076588 0.928038299
1661868279687222528.000000 -0.239751369 -1.098155737 2.286608219 0.041151550 -0.363181233 0.031352483 0.930281162
1661868279732223232.000000 -0.241311282 -1.098698378 2.288039684 0.041078743 -0.358895928 0.033155777 0.931883574
1661868279774224384.000000 -0.244665757 -1.100248456 2.288914442 0.039401099 -0.348393619 0.037413187 0.935772240
1661868279816225024.000000 -0.247849882 -1.101949573 2.291069984 0.035182215 -0.340230793 0.039309185 0.938861012
1661868279858226176.000000 -0.250111789 -1.102322221 2.293231487 0.034656394 -0.331944168 0.043446060 0.941660523
1661868279900226816.000000 -0.253551364 -1.103169441 2.294345379 0.033637609 -0.324128598 0.045328528 0.944327533
1661868279945227776.000000 -0.256392688 -1.100043893 2.300040245 0.033124436 -0.318917602 0.047771506 0.945998013
1661868279990228992.000000 -0.257086843 -1.097925067 2.308182716 0.032594062 -0.310525477 0.052315749 0.948564529
1661868280035229696.000000 -0.258484125 -1.099150896 2.310611963 0.030803932 -0.303875476 0.054560177 0.950649261
1661868280077230592.000000 -0.259277612 -1.098294377 2.312122583 0.030744610 -0.297958016 0.055463299 0.952470303
1661868280125231616.000000 -0.260375500 -1.096101284 2.315809250 0.030063272 -0.291387349 0.059946913 0.954251587
1661868280167232512.000000 -0.268964082 -1.099602938 2.314304352 0.026245173 -0.282845765 0.059578683 0.956953466
1661868280209233408.000000 -0.270685762 -1.096339703 2.318957329 0.025987802 -0.273983002 0.064783998 0.959198117
1661868280251234304.000000 -0.274835765 -1.101472139 2.318104982 0.022830393 -0.263978273 0.065230161 0.962049544
1661868280293235200.000000 -0.275540411 -1.100101590 2.320580959 0.021090163 -0.254859596 0.068621255 0.964309633
1661868280338236416.000000 -0.275558054 -1.100122809 2.320503235 0.021253828 -0.252138466 0.070674814 0.964872837
1661868280380237056.000000 -0.278339058 -1.097904801 2.326064110 0.020429015 -0.240707129 0.073712558 0.967579067
1661868280422238208.000000 -0.278421879 -1.098002434 2.325932503 0.018360220 -0.232632473 0.075483777 0.969457209
1661868280464238848.000000 -0.287222058 -1.097669840 2.337390184 0.014116840 -0.224611625 0.076767288 0.971317232
1661868280503239936.000000 -0.287061751 -1.098492622 2.336697340 0.013406252 -0.216227785 0.081604972 0.972834289
1661868280548240640.000000 -0.287363440 -1.098151684 2.337453365 0.012920382 -0.213495836 0.081937805 0.973416150
1661868280590241792.000000 -0.290536523 -1.099294901 2.344740868 0.010671656 -0.203923479 0.085108683 0.975221992
1661868280635242752.000000 -0.290032566 -1.101938725 2.341541290 0.007576711 -0.195178196 0.087672070 0.976812065
1661868280680243456.000000 -0.295331657 -1.097349644 2.353861570 0.008332290 -0.184705302 0.090592213 0.978574276
1661868280722244608.000000 -0.296266377 -1.096200228 2.356387854 0.006502296 -0.177271947 0.091389768 0.979887903
1661868280764245248.000000 -0.298484147 -1.096718788 2.359942198 0.002939554 -0.169156536 0.094977081 0.980997860
1661868280800246272.000000 -0.298763365 -1.096764803 2.360982895 0.002844377 -0.163804591 0.096747719 0.981733143
1661868280851247360.000000 -0.303552538 -1.093791127 2.369383812 0.003569628 -0.152344570 0.099321187 0.983317733
1661868280905248512.000000 -0.304667205 -1.093035102 2.372351646 0.002745539 -0.141511023 0.102555640 0.984606266
1661868280956249600.000000 -0.305766076 -1.096462488 2.378748655 -0.000977932 -0.131556079 0.105476819 0.985680819
1661868280998250240.000000 -0.305828750 -1.096622467 2.379053593 -0.002807188 -0.128895700 0.107247077 0.985837758
1661868281040251136.000000 -0.307538033 -1.096044302 2.383442402 -0.003247800 -0.122112498 0.109295346 0.986474812
1661868281082252032.000000 -0.308364987 -1.096617460 2.385081291 -0.005156890 -0.115032360 0.108950742 0.987355411
1661868281124252928.000000 -0.309262097 -1.097012043 2.391719580 -0.005469544 -0.104751699 0.114373736 0.987884521
1661868281166254080.000000 -0.310387164 -1.096305132 2.394863367 -0.007559873 -0.098251574 0.116345480 0.988308311
1661868281208254720.000000 -0.312845588 -1.094947100 2.400221348 -0.006959318 -0.088033482 0.117326148 0.989159405
1661868281253255936.000000 -0.314176321 -1.095086336 2.405560017 -0.008099111 -0.082469374 0.119404383 0.989381552
1661868281292256512.000000 -0.315558523 -1.093237400 2.408995867 -0.007478645 -0.076126739 0.120502464 0.989761531
1661868281337257728.000000 -0.314923197 -1.096389651 2.411853075 -0.010396833 -0.069407798 0.123387717 0.989873707
1661868281379258368.000000 -0.316012740 -1.098098278 2.418057680 -0.012266949 -0.055644657 0.126502886 0.990328372
1661868281424259328.000000 -0.317919761 -1.095642090 2.424540043 -0.014365603 -0.050312057 0.127895743 0.990406573
1661868281466260480.000000 -0.320139885 -1.093079329 2.432843208 -0.013946795 -0.042379189 0.129596293 0.990562677
1661868281511261184.000000 -0.319864601 -1.094230771 2.435771942 -0.016465850 -0.035821609 0.132274210 0.990428805
1661868281550262272.000000 -0.320044398 -1.095293880 2.440856457 -0.016665345 -0.029591048 0.133877695 0.990415752
1661868281592262912.000000 -0.321162343 -1.095997095 2.445520639 -0.017364684 -0.020807382 0.135761410 0.990370810
1661868281631263744.000000 -0.321655005 -1.098077059 2.449979067 -0.018202761 -0.013258182 0.137719959 0.990215242
1661868281676264704.000000 -0.321186781 -1.097873092 2.456037760 -0.019541018 -0.005514178 0.139348656 0.990035236
1661868281718265856.000000 -0.321585625 -1.100046873 2.460146904 -0.023842331 0.000853577 0.141281202 0.989682078
1661868281763266560.000000 -0.320895821 -1.100224018 2.466822863 -0.023671281 0.010959462 0.142686293 0.989424169
1661868281808267520.000000 -0.321884453 -1.100452542 2.470496178 -0.025529215 0.017630648 0.143826202 0.989116549
1661868281850268672.000000 -0.321732789 -1.101454496 2.473572493 -0.024412181 0.022731882 0.145441934 0.988804340
1661868281892269312.000000 -0.318968564 -1.102477670 2.477693796 -0.026214844 0.027224727 0.149179205 0.988087654
1661868281937270528.000000 -0.319969773 -1.100185513 2.486179829 -0.025764339 0.036237217 0.149454474 0.987768412
1661868281985271552.000000 -0.319669902 -1.101232052 2.493183851 -0.026045581 0.045189258 0.151891679 0.987020016
1661868282024272128.000000 -0.318997353 -1.101964712 2.501444578 -0.029400436 0.055154789 0.154631212 0.985993326
1661868282066273280.000000 -0.318655789 -1.102378130 2.505325556 -0.030248480 0.058910575 0.155772597 0.985570610
1661868282111273984.000000 -0.318461657 -1.103363872 2.512781620 -0.028886631 0.066731043 0.156988621 0.984919906
1661868282159275008.000000 -0.319234073 -1.104407310 2.516249418 -0.029237065 0.071230873 0.157793611 0.984465659
1661868282204275968.000000 -0.318149567 -1.104364276 2.524507999 -0.031344585 0.079727530 0.159957632 0.983399510
1661868282249277184.000000 -0.316899091 -1.105249166 2.529789448 -0.029461458 0.084898748 0.161933437 0.982701302
1661868282288277760.000000 -0.316901922 -1.105757236 2.540739059 -0.028768636 0.096425362 0.163797259 0.981348574
1661868282330278912.000000 -0.314890265 -1.108507156 2.545441628 -0.030928416 0.099752076 0.165829703 0.980608761
1661868282378279680.000000 -0.314354628 -1.108469963 2.549416780 -0.029684274 0.105700411 0.167663574 0.979711831
1661868282417280768.000000 -0.314653128 -1.108817339 2.554223061 -0.028692747 0.112039827 0.168579996 0.978879333
1661868282459281408.000000 -0.314315736 -1.111533403 2.564832926 -0.031097757 0.119981162 0.171031564 0.977438331
1661868282513282816.000000 -0.312368751 -1.113991618 2.571252584 -0.032929376 0.127469152 0.173357815 0.976019681
1661868282555283456.000000 -0.311365128 -1.116113544 2.579681635 -0.035845544 0.133241937 0.174034163 0.975024998
1661868282597284608.000000 -0.311043918 -1.116837382 2.585855007 -0.034282323 0.138671875 0.174785167 0.974189401
1661868282639285248.000000 -0.309983313 -1.118147612 2.591403484 -0.037300598 0.145070568 0.176417604 0.972851574
1661868282681286400.000000 -0.308260858 -1.119922996 2.600520849 -0.036411539 0.151607767 0.178243205 0.971554756
1661868282726287104.000000 -0.306989461 -1.121730089 2.605532646 -0.035865080 0.156601250 0.180564806 0.970353603
1661868282768288256.000000 -0.306003988 -1.122078776 2.612205505 -0.035672892 0.162057877 0.181167677 0.969351828
1661868282813289216.000000 -0.304236233 -1.123429656 2.618593931 -0.038377788 0.167494640 0.181943476 0.968178332
1661868282852289792.000000 -0.302016854 -1.125492454 2.626719475 -0.037237249 0.175083071 0.184474006 0.966399848
1661868282894290688.000000 -0.299408197 -1.127403736 2.632267952 -0.037742268 0.179505870 0.186503768 0.965178549
1661868282939291648.000000 -0.299383759 -1.127330303 2.636480570 -0.037783351 0.182900757 0.186645702 0.964511871
1661868282984292864.000000 -0.296896070 -1.129220486 2.643929005 -0.038742952 0.189663306 0.189026862 0.962702334
1661868283023293440.000000 -0.296299756 -1.130845547 2.651443005 -0.037578646 0.196078345 0.190368846 0.961197615
1661868283068294400.000000 -0.293954432 -1.131641507 2.656927109 -0.036302388 0.200889647 0.191812485 0.959965408
1661868283116295680.000000 -0.292062134 -1.134233117 2.665622473 -0.040876299 0.207102716 0.192301527 0.958362043
1661868283158296320.000000 -0.290659338 -1.131922364 2.674609900 -0.036300216 0.215636015 0.192189902 0.956685185
1661868283203297280.000000 -0.288353026 -1.136951089 2.679850817 -0.036693003 0.219596162 0.195666924 0.955063164
1661868283245298432.000000 -0.286193609 -1.138016224 2.684470654 -0.035489213 0.224128947 0.197544634 0.953668118
1661868283284299008.000000 -0.285388649 -1.139755607 2.692103863 -0.039202116 0.228901982 0.197742879 0.952347040
1661868283329300224.000000 -0.284790397 -1.139705420 2.696843386 -0.036133517 0.233769357 0.198432356 0.951141894
1661868283371300864.000000 -0.282755315 -1.142168283 2.703802824 -0.037524693 0.237638101 0.199787408 0.949844718
1661868283419301888.000000 -0.282720864 -1.141861081 2.704001188 -0.037370257 0.237554014 0.199547753 0.949922264
1661868283461303040.000000 -0.280110002 -1.144400001 2.717354059 -0.033708014 0.248782471 0.201750055 0.946714342
1661868283500303872.000000 -0.275317103 -1.150443077 2.724290133 -0.034877297 0.252498955 0.203715578 0.945266068
1661868283548304896.000000 -0.274185002 -1.149512529 2.730780363 -0.034229308 0.256372929 0.203700483 0.944249690
1661868283590305536.000000 -0.274478972 -1.148889780 2.731306553 -0.033972595 0.256678671 0.203688562 0.944178462
1661868283638306560.000000 -0.268289626 -1.154573679 2.745952129 -0.034068491 0.265946388 0.206734613 0.940942407
1661868283677307648.000000 -0.265527666 -1.157757282 2.752036572 -0.034427099 0.270568311 0.207724959 0.939392328
1661868283725308416.000000 -0.262620389 -1.159309745 2.761692047 -0.033216067 0.275662273 0.208879158 0.937697470
1661868283770309376.000000 -0.260397851 -1.160406709 2.765442371 -0.032733463 0.277717173 0.210160330 0.936821461
1661868283812310528.000000 -0.257597566 -1.163415432 2.771832466 -0.032247558 0.282247692 0.211106583 0.935270190
1661868283857311232.000000 -0.257366240 -1.164264083 2.781195402 -0.031968225 0.287217885 0.211759523 0.933617651
1661868283899312384.000000 -0.251783729 -1.168395638 2.787371397 -0.036816403 0.290192604 0.213639498 0.932089567
1661868283941313024.000000 -0.251302063 -1.168451309 2.787092209 -0.036857408 0.289878935 0.214139119 0.932070971
1661868283989314048.000000 -0.246121585 -1.175374269 2.801696777 -0.033663448 0.299479127 0.216205716 0.928673327
1661868284028315136.000000 -0.243501842 -1.174960136 2.804357767 -0.032505788 0.300973028 0.216838628 0.928083837
1661868284067315712.000000 -0.241788745 -1.177493811 2.809725761 -0.032959901 0.303786159 0.217705980 0.926947594
1661868284109316864.000000 -0.240197897 -1.178772092 2.815830708 -0.033829231 0.307273269 0.218304351 0.925625205
1661868284157317632.000000 -0.235062778 -1.182260752 2.825085878 -0.035599202 0.311521441 0.220493555 0.923617721
1661868284199318528.000000 -0.231022596 -1.187217355 2.829757452 -0.031556536 0.314883500 0.223075792 0.922003150
1661868284247319808.000000 -0.225422144 -1.189982891 2.841388226 -0.031525273 0.319907874 0.223131329 0.920259476
1661868284286320384.000000 -0.223461509 -1.190571427 2.846238136 -0.029568518 0.323247164 0.224097505 0.918921888
1661868284328321536.000000 -0.219429433 -1.191756010 2.853240728 -0.030994071 0.325163722 0.224805474 0.918025315
1661868284379322624.000000 -0.218233466 -1.194165230 2.858186722 -0.030594312 0.326998681 0.224001735 0.917583287
1661868284421323264.000000 -0.213349998 -1.197123170 2.871271610 -0.027027827 0.334438473 0.225620776 0.914612412
1661868284457324032.000000 -0.212537766 -1.200697303 2.873203754 -0.027689368 0.334954053 0.225633129 0.914400816
1661868284496325120.000000 -0.209882319 -1.201319337 2.877661705 -0.026172094 0.337558866 0.226570159 0.913255215
1661868284538325760.000000 -0.204094946 -1.207369804 2.886029720 -0.026897486 0.339637756 0.227968723 0.912114620
1661868284580326912.000000 -0.202029347 -1.207300425 2.892781019 -0.025078427 0.342401534 0.228648424 0.910962284
1661868284622327552.000000 -0.196866930 -1.213199735 2.897877693 -0.026830448 0.343725324 0.230572253 0.909928322
1661868284667328512.000000 -0.195838690 -1.213477373 2.898889542 -0.026111951 0.344226688 0.230761424 0.909711659
1661868284709329664.000000 -0.188620985 -1.218142509 2.910878420 -0.026310833 0.348291397 0.232341856 0.907754481
1661868284763330816.000000 -0.183751464 -1.220202565 2.920935154 -0.023463115 0.351103634 0.232824460 0.906624854
1661868284805331456.000000 -0.180697560 -1.222801685 2.924794674 -0.023231411 0.352657586 0.233488515 0.905856609
1661868284850332416.000000 -0.176361024 -1.227626204 2.933824539 -0.024514200 0.355171114 0.235004276 0.904447615
1661868284895333632.000000 -0.172892988 -1.227774501 2.939715862 -0.022156768 0.357189178 0.236101419 0.903427422
1661868284937334272.000000 -0.170075059 -1.232159138 2.944858074 -0.026620517 0.358603358 0.236554697 0.902627766
1661868284976335360.000000 -0.165242255 -1.234709740 2.951437473 -0.024177304 0.361379474 0.239194870 0.900891900
1661868285021336064.000000 -0.162129402 -1.237455845 2.956789494 -0.026055925 0.361952037 0.238175377 0.900879741
1661868285066337024.000000 -0.159014225 -1.239481926 2.962715864 -0.023423485 0.363998860 0.239503101 0.899774671
1661868285105337856.000000 -0.152264178 -1.243013978 2.967851639 -0.022389513 0.365325093 0.239882201 0.899162352
1661868285156338944.000000 -0.148049891 -1.242825508 2.973191977 -0.021914607 0.366475642 0.240204334 0.898619652
1661868285201339904.000000 -0.145990908 -1.243961930 2.976509571 -0.021447493 0.367492616 0.239978686 0.898275852
1661868285243341056.000000 -0.141311049 -1.247502804 2.983012438 -0.019842291 0.369481027 0.240963504 0.897232771
1661868285294342144.000000 -0.138170838 -1.248684168 2.987783909 -0.019452782 0.370504171 0.240759537 0.896874070
1661868285336342784.000000 -0.132435679 -1.251242161 2.995647669 -0.018606087 0.373027414 0.242649183 0.895335615
1661868285378343936.000000 -0.129838228 -1.253635526 3.002238750 -0.021354401 0.373955339 0.241678789 0.895149589
1661868285420344576.000000 -0.125054359 -1.255976439 3.007219791 -0.018785123 0.375454038 0.241919756 0.894514501
1661868285459345664.000000 -0.122603178 -1.255733728 3.011718512 -0.019312985 0.376031607 0.240818337 0.894557953
1661868285501346304.000000 -0.118272066 -1.260184407 3.016409397 -0.018274773 0.377009004 0.241543800 0.893972516
1661868285543347456.000000 -0.118130565 -1.261798382 3.017992735 -0.018142896 0.377911389 0.241172001 0.893694580
1661868285585348096.000000 -0.111532807 -1.266161561 3.024914503 -0.017342780 0.379302502 0.242781624 0.892684698
1661868285624349184.000000 -0.111716628 -1.265848041 3.025584698 -0.017001044 0.379475445 0.241279334 0.893024981
1661868285666349824.000000 -0.107275724 -1.266675949 3.032187462 -0.016877128 0.380694300 0.241052836 0.892569602
1661868285711351040.000000 -0.100488186 -1.270406723 3.038791656 -0.016327217 0.380730569 0.242189825 0.892256558
1661868285753351680.000000 -0.096798658 -1.270398140 3.042933702 -0.014222767 0.380952448 0.241859943 0.892287433
1661868285795352576.000000 -0.096488714 -1.272794843 3.042495728 -0.015638057 0.380777538 0.241937488 0.892317355
1661868285834353408.000000 -0.090873837 -1.276334047 3.049165487 -0.014551411 0.381327480 0.241849974 0.892124593
1661868285885354496.000000 -0.084179401 -1.278610468 3.056150913 -0.013084474 0.382257015 0.241332278 0.891889632
1661868285927355648.000000 -0.080620646 -1.281157494 3.060119629 -0.013775279 0.382376939 0.242600068 0.891483784
1661868285969356288.000000 -0.075975180 -1.281785488 3.065060377 -0.012506285 0.382237762 0.241253138 0.891927600
1661868286011357184.000000 -0.072813392 -1.283471107 3.068428040 -0.012948727 0.382209063 0.241758570 0.891796768
1661868286050358016.000000 -0.067231417 -1.285720825 3.073521137 -0.012445661 0.382165313 0.241472080 0.891900301
1661868286089359104.000000 -0.064293981 -1.288463116 3.076619148 -0.012500498 0.382133752 0.241031617 0.892032206
1661868286131359744.000000 -0.059072375 -1.289647102 3.080766678 -0.013018307 0.381145954 0.241247907 0.892388761
1661868286176360960.000000 -0.056477785 -1.291397214 3.083087683 -0.015070776 0.380997270 0.242239103 0.892151415
1661868286221361920.000000 -0.050406337 -1.291598558 3.089482546 -0.016024953 0.379334152 0.242120087 0.892875493
1661868286263362560.000000 -0.047812223 -1.293956280 3.090916634 -0.013167072 0.379920125 0.241239905 0.892911375
1661868286314363648.000000 -0.040498614 -1.294559836 3.097921610 -0.010951039 0.379218847 0.240429968 0.893457651
1661868286353364480.000000 -0.037809134 -1.295324802 3.100459814 -0.009969360 0.379033685 0.239016786 0.893926799
1661868286398365440.000000 -0.033355594 -1.297761440 3.104593039 -0.010916383 0.378371716 0.238767102 0.894262850
1661868286440366592.000000 -0.033166766 -1.297526360 3.104627609 -0.010844040 0.378236681 0.238646656 0.894353032
1661868286482367232.000000 -0.024867296 -1.299969196 3.110703230 -0.011278571 0.376103431 0.238824651 0.895199299
1661868286524368384.000000 -0.020579338 -1.301648974 3.115497112 -0.010110831 0.376025170 0.236560211 0.895847201
1661868286560368896.000000 -0.017010927 -1.303768158 3.117032766 -0.009977603 0.375208408 0.236792281 0.896129727
1661868286602369792.000000 -0.012718439 -1.306164026 3.119192839 -0.010017646 0.374611795 0.236631513 0.896421373
1661868286644370688.000000 -0.006244659 -1.306190491 3.124678135 -0.011367441 0.372113943 0.236557096 0.897464633
1661868286686371840.000000 -0.003071666 -1.304433584 3.130139828 -0.010600778 0.371933043 0.234999701 0.897958100
1661868286728372480.000000 0.000517845 -1.306964755 3.130809069 -0.009647878 0.371025681 0.234176606 0.898559034
1661868286770373632.000000 0.004743814 -1.308205485 3.134201050 -0.009418192 0.369943261 0.232811615 0.899362028
1661868286821374720.000000 0.008295357 -1.309770346 3.135835171 -0.009310484 0.368818343 0.232296333 0.899958193
1661868286863375360.000000 0.015408516 -1.310531855 3.139147520 -0.009391084 0.365903199 0.232437551 0.901110172
1661868286908376576.000000 0.017885923 -1.311047792 3.143109322 -0.008796159 0.365605593 0.231605291 0.901451230
1661868286950377216.000000 0.022507966 -1.310127616 3.148705482 -0.007326815 0.364460081 0.229096666 0.902568519
1661868286992378112.000000 0.027810395 -1.313923955 3.149836540 -0.008823993 0.362412989 0.229537204 0.903267205
1661868287037379328.000000 0.028130114 -1.314583063 3.150029659 -0.008800028 0.362578154 0.229150996 0.903299212
1661868287079379968.000000 0.034979939 -1.312349319 3.156362772 -0.009194300 0.358902693 0.229108691 0.904772639
1661868287127380992.000000 0.039655924 -1.313622832 3.159626007 -0.008837602 0.357528448 0.227532804 0.905717492
1661868287169382144.000000 0.045690238 -1.314016700 3.162997484 -0.008056887 0.355370671 0.226066694 0.906940281
1661868287208382720.000000 0.045742214 -1.313868880 3.163040400 -0.008010981 0.355297953 0.226054922 0.906972110
1661868287253383936.000000 0.051992118 -1.316032767 3.167605162 -0.008747297 0.352765024 0.224012151 0.908459604
1661868287298384640.000000 0.055918515 -1.316235423 3.171720982 -0.008055053 0.350794524 0.221998885 0.909722447
1661868287340385792.000000 0.060055315 -1.317603230 3.172031879 -0.009334708 0.348987341 0.222238481 0.910346508
1661868287382386432.000000 0.059850395 -1.317001700 3.172382832 -0.008882736 0.349071026 0.221850842 0.910413504
1661868287424387328.000000 0.067739487 -1.318193436 3.176963806 -0.011145966 0.344063133 0.221184999 0.912454665
1661868287466388224.000000 0.071083128 -1.320371628 3.178367376 -0.013237309 0.342466474 0.220936492 0.913087428
1661868287508389120.000000 0.074418962 -1.319251776 3.182525158 -0.011850601 0.341101468 0.219246045 0.914024413
1661868287550390016.000000 0.079221606 -1.316498280 3.185363054 -0.009973535 0.338884681 0.217250526 0.915346920
1661868287592390912.000000 0.085899651 -1.317798853 3.188704014 -0.010156985 0.335715443 0.216058239 0.916793823
1661868287634392064.000000 0.089698195 -1.317425013 3.190829039 -0.010126826 0.332794458 0.214236170 0.918285429
1661868287676392704.000000 0.093300343 -1.318780899 3.192425966 -0.010649721 0.331669450 0.212938309 0.918988168
1661868287718393856.000000 0.097806573 -1.317342043 3.196117640 -0.010893544 0.328737617 0.211036697 0.920476258
1661868287760394496.000000 0.100657642 -1.318235397 3.196770191 -0.010589533 0.327135563 0.210069001 0.921271503
1661868287805395712.000000 0.104368448 -1.318481088 3.198697329 -0.011142076 0.325072050 0.208825782 0.922277570
1661868287847396352.000000 0.109231532 -1.317793608 3.201951504 -0.011941683 0.321867526 0.208599120 0.923442066
1661868287895397376.000000 0.113988340 -1.316597581 3.205403328 -0.011788104 0.319145799 0.206105411 0.924947381
1661868287937398528.000000 0.117580771 -1.317068100 3.208669186 -0.012620572 0.316563368 0.205419630 0.925975800
1661868287976399104.000000 0.119155943 -1.316372871 3.209206820 -0.012542991 0.315514416 0.205330342 0.926354587
1661868288015399936.000000 0.123379052 -1.315506458 3.211745262 -0.012955382 0.312244922 0.203580081 0.927841902
1661868288063400960.000000 0.128523111 -1.314824820 3.214525700 -0.014525604 0.308197498 0.202648774 0.929374397
1661868288105402112.000000 0.132686526 -1.315227032 3.217149734 -0.016552173 0.304243952 0.201166958 0.930963755
1661868288147402752.000000 0.134034902 -1.316040277 3.217135668 -0.017198876 0.303861707 0.202229381 0.930846751
1661868288189403648.000000 0.141152203 -1.314250588 3.220921278 -0.015155231 0.299497813 0.198292241 0.933140755
1661868288231404544.000000 0.142854244 -1.315139174 3.221565723 -0.015201429 0.297752261 0.196701884 0.934034705
1661868288273405440.000000 0.145217866 -1.315812945 3.223437786 -0.016096551 0.295729011 0.195955053 0.934819162
1661868288315406336.000000 0.150377363 -1.313012004 3.226344585 -0.014522905 0.292683572 0.193967938 0.936216772
1661868288354407424.000000 0.156601548 -1.311192513 3.230192661 -0.016544154 0.287136227 0.193360835 0.938024938
1661868288396408064.000000 0.160317481 -1.309456229 3.233159065 -0.015905548 0.284424007 0.191712946 0.939199746
1661868288438409216.000000 0.163136959 -1.309023023 3.235268831 -0.016596055 0.281779766 0.189690277 0.940394819
1661868288483410176.000000 0.164981633 -1.309398174 3.236498356 -0.017822912 0.280615509 0.189647183 0.940729082
1661868288525410816.000000 0.170619398 -1.306789875 3.240626097 -0.016946703 0.275919855 0.186711848 0.942719400
1661868288570412032.000000 0.170755059 -1.307133317 3.240606308 -0.017173238 0.275935113 0.186548963 0.942743003
1661868288606412544.000000 0.177558884 -1.306943774 3.244129181 -0.018517993 0.269706368 0.184531122 0.944914699
1661868288648413696.000000 0.180222586 -1.305843830 3.246168137 -0.019224271 0.266696572 0.183449760 0.945964873
1661868288690414336.000000 0.181757286 -1.304533243 3.248788834 -0.018199144 0.265106827 0.181744248 0.946760952
1661868288732415488.000000 0.187853664 -1.303104997 3.251593828 -0.019090129 0.260575026 0.179354995 0.948455632
1661868288774416128.000000 0.189786389 -1.302324176 3.252784014 -0.019010905 0.258813888 0.177777350 0.949236155
1661868288816417280.000000 0.193408653 -1.299776316 3.255867243 -0.019436706 0.255350620 0.177520975 0.950212955
1661868288858417920.000000 0.197068080 -1.300237060 3.257795334 -0.020712521 0.251869947 0.176873282 0.951235175
1661868288900419072.000000 0.198228404 -1.299459934 3.258869171 -0.020401023 0.250308156 0.175759226 0.951860487
1661868288951420160.000000 0.204512388 -1.299307346 3.262361526 -0.021717090 0.245871663 0.173397452 0.953419566
1661868288993420800.000000 0.207303733 -1.298148155 3.264483213 -0.021864219 0.242806837 0.172565132 0.954352200
1661868289041421824.000000 0.210156485 -1.296400309 3.267492294 -0.022198496 0.239544168 0.171333820 0.955390275
1661868289083422976.000000 0.217378944 -1.292857409 3.272115469 -0.022556106 0.233276173 0.169633076 0.957234621
1661868289128423680.000000 0.221577168 -1.292593241 3.274049759 -0.022898545 0.229748294 0.169504881 0.958102107
1661868289170424576.000000 0.224330932 -1.290565252 3.277007580 -0.024402944 0.225760847 0.168291286 0.959226072
1661868289212425472.000000 0.227112129 -1.290209770 3.279443741 -0.024580769 0.223678842 0.166700393 0.959986806
1661868289257426432.000000 0.229960129 -1.287869811 3.282599449 -0.024788901 0.220011562 0.165328488 0.961065590
1661868289296427264.000000 0.232728139 -1.285917521 3.286059141 -0.024574509 0.217008188 0.163953975 0.961988986
1661868289338428160.000000 0.235933110 -1.284194112 3.288497686 -0.024611153 0.213458315 0.162553534 0.963019311
1661868289380429312.000000 0.237886801 -1.283938408 3.289661407 -0.024868596 0.211632684 0.162496716 0.963425159
1661868289428430080.000000 0.241085842 -1.280996084 3.294564247 -0.026047491 0.207212731 0.160642177 0.964665055
1661868289476431104.000000 0.243116051 -1.280143380 3.296515703 -0.025503000 0.205368742 0.159884959 0.965199590
1661868289518432256.000000 0.245959967 -1.278214335 3.300282478 -0.025191536 0.201857835 0.157013088 0.966419041
1661868289560432896.000000 0.248646617 -1.275956035 3.303393126 -0.024173101 0.198042169 0.154563352 0.967628658
1661868289602433792.000000 0.254398495 -1.274720907 3.306571722 -0.025101755 0.192860812 0.155294567 0.968534112
1661868289641434624.000000 0.255645186 -1.275878310 3.306192875 -0.026151096 0.191468522 0.154731542 0.968872607
1661868289683435776.000000 0.257332265 -1.273859978 3.310072660 -0.025477858 0.189681992 0.153151974 0.969492733
1661868289725436416.000000 0.261552870 -1.271198869 3.314445257 -0.025139688 0.185221165 0.151631638 0.970602393
1661868289767437568.000000 0.262772322 -1.270346284 3.315850496 -0.025247393 0.183431596 0.151080474 0.971025348
1661868289809438208.000000 0.267820120 -1.267779469 3.321846008 -0.028000958 0.177613512 0.150105000 0.972182035
1661868289851439360.000000 0.268257618 -1.266854763 3.323035955 -0.027473768 0.176688924 0.149740562 0.972421706
1661868289890439936.000000 0.270801634 -1.265022397 3.326533318 -0.027040476 0.173701793 0.149394855 0.973025084
1661868289935440896.000000 0.272786826 -1.263983846 3.329401493 -0.028619926 0.170958266 0.148035660 0.973673284
1661868289983442176.000000 0.276474953 -1.262395144 3.333855629 -0.027155576 0.166776210 0.146241933 0.974711061
1661868290025442816.000000 0.279603928 -1.258746505 3.339797258 -0.026343593 0.162511095 0.144201010 0.975757301
1661868290067443968.000000 0.281927347 -1.258319378 3.342627525 -0.027238417 0.160231873 0.144089654 0.976126075
1661868290115444992.000000 0.285267860 -1.256755233 3.346866369 -0.027621336 0.156693563 0.143999919 0.976702809
1661868290154445568.000000 0.287859023 -1.254965544 3.350029230 -0.026681747 0.153303191 0.142815158 0.977440655
1661868290199446784.000000 0.288264632 -1.254132271 3.351837397 -0.026219800 0.152455494 0.141651079 0.977755010
1661868290244447744.000000 0.291538566 -1.252004385 3.359717607 -0.026785031 0.148100913 0.139552489 0.978710294
1661868290289448448.000000 0.293973386 -1.249278665 3.364635706 -0.026408052 0.144413769 0.138507530 0.979419768
1661868290328449536.000000 0.295557946 -1.247412205 3.368654728 -0.025856374 0.141997978 0.138318345 0.979814291
1661868290364450304.000000 0.296440244 -1.246410131 3.372427464 -0.025817217 0.140601397 0.137269214 0.980164289
1661868290412451328.000000 0.299576432 -1.246034980 3.375450134 -0.026477141 0.137603492 0.136346906 0.980700672
1661868290454451968.000000 0.300544471 -1.244320869 3.380222082 -0.029960329 0.134937122 0.136132717 0.981000721
1661868290496453120.000000 0.303540468 -1.242922068 3.386237144 -0.029698402 0.131382331 0.134301662 0.981743276
1661868290535453696.000000 0.305591673 -1.242376924 3.386834860 -0.029176554 0.129996732 0.134557530 0.981908262
1661868290580454912.000000 0.305961996 -1.242152333 3.386900663 -0.029105032 0.129864380 0.134530470 0.981931627
1661868290622455552.000000 0.305302143 -1.239819050 3.395674229 -0.026677184 0.127443716 0.132046729 0.982654631
1661868290664456704.000000 0.312676251 -1.237838507 3.403548479 -0.029383318 0.120418586 0.131796941 0.983496606
1661868290706457344.000000 0.312762350 -1.235854745 3.408520460 -0.028282054 0.119401589 0.130587980 0.983814180
1661868290754458368.000000 0.315011710 -1.235175014 3.413781643 -0.027460659 0.116708919 0.130196497 0.984212339
1661868290802459392.000000 0.314841628 -1.234764934 3.420253754 -0.026542123 0.114343733 0.128685594 0.984713674
1661868290841460224.000000 0.314026654 -1.236858130 3.421432257 -0.027939169 0.114384525 0.127747789 0.984792471
1661868290883461120.000000 0.316197842 -1.232472777 3.428726196 -0.027902620 0.110881217 0.126584828 0.985344172
1661868290925462016.000000 0.321986228 -1.229497433 3.435784817 -0.025313901 0.106542051 0.126552939 0.985896707
1661868290967462912.000000 0.322442472 -1.230084658 3.437723875 -0.024903800 0.106193163 0.126528978 0.985947907
1661868291015464192.000000 0.325482637 -1.228469491 3.444712162 -0.024102835 0.103572622 0.127331287 0.986143291
1661868291060465152.000000 0.323861986 -1.228991270 3.450032949 -0.029289247 0.101892404 0.125295997 0.986438572
1661868291102465792.000000 0.326181978 -1.226536870 3.456881523 -0.025278512 0.099649988 0.124012180 0.986940742
1661868291144466944.000000 0.326267064 -1.227205396 3.462900400 -0.027405575 0.098612957 0.123097003 0.987102687
1661868291186467584.000000 0.328564048 -1.224907279 3.467300415 -0.024256524 0.096094534 0.123037644 0.987440765
1661868291231468800.000000 0.330909848 -1.224471927 3.472305775 -0.024675975 0.093748942 0.122092456 0.987773120
1661868291270469376.000000 0.331082195 -1.223191023 3.477621317 -0.024072705 0.092981152 0.122400403 0.987822473
1661868291312470528.000000 0.335088938 -1.221899152 3.483210564 -0.022953937 0.089540288 0.121915147 0.988226891
1661868291354471168.000000 0.334575355 -1.220170498 3.488403082 -0.021567713 0.089025132 0.121600755 0.988343358
1661868291396472320.000000 0.335906446 -1.219025612 3.489260435 -0.021139311 0.088168323 0.121669911 0.988421023
1661868291438472960.000000 0.337144434 -1.218298316 3.501802683 -0.021527411 0.085130297 0.120564908 0.988814235
1661868291483473920.000000 0.337516755 -1.218903542 3.504276752 -0.021945179 0.084618710 0.120287679 0.988882720
1661868291525475072.000000 0.338519484 -1.216640949 3.514058352 -0.025093121 0.082586050 0.120119296 0.989000142
1661868291567475712.000000 0.338665247 -1.215405226 3.515467882 -0.023993358 0.082168482 0.119948305 0.989082932
1661868291609476864.000000 0.338923216 -1.215841293 3.524292946 -0.022678176 0.081566893 0.119168706 0.989258051
1661868291648477440.000000 0.339879155 -1.217159271 3.531987190 -0.022576926 0.079685166 0.118646301 0.989476442
1661868291690478336.000000 0.343303829 -1.213801384 3.539955854 -0.022361221 0.076076210 0.119463377 0.989667118
1661868291732479232.000000 0.343911439 -1.212584138 3.545978308 -0.023198092 0.075069420 0.118841335 0.989799559
1661868291771480064.000000 0.344616473 -1.211221576 3.552575111 -0.018134296 0.074209586 0.119570099 0.989882410
1661868291813481216.000000 0.345739335 -1.210963964 3.557526588 -0.017636439 0.073571935 0.119310297 0.989970326
1661868291855481856.000000 0.345521480 -1.210661769 3.563271761 -0.016119182 0.073644832 0.119316958 0.989989996
1661868291900482816.000000 0.345434904 -1.211240888 3.572302103 -0.016226860 0.073637776 0.118317805 0.990108669
1661868291942483968.000000 0.347164869 -1.209613204 3.578387260 -0.015888251 0.071484283 0.118615434 0.990236342
1661868291984484608.000000 0.346197993 -1.209877372 3.580601215 -0.015623340 0.071926057 0.118364245 0.990238547
1661868292026485760.000000 0.347603530 -1.208017111 3.591459274 -0.013053427 0.070543945 0.118756883 0.990328252
1661868292071486464.000000 0.348272830 -1.206371188 3.596601725 -0.015677836 0.069656283 0.119548261 0.990257800
1661868292113487360.000000 0.348360330 -1.206776977 3.601999521 -0.012969105 0.069724426 0.118621379 0.990403593
1661868292152488192.000000 0.347505122 -1.207278728 3.609394550 -0.012278749 0.070945323 0.118827149 0.990301073
1661868292194489344.000000 0.349871993 -1.206308603 3.618150949 -0.011568228 0.068763740 0.118714608 0.990476966
1661868292233489920.000000 0.350217283 -1.205394626 3.623215437 -0.013958220 0.067968182 0.117932498 0.990594506
1661868292281490944.000000 0.349729031 -1.205271959 3.633996725 -0.012651305 0.068056874 0.118916258 0.990488350
1661868292320491776.000000 0.349549890 -1.203496099 3.639306068 -0.010680535 0.068911269 0.119912200 0.990332425
1661868292359492864.000000 0.351078659 -1.204257488 3.644919872 -0.010286807 0.067582414 0.119045958 0.990532637
1661868292401493504.000000 0.351509333 -1.203833103 3.644851923 -0.010033139 0.067360155 0.118952423 0.990561604
1661868292443494656.000000 0.351318538 -1.204255342 3.661266565 -0.009362549 0.067364715 0.119974881 0.990444541
1661868292485495296.000000 0.351699889 -1.204197764 3.661360741 -0.009395869 0.067219675 0.119989842 0.990452290
1661868292530496256.000000 0.352530897 -1.202235937 3.674547911 -0.012170260 0.066139504 0.119694047 0.990530550
1661868292572497408.000000 0.352143198 -1.201526403 3.682100296 -0.012650108 0.066339523 0.119181134 0.990573049
1661868292614498048.000000 0.352662981 -1.203173995 3.687964678 -0.008500022 0.066875309 0.119969323 0.990486145
1661868292656499200.000000 0.353012234 -1.202390194 3.693772554 -0.007407114 0.066508129 0.120439835 0.990462601
1661868292698499840.000000 0.351722062 -1.203641534 3.705368042 -0.004363094 0.068394922 0.121017501 0.990281701
1661868292743501056.000000 0.352159619 -1.203696251 3.705760717 -0.003980650 0.068127744 0.121249214 0.990273416
1661868292785501696.000000 0.349915922 -1.202507496 3.719530821 -0.001878771 0.070273668 0.121426567 0.990107954
1661868292821502720.000000 0.350510180 -1.202019334 3.724697351 -0.003863241 0.070856050 0.121734127 0.990022898
1661868292869503488.000000 0.351119965 -1.201367021 3.727754116 -0.003686927 0.070186533 0.121562876 0.990092278
1661868292911504384.000000 0.350223780 -1.201327562 3.741969824 -0.000816448 0.072612040 0.123325720 0.989705801
1661868292959505664.000000 0.349600703 -1.201506138 3.751253366 0.001568097 0.072998397 0.123544030 0.989649296
1661868293001506304.000000 0.349290103 -1.201692224 3.757839203 0.003269824 0.074206918 0.124432802 0.989443839
1661868293043507456.000000 0.349196523 -1.201961279 3.762373209 0.002199673 0.074654318 0.123879381 0.989482582
1661868293085508096.000000 0.348315716 -1.201702237 3.771219254 0.004125886 0.075837024 0.124884501 0.989260137
1661868293130509056.000000 0.347705424 -1.202159166 3.779427052 0.005159731 0.077408396 0.126018271 0.988989770
1661868293175510272.000000 0.346752465 -1.201156020 3.786501169 0.004099200 0.078607775 0.125331432 0.988987386
1661868293217510912.000000 0.346197367 -1.201920867 3.795235634 0.003202077 0.079811178 0.125635102 0.988855779
1661868293265511936.000000 0.345603645 -1.201940417 3.806951523 0.006928311 0.081648201 0.127491131 0.988449097
1661868293313512960.000000 0.344876170 -1.200803638 3.811511993 0.006166018 0.082899429 0.127827615 0.988306522
1661868293352513792.000000 0.343977481 -1.202073216 3.821010828 0.006231834 0.084102996 0.127624527 0.988230705
1661868293391514880.000000 0.344081879 -1.202815294 3.826445341 0.008253440 0.084753260 0.128591314 0.988034964
1661868293430515456.000000 0.343800306 -1.204142809 3.836893797 0.010099278 0.086306326 0.129848391 0.987718940
1661868293472516608.000000 0.343200088 -1.202925682 3.839213133 0.011049239 0.086949632 0.130606636 0.987552345
1661868293520517632.000000 0.342313975 -1.203852773 3.852323532 0.013202785 0.089750551 0.131962121 0.987094998
1661868293562518272.000000 0.345271409 -1.204290628 3.859129190 0.014054509 0.089971811 0.133386225 0.986871660
1661868293601519104.000000 0.342640817 -1.204503417 3.864071131 0.014906883 0.091121733 0.133394688 0.986752570
1661868293643520000.000000 0.340253681 -1.205016613 3.876251221 0.015400852 0.094434582 0.133612007 0.986404002
1661868293685520896.000000 0.339887977 -1.204806089 3.881565094 0.013866302 0.095451102 0.133651659 0.986323535
1661868293730521856.000000 0.339188784 -1.204289675 3.890182495 0.017264422 0.096805088 0.135238200 0.985921621
1661868293772523008.000000 0.339291126 -1.206147075 3.897318602 0.016786402 0.098035000 0.135388821 0.985787630
1661868293811523584.000000 0.338868678 -1.206285238 3.897414446 0.017271483 0.098896407 0.135677844 0.985653460
1661868293853524736.000000 0.337811410 -1.206413865 3.908675671 0.017720249 0.100905128 0.135717511 0.985436440
1661868293898525440.000000 0.335891902 -1.206108570 3.920821905 0.017580438 0.103832245 0.136828616 0.984981120
1661868293940526592.000000 0.335408211 -1.205795407 3.921058893 0.017463572 0.103817828 0.137366861 0.984909832
1661868293985527552.000000 0.335569024 -1.209620357 3.930761337 0.019283041 0.106905989 0.139792457 0.984203935
1661868294027528192.000000 0.332605779 -1.207314134 3.939321995 0.023971565 0.110998921 0.142633602 0.983239710
1661868294069529344.000000 0.332267344 -1.208525896 3.946739435 0.023655212 0.111804925 0.142600164 0.983160913
1661868294111529984.000000 0.331715316 -1.208579421 3.954405546 0.023603505 0.113553196 0.143180057 0.982877493
1661868294162531072.000000 0.331038296 -1.209732771 3.960214138 0.024267357 0.115499780 0.144662052 0.982417345
1661868294204532224.000000 0.329446286 -1.210728765 3.967672825 0.020915514 0.118893489 0.144178554 0.982160687
1661868294246532864.000000 0.327561736 -1.211332321 3.976591825 0.022190627 0.121923104 0.145615131 0.981549084
1661868294285533952.000000 0.326914847 -1.211308360 3.982851982 0.024120027 0.123528764 0.147023499 0.981092751
1661868294324534528.000000 0.326759905 -1.211490154 3.985309839 0.024129895 0.124830417 0.147407815 0.980870128
1661868294366535424.000000 0.323898911 -1.211474657 3.994777918 0.028327169 0.129201636 0.150632262 0.979701221
