1661868260648816384.000000 0.010127969 -0.005070256 0.024451397 0.004652897 0.007854114 -0.000288762 0.999958277
1661868260690817024.000000 0.016009146 -0.005780229 0.039403979 0.004170845 0.011585521 0.000497408 0.999924064
1661868260732818176.000000 0.017240999 -0.008697051 0.042443931 0.006591362 0.014644071 0.000031665 0.999871075
1661868260774818816.000000 0.018424895 -0.008381858 0.047572009 0.007736912 0.015288008 -0.000134377 0.999853194
1661868260816819968.000000 0.017256342 -0.008834997 0.042579390 0.006608894 0.014742666 0.000142398 0.999869525
1661868260861820672.000000 0.029101692 -0.016472979 0.072532713 0.009676914 0.024592772 -0.000127278 0.999650717
1661868260903821824.000000 0.028877122 -0.016516844 0.072640739 0.009718198 0.024810527 0.000037828 0.999644935
1661868260939822336.000000 0.035379991 -0.020883380 0.092522092 0.012693039 0.032557845 -0.000161902 0.999389291
1661868260981823488.000000 0.037402578 -0.022905681 0.100134268 0.013033683 0.035722896 -0.000457805 0.999276638
1661868261020824320.000000 0.041172836 -0.024217797 0.110781901 0.014522598 0.039306872 0.000486714 0.999121547
1661868261059824896.000000 0.043830119 -0.028047202 0.120151006 0.014653337 0.043247923 0.000407323 0.998956859
1661868261104825856.000000 0.045819167 -0.030894468 0.128597945 0.015591285 0.047150813 0.000119651 0.998766065
1661868261149827072.000000 0.049135551 -0.033660334 0.138803095 0.016588196 0.050891228 0.001124033 0.998565793
1661868261188827648.000000 0.052565370 -0.035456911 0.147657976 0.016959500 0.053278308 0.001351558 0.998434782
1661868261224828416.000000 0.055568684 -0.038268231 0.156476811 0.016615665 0.056222245 0.001752460 0.998278499
1661868261272829440.000000 0.058836065 -0.040390905 0.165261954 0.016920755 0.058753937 0.002383307 0.998126268
1661868261314830592.000000 0.061119258 -0.041913085 0.173189476 0.016159812 0.061583724 0.003073608 0.997966349
1661868261359831296.000000 0.065143310 -0.043326493 0.186346665 0.014748473 0.065613382 0.003435861 0.997730255
1661868261398832384.000000 0.068537436 -0.045516934 0.194014713 0.016029045 0.067630820 0.003457092 0.997575700
1661868261443833088.000000 0.070993029 -0.048643794 0.204255641 0.019361038 0.071408950 0.003523474 0.997253001
1661868261488834048.000000 0.073146470 -0.050398219 0.214416534 0.019206928 0.075577892 0.003528761 0.996948659
1661868261530835200.000000 0.073793799 -0.052278657 0.223138675 0.017988950 0.079507291 0.003338260 0.996666372
1661868261572835840.000000 0.076804921 -0.056644909 0.234107122 0.020753741 0.082837053 0.004914542 0.996334910
1661868261620836864.000000 0.076882109 -0.057722781 0.238228783 0.022301257 0.084993936 0.004646170 0.996121049
1661868261662838016.000000 0.083167262 -0.059833508 0.254739970 0.026831962 0.087597884 0.004955188 0.995782197
1661868261707838720.000000 0.083759099 -0.061229773 0.262141377 0.028524149 0.089903437 0.005055461 0.995529115
1661868261752839680.000000 0.085553557 -0.065041676 0.271485388 0.026460715 0.093277350 0.005481551 0.995273411
1661868261791840512.000000 0.090052791 -0.067332931 0.278848708 0.027627068 0.092720002 0.006557601 0.995287240
1661868261833841664.000000 0.090508036 -0.069080256 0.293797940 0.031171432 0.097519659 0.006255483 0.994725645
1661868261875842304.000000 0.089698024 -0.072724827 0.301576257 0.029354198 0.100362539 0.006076512 0.994499266
1661868261923843328.000000 0.092013858 -0.076063201 0.310517937 0.030046370 0.101504117 0.006104793 0.994362593
1661868261965844480.000000 0.096854746 -0.076634109 0.318771362 0.031505439 0.100125432 0.005746668 0.994459331
1661868262010845184.000000 0.095317408 -0.081581160 0.330153525 0.029473685 0.104214258 0.007202102 0.994091928
1661868262052846080.000000 0.095380776 -0.081573218 0.339358181 0.027838917 0.106588528 0.006398529 0.993892848
1661868262100847360.000000 0.097835414 -0.084711388 0.348913550 0.029454429 0.107384391 0.007989825 0.993749082
1661868262139847936.000000 0.099657550 -0.086380467 0.354328632 0.029996738 0.106970839 0.008002573 0.993777335
1661868262178849024.000000 0.100298040 -0.089739054 0.367459327 0.032286268 0.109590903 0.008418438 0.993416607
1661868262217849856.000000 0.101101682 -0.091464184 0.371849746 0.032075249 0.110026695 0.008707050 0.993372858
1661868262259850496.000000 0.103018090 -0.093526386 0.383519948 0.033555903 0.110854000 0.008875803 0.993230402
1661868262301851392.000000 0.104115248 -0.093710452 0.390858978 0.032360043 0.110869952 0.007560913 0.993279159
1661868262343852288.000000 0.104446881 -0.097723424 0.401072651 0.029291362 0.112540916 0.007637143 0.993185937
1661868262388853248.000000 0.105655283 -0.101406865 0.409035772 0.031470630 0.112728015 0.009127428 0.993085444
1661868262430854400.000000 0.105384983 -0.100625046 0.418480963 0.034099866 0.113193028 0.008390397 0.992952228
1661868262472855040.000000 0.104366817 -0.103915095 0.426825404 0.034021206 0.114731684 0.008390474 0.992778361
1661868262511856128.000000 0.105720818 -0.105098963 0.436002314 0.034772757 0.113062277 0.008377151 0.992943943
1661868262559856896.000000 0.105176881 -0.107775331 0.442945689 0.034417558 0.113397196 0.007497061 0.992925107
1661868262601857792.000000 0.105950445 -0.108352363 0.452376366 0.035773668 0.111969821 0.007633575 0.993038177
1661868262646859008.000000 0.104853719 -0.110220283 0.458570570 0.035871319 0.113828488 0.006263738 0.992832899
1661868262691859712.000000 0.104993366 -0.113563277 0.476035386 0.034748320 0.110442623 0.006486792 0.993253708
1661868262733860608.000000 0.104947545 -0.113544084 0.481403291 0.035499796 0.109670453 0.005493141 0.993318737
1661868262775861504.000000 0.104363397 -0.115214914 0.487953871 0.035659999 0.109289445 0.005975439 0.993352234
1661868262820862464.000000 0.103222057 -0.117845431 0.500729203 0.035870962 0.108059518 0.005954746 0.993479252
1661868262868863488.000000 0.103460051 -0.120387048 0.509513617 0.035347823 0.105102785 0.004180991 0.993824184
1661868262907864320.000000 0.101431996 -0.120572254 0.517783046 0.032750156 0.105483025 0.003798783 0.993874431
1661868262949865216.000000 0.100572005 -0.122077897 0.527259529 0.032436032 0.103783660 0.002943490 0.994066477
1661868262991866112.000000 0.099376760 -0.123670764 0.530400991 0.034082349 0.102618247 0.003476077 0.994130671
1661868263033867008.000000 0.098525278 -0.125063598 0.536938727 0.034890473 0.100930862 0.003263105 0.994276106
1661868263075867904.000000 0.095686696 -0.124295555 0.550024688 0.038648237 0.098643012 0.005052688 0.994359314
1661868263117868800.000000 0.095494241 -0.129528731 0.556822062 0.036410529 0.095482297 0.004023600 0.994756877
1661868263159869952.000000 0.095578484 -0.131059676 0.563058674 0.034346461 0.092807129 0.002466359 0.995088458
1661868263198870784.000000 0.092606731 -0.132256716 0.573484778 0.036257785 0.089972861 0.001856711 0.995282292
1661868263240871424.000000 0.091261201 -0.133364230 0.579512358 0.035963267 0.088079207 0.001338457 0.995463192
1661868263279872512.000000 0.089000106 -0.134902388 0.587611198 0.035557799 0.086030096 0.000347378 0.995657802
1661868263321873152.000000 0.088441491 -0.136485606 0.592720628 0.035601653 0.082656272 0.000658654 0.995941818
1661868263363874304.000000 0.084983386 -0.137136087 0.601271093 0.033542413 0.081220515 -0.001462237 0.996130526
1661868263408875264.000000 0.082071073 -0.139406025 0.612073839 0.033070832 0.076247759 -0.002993427 0.996535838
1661868263444876032.000000 0.081469588 -0.141186938 0.614245296 0.032902759 0.075526819 -0.002992362 0.996596336
1661868263486876672.000000 0.078772515 -0.142266348 0.624274969 0.032923818 0.069903307 -0.003202580 0.997005224
1661868263528877824.000000 0.076126218 -0.142401055 0.632670999 0.034106161 0.065732978 -0.004185101 0.997245431
1661868263567878400.000000 0.075771183 -0.142173782 0.632887721 0.034256242 0.065882482 -0.004672308 0.997228265
1661868263609879552.000000 0.073078148 -0.143848151 0.642193854 0.035594001 0.060480911 -0.004454820 0.997524559
1661868263651880192.000000 0.069497697 -0.146226451 0.653847694 0.032920104 0.053918269 -0.008171459 0.997969151
1661868263696881408.000000 0.066291660 -0.145045012 0.658947349 0.031686276 0.053131979 -0.009822997 0.998036385
1661868263738882048.000000 0.064750023 -0.146539778 0.661694527 0.032399639 0.050022285 -0.009557534 0.998176694
1661868263780883200.000000 0.060491946 -0.147754833 0.672984481 0.033048388 0.045101635 -0.009167289 0.998393536
1661868263822883840.000000 0.058859296 -0.148997277 0.678559482 0.031097079 0.041589543 -0.009797863 0.998602748
1661868263867884800.000000 0.055533528 -0.150738478 0.686178982 0.031116193 0.035934180 -0.010932219 0.998809814
1661868263906885632.000000 0.051396638 -0.152440459 0.695496082 0.030959863 0.029623270 -0.012445340 0.999004066
1661868263954886656.000000 0.047609255 -0.152763292 0.703506529 0.031669110 0.023920273 -0.013552895 0.999120235
1661868263996887808.000000 0.046689097 -0.153013036 0.707196534 0.031280957 0.020881467 -0.013109131 0.999206543
1661868264035888384.000000 0.039822739 -0.151931524 0.717949867 0.030334264 0.015586180 -0.017463310 0.999265730
1661868264074889472.000000 0.036369018 -0.150058150 0.720902979 0.032961622 0.016614441 -0.017852899 0.999159098
1661868264119890176.000000 0.033151120 -0.153977469 0.730200469 0.031307701 0.006396138 -0.017668985 0.999333203
1661868264161891328.000000 0.031322293 -0.152604207 0.735754550 0.033492509 -0.000660280 -0.019577077 0.999247074
1661868264203891968.000000 0.027189195 -0.155187994 0.742381871 0.031900484 -0.003222579 -0.018665588 0.999311566
1661868264242893056.000000 0.025069445 -0.157206640 0.746858656 0.029974431 -0.005950290 -0.018241487 0.999366522
1661868264287893760.000000 0.017194431 -0.158513010 0.758842587 0.028898438 -0.016205851 -0.022319814 0.999201715
1661868264329894656.000000 0.016448762 -0.158670694 0.761989236 0.028593250 -0.019737940 -0.022205705 0.999149561
1661868264371895552.000000 0.007754861 -0.161371112 0.773075163 0.025389787 -0.026157156 -0.024986301 0.999022961
1661868264413896448.000000 0.003692545 -0.161477506 0.776555419 0.026906639 -0.028000301 -0.026260957 0.998900652
1661868264461897728.000000 -0.001615966 -0.162954956 0.786703467 0.024476869 -0.036309071 -0.028186785 0.998643100
1661868264500898304.000000 -0.003508294 -0.163517818 0.790510356 0.024444539 -0.040647116 -0.027782353 0.998488128
1661868264539899392.000000 -0.008513559 -0.165517256 0.796640217 0.024309769 -0.044640105 -0.028876396 0.998289764
1661868264584900096.000000 -0.013694405 -0.164369777 0.805834234 0.026938153 -0.053414475 -0.027945878 0.997817755
1661868264626901248.000000 -0.018928112 -0.166327745 0.812294662 0.023784222 -0.058312744 -0.032230441 0.997494459
1661868264665901824.000000 -0.020025438 -0.165764421 0.813890815 0.025431935 -0.060339406 -0.031059137 0.997370422
1661868264707902976.000000 -0.027758660 -0.168152288 0.825361371 0.025103912 -0.068464376 -0.032069832 0.996821940
1661868264752903680.000000 -0.029934665 -0.168625191 0.829123616 0.024748024 -0.071782239 -0.033268627 0.996558130
1661868264800904704.000000 -0.036736868 -0.170223475 0.838035524 0.025055123 -0.079092436 -0.033830341 0.995977998
1661868264851905792.000000 -0.041925963 -0.170964494 0.845906854 0.023100380 -0.085661240 -0.035557210 0.995421648
1661868264893906944.000000 -0.047593400 -0.171988890 0.852626920 0.023032758 -0.090892300 -0.036145814 0.994938016
1661868264935907584.000000 -0.052596804 -0.172700629 0.858511269 0.022911534 -0.096021764 -0.037162069 0.994421363
1661868264977908736.000000 -0.056891292 -0.173200488 0.865223885 0.022742009 -0.101791896 -0.037711546 0.993830502
1661868265016909312.000000 -0.060958996 -0.173926264 0.870790184 0.023035269 -0.108350128 -0.038496144 0.993100047
1661868265058910464.000000 -0.065759033 -0.174455807 0.876084328 0.021859780 -0.111267664 -0.039707463 0.992756307
1661868265100911104.000000 -0.071640357 -0.175603926 0.883459568 0.023084179 -0.117927015 -0.040208638 0.991939366
1661868265142912256.000000 -0.077045679 -0.176146016 0.888717473 0.020830469 -0.121854477 -0.042203646 0.991431534
1661868265187913216.000000 -0.081451036 -0.176500097 0.894375026 0.021656243 -0.126768902 -0.041553240 0.990824938
1661868265229913856.000000 -0.086357884 -0.177243605 0.900112391 0.022614889 -0.131844074 -0.042318102 0.990108609
1661868265274915072.000000 -0.093839519 -0.179087773 0.909447014 0.022895081 -0.139130026 -0.042378336 0.989102006
1661868265322916096.000000 -0.098310828 -0.180429578 0.916175723 0.022672620 -0.145653784 -0.042204853 0.988174975
1661868265361916672.000000 -0.105266683 -0.182858244 0.922817171 0.021533741 -0.150809869 -0.043182403 0.987384439
1661868265403917824.000000 -0.109214716 -0.181502268 0.925799429 0.021935916 -0.151707754 -0.044180490 0.987193823
1661868265445918464.000000 -0.114066787 -0.184911922 0.933430433 0.019431351 -0.158180624 -0.045178916 0.986184657
1661868265484919296.000000 -0.120868392 -0.184940681 0.937943995 0.017442990 -0.159917146 -0.048103951 0.985803366
1661868265526920192.000000 -0.125497967 -0.186893851 0.945641637 0.018474909 -0.167078465 -0.046987221 0.984650075
1661868265565921024.000000 -0.127880648 -0.188539997 0.948257983 0.016997518 -0.169719875 -0.047405522 0.984204769
1661868265619922176.000000 -0.134000987 -0.189745426 0.955157101 0.016192829 -0.173868299 -0.048272163 0.983451843
1661868265664923136.000000 -0.143320590 -0.194381177 0.960201919 0.015551923 -0.178245947 -0.049716838 0.982606173
1661868265706924288.000000 -0.146041095 -0.191869780 0.970247507 0.017162090 -0.184841275 -0.047785234 0.981455982
1661868265748924928.000000 -0.150440529 -0.190727934 0.977326453 0.015295288 -0.189305648 -0.047931936 0.980628371
1661868265790926080.000000 -0.157432020 -0.192706615 0.983231008 0.017613163 -0.192891583 -0.048540857 0.979860425
1661868265829926656.000000 -0.163167238 -0.194987789 0.988857150 0.014655412 -0.196270913 -0.049817532 0.979173779
1661868265874927872.000000 -0.166244701 -0.195759177 0.993005216 0.016267221 -0.199867919 -0.049152330 0.978454053
1661868265916928512.000000 -0.170162678 -0.195404127 1.002701998 0.016957263 -0.205356747 -0.047256522 0.977398515
1661868265955929600.000000 -0.176051095 -0.195059657 1.008308411 0.019526551 -0.208876386 -0.046933655 0.976620018
1661868265997930240.000000 -0.182541430 -0.198535785 1.013335109 0.017698808 -0.211011037 -0.048264038 0.976131022
1661868266036931328.000000 -0.187653169 -0.199345678 1.015975118 0.016745552 -0.212158397 -0.049681291 0.975827932
1661868266081932032.000000 -0.192626536 -0.199531183 1.024717689 0.015295478 -0.216321334 -0.048839256 0.974979937
1661868266123933184.000000 -0.199295789 -0.201431453 1.032237887 0.017752115 -0.219667003 -0.048189525 0.974222302
1661868266162933760.000000 -0.203043476 -0.202892780 1.036838531 0.016516823 -0.222411841 -0.047613461 0.973649383
1661868266204934912.000000 -0.207668662 -0.204429358 1.043835521 0.018533295 -0.225563049 -0.046429127 0.972945154
1661868266246935552.000000 -0.212085798 -0.206345648 1.048038483 0.017806027 -0.227584884 -0.045450952 0.972534001
1661868266288936704.000000 -0.215806872 -0.206695974 1.051048279 0.018873548 -0.228096917 -0.045375515 0.972397387
1661868266330937344.000000 -0.221513450 -0.208839655 1.058780551 0.019205585 -0.231573120 -0.044674557 0.971601367
1661868266369938432.000000 -0.225281149 -0.209815890 1.062714219 0.019225694 -0.233022869 -0.044624403 0.971256614
1661868266408939008.000000 -0.225550905 -0.209539041 1.063081980 0.019526539 -0.232974350 -0.044320691 0.971276164
1661868266450939904.000000 -0.233907104 -0.212259471 1.075825810 0.018395340 -0.238081232 -0.043881353 0.970079064
1661868266492940800.000000 -0.241458833 -0.214556381 1.084804893 0.018810818 -0.239900425 -0.042251606 0.969695210
1661868266540942080.000000 -0.246630669 -0.215445101 1.091272354 0.019768868 -0.241197661 -0.041664090 0.969379723
1661868266588943104.000000 -0.252659500 -0.218122512 1.098207116 0.020730788 -0.242595866 -0.040479995 0.969060838
1661868266633943808.000000 -0.257475346 -0.219934165 1.102925539 0.021342609 -0.242761970 -0.040415131 0.969008625
1661868266675944704.000000 -0.262548685 -0.222841948 1.107985020 0.020795975 -0.243317381 -0.040213246 0.968889654
1661868266729945856.000000 -0.263030738 -0.222830772 1.112145185 0.021676729 -0.245167777 -0.038647313 0.968467593
1661868266768946944.000000 -0.269800276 -0.224084541 1.118744850 0.020626701 -0.244913653 -0.038477004 0.968561530
1661868266813947648.000000 -0.275479823 -0.227159858 1.126834035 0.021576546 -0.245794475 -0.037547231 0.968354166
1661868266852948736.000000 -0.279714912 -0.229768291 1.131751299 0.020098858 -0.245708510 -0.036883753 0.968433261
1661868266894949376.000000 -0.282286614 -0.231141388 1.136133671 0.020224720 -0.246483982 -0.035915520 0.968269944
1661868266939950592.000000 -0.287668377 -0.232348487 1.142862916 0.019198384 -0.245432451 -0.035187177 0.968584657
1661868266978951168.000000 -0.292913288 -0.235112011 1.150796533 0.021297948 -0.244814485 -0.033616912 0.968752921
1661868267020952320.000000 -0.296921253 -0.237682283 1.153628111 0.020630751 -0.244232059 -0.033547115 0.968916774
1661868267065953024.000000 -0.302403867 -0.240542397 1.158565283 0.018232033 -0.241953403 -0.033231415 0.969547212
1661868267110953984.000000 -0.308643103 -0.242993221 1.168864369 0.017885990 -0.241332918 -0.032116890 0.969745874
1661868267149955072.000000 -0.311431080 -0.244991034 1.171566486 0.016347567 -0.240017548 -0.032692011 0.970080256
1661868267194955776.000000 -0.314675122 -0.246693552 1.176160336 0.016940312 -0.239147156 -0.031046927 0.970339000
1661868267236956928.000000 -0.321196884 -0.250399917 1.182557106 0.019115474 -0.236195326 -0.030432904 0.971040785
1661868267278957568.000000 -0.322583288 -0.252343774 1.189102173 0.020750793 -0.236690372 -0.027564859 0.970972300
1661868267317958656.000000 -0.326344252 -0.254378289 1.193776488 0.021997333 -0.234638035 -0.026362805 0.971476257
1661868267359959296.000000 -0.331309646 -0.258786440 1.199972034 0.022786653 -0.232384741 -0.025837928 0.972013652
1661868267398960128.000000 -0.332595408 -0.259935021 1.202395201 0.022501672 -0.231530711 -0.024963304 0.972246945
1661868267440961024.000000 -0.338220179 -0.263254285 1.211265087 0.022872936 -0.228299767 -0.023455344 0.973039567
1661868267485962240.000000 -0.338940322 -0.263604760 1.211624980 0.022466287 -0.227729186 -0.023527548 0.973180950
1661868267527962880.000000 -0.344863892 -0.268327385 1.221943498 0.019096799 -0.223139957 -0.021108123 0.974370778
1661868267569964032.000000 -0.348044753 -0.269627035 1.226822495 0.020217093 -0.220867544 -0.020227281 0.974884450
1661868267611964672.000000 -0.351693481 -0.274047703 1.232729554 0.020417083 -0.217624113 -0.019348375 0.975627303
1661868267650965760.000000 -0.353780180 -0.276217073 1.236435294 0.019933864 -0.215841800 -0.019038757 0.976039231
1661868267686966528.000000 -0.356680304 -0.279506832 1.245185137 0.018305436 -0.212591887 -0.016103880 0.976836920
1661868267728967168.000000 -0.360037148 -0.282682836 1.248314023 0.019707700 -0.209684044 -0.016265875 0.977435291
1661868267770968320.000000 -0.363323510 -0.286010414 1.255795956 0.020113232 -0.206333876 -0.014672634 0.978164852
1661868267818969344.000000 -0.365641117 -0.287416756 1.259803295 0.021720618 -0.203607053 -0.013234843 0.978722274
1661868267860969984.000000 -0.367741257 -0.289828479 1.268140197 0.022866741 -0.200199932 -0.010867484 0.979427934
1661868267902971136.000000 -0.370982260 -0.294430882 1.274158478 0.022053503 -0.196451649 -0.010006685 0.980214417
1661868267950972160.000000 -0.376041532 -0.297279537 1.279119492 0.018437397 -0.190539554 -0.009764297 0.981457829
1661868268001973248.000000 -0.377683640 -0.302112460 1.289544225 0.020417456 -0.186705127 -0.006136221 0.982184649
1661868268043973888.000000 -0.381008655 -0.304773837 1.295792818 0.021165982 -0.181932375 -0.004649330 0.983072221
1661868268091974912.000000 -0.380605817 -0.306853771 1.298858166 0.021030156 -0.180830941 -0.004228091 0.983280241
1661868268133976064.000000 -0.382445604 -0.310454667 1.305740833 0.020855827 -0.176817492 -0.002236415 0.984020174
1661868268175976704.000000 -0.385642081 -0.312264413 1.312288761 0.021433614 -0.172246709 -0.000174831 0.984820604
1661868268217977856.000000 -0.387149543 -0.314993769 1.317259908 0.020981112 -0.168907404 0.001297571 0.985407829
1661868268259978496.000000 -0.389254928 -0.317906618 1.323402166 0.020868681 -0.164272428 0.002676767 0.986190677
1661868268301979648.000000 -0.392147154 -0.320781171 1.331221461 0.020626660 -0.158834964 0.004165772 0.987080872
1661868268340980224.000000 -0.393152982 -0.322372735 1.334899545 0.018939376 -0.156619444 0.005075508 0.987464428
1661868268382981376.000000 -0.394286126 -0.324434996 1.339048266 0.017876385 -0.153725803 0.005661491 0.987935603
1661868268427982080.000000 -0.394691944 -0.328364134 1.346164346 0.016624836 -0.149658218 0.007393209 0.988570392
1661868268472983040.000000 -0.396892756 -0.330694735 1.351848006 0.016913721 -0.144196630 0.009209000 0.989361644
1661868268511983872.000000 -0.398562193 -0.336450666 1.362965226 0.018442448 -0.136032358 0.013201506 0.990444779
1661868268553984768.000000 -0.400423139 -0.337977588 1.366804600 0.018770337 -0.132315740 0.012834074 0.990946829
1661868268598985984.000000 -0.400922596 -0.340645909 1.371912479 0.017202118 -0.128963023 0.014977902 0.991387069
1661868268640986624.000000 -0.402203023 -0.343842387 1.378526807 0.018847805 -0.123763576 0.015901875 0.992005289
1661868268685987584.000000 -0.403136820 -0.346549332 1.383032441 0.018711079 -0.120003559 0.016508561 0.992459893
1661868268727988480.000000 -0.404283702 -0.350529820 1.391314149 0.017041456 -0.113625906 0.019275511 0.993190408
1661868268766989568.000000 -0.405229926 -0.353047192 1.396309376 0.019275792 -0.108942054 0.019814884 0.993663669
1661868268811990272.000000 -0.406588256 -0.355506897 1.405099273 0.020511707 -0.103032880 0.021897754 0.994225323
1661868268853991168.000000 -0.407736987 -0.357654661 1.407195330 0.020073703 -0.100739792 0.022021232 0.994466543
1661868268892992000.000000 -0.406959414 -0.360660464 1.415114284 0.020578250 -0.096289784 0.024084687 0.994849086
1661868268937992960.000000 -0.406334907 -0.362581909 1.421420813 0.020099804 -0.092801996 0.025978656 0.995142698
1661868268979994112.000000 -0.407386184 -0.366184771 1.428149700 0.017791811 -0.087905049 0.026885733 0.995607018
1661868269021994752.000000 -0.407626301 -0.368501097 1.434686899 0.019114945 -0.082979389 0.028042048 0.995973289
1661868269063995904.000000 -0.407903284 -0.371758670 1.441510916 0.018312899 -0.078582630 0.029227355 0.996310830
1661868269105996544.000000 -0.407383591 -0.373459846 1.445452929 0.016283467 -0.076670341 0.030399537 0.996459961
1661868269147997696.000000 -0.407428831 -0.375579029 1.451754808 0.017431805 -0.071708329 0.031101502 0.996788204
1661868269192998400.000000 -0.407790393 -0.378537923 1.459187746 0.016674599 -0.065697633 0.033176925 0.997148514
1661868269234999296.000000 -0.406642944 -0.381445080 1.467176795 0.018135704 -0.061293866 0.034573838 0.997355938
1661868269277000192.000000 -0.405351251 -0.382777154 1.472431898 0.018519932 -0.058991347 0.034809805 0.997479558
1661868269316001280.000000 -0.406286567 -0.385476798 1.477898836 0.018864466 -0.052661996 0.036015496 0.997784495
1661868269361001984.000000 -0.406754822 -0.387810409 1.483910680 0.016479960 -0.049587775 0.037224974 0.997939765
1661868269400003072.000000 -0.406262696 -0.390141994 1.490649819 0.018875200 -0.044793554 0.037234120 0.998123705
1661868269442003712.000000 -0.405203909 -0.392053008 1.492627263 0.018253537 -0.044450745 0.037597101 0.998136997
1661868269484004608.000000 -0.403048992 -0.395614207 1.500292301 0.015599116 -0.039388023 0.040257063 0.998290896
1661868269529005824.000000 -0.403214991 -0.397249162 1.507304192 0.018249335 -0.035515934 0.039585836 0.998418033
1661868269568006400.000000 -0.402345002 -0.400134504 1.515347481 0.018718617 -0.030654093 0.040665805 0.998527050
1661868269607007232.000000 -0.400840729 -0.401859790 1.520210862 0.018759415 -0.028718924 0.040731076 0.998581171
1661868269649008384.000000 -0.398909032 -0.403198183 1.525914311 0.019028256 -0.026911229 0.041737892 0.998584867
1661868269694009344.000000 -0.398165911 -0.406433344 1.533498883 0.018998656 -0.022700980 0.042286582 0.998666883
1661868269736009984.000000 -0.396566659 -0.407318830 1.542124510 0.021139817 -0.018620335 0.043106731 0.998673260
1661868269784011008.000000 -0.394702435 -0.410510302 1.548336864 0.020027583 -0.016445234 0.043342985 0.998724163
1661868269829012224.000000 -0.393923849 -0.413273841 1.554003716 0.019801904 -0.013122955 0.043811470 0.998757362
1661868269877013248.000000 -0.393649757 -0.416994631 1.561589360 0.019350044 -0.009828920 0.043577172 0.998814285
1661868269919013888.000000 -0.391697824 -0.417830676 1.565514088 0.017420894 -0.009312402 0.045198929 0.998782694
1661868269961015040.000000 -0.389718175 -0.419799954 1.573664308 0.018932441 -0.005933462 0.045037292 0.998788297
1661868270009015808.000000 -0.387807548 -0.421454281 1.580630183 0.019056752 -0.003452017 0.045458138 0.998778522
1661868270051016704.000000 -0.386581987 -0.421952963 1.586462379 0.020012366 -0.001501440 0.045317691 0.998771071
1661868270096017920.000000 -0.383146435 -0.425052375 1.594525695 0.020427149 -0.000194340 0.044789106 0.998787582
1661868270147019008.000000 -0.383859217 -0.425807387 1.597098827 0.020364666 0.001324608 0.045074455 0.998775184
1661868270186019584.000000 -0.381089747 -0.429344982 1.606078148 0.020581195 0.003727806 0.044523615 0.998789370
1661868270225020416.000000 -0.377417147 -0.431690633 1.615338445 0.020881025 0.005052791 0.044379991 0.998783708
1661868270264021504.000000 -0.376246959 -0.432976305 1.620889902 0.021245273 0.005950886 0.044641394 0.998759449
1661868270300022016.000000 -0.375942737 -0.433352560 1.624037862 0.020183237 0.006953412 0.044473041 0.998782516
1661868270339022848.000000 -0.373638004 -0.434862137 1.627373815 0.018368917 0.006691099 0.044928294 0.998798907
1661868270384023808.000000 -0.369775444 -0.436002851 1.635572076 0.019514047 0.007386262 0.044369292 0.998797297
1661868270423024640.000000 -0.369827539 -0.436297894 1.637753129 0.020447029 0.009010360 0.043561086 0.998800874
1661868270474025728.000000 -0.366381973 -0.439231604 1.646268964 0.021850619 0.008708264 0.041963231 0.998842299
1661868270516026624.000000 -0.363150805 -0.441167623 1.653777361 0.019440636 0.008074100 0.043448973 0.998833835
1661868270558027520.000000 -0.357838780 -0.442282349 1.662260413 0.021603400 0.007066561 0.040789716 0.998909175
1661868270600028416.000000 -0.356352568 -0.445553213 1.666815758 0.021186404 0.007085830 0.040889438 0.998913944
1661868270639029248.000000 -0.354511857 -0.447519541 1.672608852 0.022819219 0.007295332 0.039441347 0.998934686
1661868270681030400.000000 -0.350967437 -0.447224230 1.679576039 0.022638470 0.005908146 0.040429298 0.998908460
1661868270723031040.000000 -0.348269939 -0.450162917 1.686973572 0.021659615 0.004156180 0.039504182 0.998975992
1661868270762032128.000000 -0.347122431 -0.453451276 1.691585541 0.021484073 0.004228562 0.037397850 0.999060571
1661868270807032832.000000 -0.344396174 -0.452833682 1.696839571 0.024404576 0.002896216 0.035658065 0.999061882
1661868270849033728.000000 -0.341890067 -0.455847561 1.703407288 0.023968477 0.000805795 0.034416791 0.999119818
1661868270897035008.000000 -0.338288575 -0.456676036 1.710849524 0.022610301 -0.001187927 0.034938373 0.999132931
1661868270939035648.000000 -0.336142749 -0.459220529 1.717952490 0.021711111 -0.002661904 0.033915516 0.999185324
1661868270978036736.000000 -0.334414780 -0.459439844 1.720951200 0.023610912 -0.004383915 0.032002006 0.999199271
1661868271026037760.000000 -0.330139846 -0.461833566 1.729470730 0.024599480 -0.007305443 0.029452004 0.999236763
1661868271071038464.000000 -0.325406671 -0.463292032 1.738186359 0.025925230 -0.011663956 0.027502501 0.999217451
1661868271113039616.000000 -0.324437380 -0.463623226 1.744144082 0.024255071 -0.013858129 0.026839642 0.999249399
1661868271152040192.000000 -0.319754273 -0.467440993 1.751088858 0.024397334 -0.017507562 0.024809457 0.999241114
1661868271194041344.000000 -0.317571402 -0.468495697 1.756156087 0.023358010 -0.020696264 0.023755856 0.999230564
1661868271248042240.000000 -0.316275090 -0.470806450 1.758122444 0.022703830 -0.021927547 0.022574849 0.999246776
1661868271290043392.000000 -0.310673237 -0.471007317 1.768412113 0.026348369 -0.027851721 0.018296000 0.999097288
1661868271335044096.000000 -0.308999121 -0.471154600 1.772969246 0.027338356 -0.030850910 0.016942162 0.999006391
1661868271380045056.000000 -0.306441128 -0.472816855 1.778547049 0.026826449 -0.033669028 0.015381333 0.998954594
1661868271422045952.000000 -0.301902384 -0.477681279 1.788838863 0.024960663 -0.040491052 0.012769550 0.998786449
1661868271467046912.000000 -0.299169630 -0.477270991 1.793971539 0.026498832 -0.043831095 0.010962601 0.998627305
1661868271506048000.000000 -0.295486689 -0.478144735 1.799650908 0.026597861 -0.049268868 0.009220296 0.998388767
1661868271545048832.000000 -0.290993690 -0.477278501 1.804817438 0.028486995 -0.054761387 0.006750789 0.998070240
1661868271587049472.000000 -0.288894504 -0.480635166 1.811656952 0.026684644 -0.059286136 0.004935877 0.997872114
1661868271629050368.000000 -0.285398901 -0.483943373 1.816795111 0.025741259 -0.064379998 0.001925485 0.997591555
1661868271668051200.000000 -0.284625173 -0.484325141 1.820567489 0.025321225 -0.067507870 0.001492595 0.997396290
1661868271713052160.000000 -0.280276775 -0.484480619 1.826099157 0.026708068 -0.073519520 -0.000913613 0.996935666
1661868271758053376.000000 -0.278073281 -0.484589666 1.830549955 0.027864927 -0.078435838 -0.003475420 0.996523619
1661868271803054080.000000 -0.273837894 -0.484555334 1.838079214 0.025202975 -0.088978156 -0.004876146 0.995702803
1661868271845054976.000000 -0.270012558 -0.486610234 1.844300508 0.026533393 -0.093220413 -0.007215716 0.995265722
1661868271887055872.000000 -0.265953243 -0.488070339 1.851121426 0.026976924 -0.101159453 -0.011078025 0.994442761
1661868271929056768.000000 -0.263640165 -0.489474326 1.855860591 0.026718933 -0.107166372 -0.012452689 0.993804038
1661868271971057664.000000 -0.258929253 -0.490478903 1.862648487 0.028277012 -0.115516320 -0.016344396 0.992768466
1661868272010058752.000000 -0.260375381 -0.491317093 1.861512065 0.027627140 -0.114111893 -0.017147055 0.992935658
1661868272052059392.000000 -0.256090015 -0.493861586 1.871399403 0.025999211 -0.126601920 -0.022801319 0.991350651
1661868272094060544.000000 -0.252322197 -0.493942559 1.875376463 0.027467305 -0.132491067 -0.024360890 0.990504026
1661868272136061184.000000 -0.249171644 -0.494334519 1.883985281 0.029333485 -0.142169580 -0.030296559 0.988943696
1661868272181062144.000000 -0.246605903 -0.496554375 1.886973977 0.028964842 -0.147558615 -0.032017704 0.988110542
1661868272223063296.000000 -0.241609201 -0.494321883 1.895779490 0.030345030 -0.158810958 -0.033601277 0.986270368
1661868272265063936.000000 -0.239794448 -0.499296427 1.899786592 0.028086860 -0.164670750 -0.038045559 0.985214293
1661868272307065088.000000 -0.234477341 -0.498327762 1.908426166 0.029961726 -0.176458597 -0.040938031 0.982999861
1661868272352065792.000000 -0.234601468 -0.500213504 1.908852100 0.029768670 -0.178077400 -0.043086853 0.982621908
1661868272391066880.000000 -0.230707407 -0.502588272 1.916679382 0.028861830 -0.189127296 -0.047330435 0.980386555
1661868272427067392.000000 -0.227842897 -0.504009604 1.920304537 0.027862396 -0.196951956 -0.049294878 0.978776634
1661868272469068288.000000 -0.227137893 -0.506267905 1.922805309 0.027635247 -0.201624155 -0.052815005 0.977647543
1661868272508069376.000000 -0.223039359 -0.506989598 1.928536654 0.027385376 -0.210999355 -0.054412588 0.975586295
1661868272550070016.000000 -0.219776466 -0.508625090 1.935248137 0.027361367 -0.222039938 -0.058840349 0.972875893
1661868272592071168.000000 -0.217326283 -0.509538829 1.938571215 0.027787291 -0.228002310 -0.061412051 0.971324563
1661868272631071744.000000 -0.215983123 -0.509657681 1.942594528 0.028736265 -0.234690800 -0.064049944 0.969531894
1661868272673072896.000000 -0.213534415 -0.511557043 1.947903872 0.028460609 -0.243386403 -0.067367241 0.967168450
1661868272715073536.000000 -0.211005807 -0.513108313 1.954432487 0.027458483 -0.255784065 -0.070627987 0.963759482
1661868272757074688.000000 -0.209231883 -0.515751779 1.957850695 0.025339561 -0.262548953 -0.072586201 0.961850941
1661868272796075264.000000 -0.206361249 -0.516084433 1.963087082 0.027926145 -0.271860361 -0.077407673 0.958811879
1661868272838076416.000000 -0.205454782 -0.520251513 1.968169928 0.025671711 -0.281262577 -0.082190901 0.955759943
1661868272880077056.000000 -0.204592407 -0.521971583 1.970261455 0.024797052 -0.285974205 -0.084263131 0.954203129
1661868272922078208.000000 -0.200824171 -0.522832632 1.977532387 0.027107889 -0.299573630 -0.089872442 0.949443936
1661868272964078848.000000 -0.200514227 -0.522742450 1.977839470 0.027459238 -0.300212353 -0.089822948 0.949236751
1661868273006080000.000000 -0.199764013 -0.527320504 1.983607054 0.025463777 -0.310962558 -0.095580675 0.945260942
1661868273045080576.000000 -0.195555568 -0.529627919 1.989298820 0.025528282 -0.323717535 -0.098819569 0.940632761
1661868273087081728.000000 -0.192949891 -0.527678013 1.993553877 0.027634146 -0.332485765 -0.101391420 0.937234998
1661868273129082368.000000 -0.191732094 -0.529204428 1.996225834 0.027504565 -0.338043779 -0.103477366 0.935020030
1661868273171083520.000000 -0.190367222 -0.530099213 2.001473427 0.027078826 -0.349259377 -0.106737323 0.930533051
1661868273213084160.000000 -0.189460978 -0.531647325 2.004223585 0.025495205 -0.355861783 -0.108844407 0.927828252
1661868273255085312.000000 -0.189145193 -0.531841636 2.004368782 0.025528969 -0.356120825 -0.108228415 0.927800000
1661868273297085952.000000 -0.187157944 -0.533236742 2.010184526 0.026397550 -0.369410843 -0.112961464 0.921997070
1661868273342086912.000000 -0.185235113 -0.535730004 2.017416716 0.024813106 -0.384610504 -0.116832875 0.915319145
1661868273387088128.000000 -0.184193194 -0.537130833 2.020042896 0.023784207 -0.392726809 -0.118897237 0.911626816
1661868273429088768.000000 -0.183041483 -0.541223347 2.023648977 0.023871882 -0.404085100 -0.125054762 0.905818224
1661868273471089920.000000 -0.182446152 -0.542665958 2.026072741 0.023777384 -0.409552664 -0.126338959 0.903183162
1661868273516090624.000000 -0.177822888 -0.544227540 2.032728195 0.025056144 -0.421499461 -0.129296705 0.897213936
1661868273558091520.000000 -0.177471966 -0.544746518 2.033710957 0.025042821 -0.425700724 -0.130133793 0.895107210
1661868273606092800.000000 -0.174254775 -0.547921360 2.041449547 0.025639884 -0.443858117 -0.135647908 0.885399520
1661868273651093760.000000 -0.174170554 -0.548765421 2.043068886 0.024078475 -0.447195619 -0.135451406 0.883792579
1661868273693094400.000000 -0.171612024 -0.549979448 2.046910048 0.027327005 -0.456680804 -0.138847798 0.878303587
1661868273735095552.000000 -0.171752095 -0.551659465 2.050117016 0.028507808 -0.467608690 -0.143263608 0.871782720
1661868273777096192.000000 -0.171323121 -0.554873586 2.055420399 0.025900586 -0.477193028 -0.144430012 0.866461754
1661868273822097408.000000 -0.168882072 -0.554081738 2.055924892 0.029570717 -0.484337211 -0.146311864 0.862053275
1661868273864098048.000000 -0.169465065 -0.555345118 2.058104992 0.028083382 -0.486853182 -0.147092849 0.860551536
1661868273909099008.000000 -0.168034136 -0.555972874 2.059843540 0.030628027 -0.500233054 -0.149976790 0.852253437
1661868273957100032.000000 -0.166439056 -0.556441188 2.062033653 0.035048522 -0.507528007 -0.152601048 0.847289681
1661868273999100928.000000 -0.168754816 -0.557592452 2.063215256 0.033262879 -0.513245940 -0.153612271 0.843727171
1661868274041101824.000000 -0.167956471 -0.558665037 2.063890934 0.033167634 -0.519792318 -0.154613152 0.839529991
1661868274092102912.000000 -0.167928457 -0.559352815 2.064592361 0.035118259 -0.524261534 -0.157204285 0.836183786
1661868274131103744.000000 -0.167307734 -0.560073018 2.065117598 0.038553219 -0.533375919 -0.159978583 0.829717278
1661868274173104640.000000 -0.166644454 -0.564637840 2.067147255 0.035806976 -0.540379345 -0.161990225 0.824904382
1661868274215105536.000000 -0.165803432 -0.567570388 2.069515944 0.035552271 -0.547937274 -0.164320260 0.819450796
1661868274260106496.000000 -0.164540172 -0.567536116 2.070850372 0.038739167 -0.553338826 -0.164884090 0.815554202
1661868274299107328.000000 -0.164842725 -0.569948554 2.073537350 0.038425975 -0.559286475 -0.168247119 0.810811341
1661868274341108224.000000 -0.165470243 -0.571553707 2.075252533 0.039286137 -0.567561448 -0.169341236 0.804769695
1661868274386109440.000000 -0.164398313 -0.575354338 2.078271866 0.038144857 -0.575109661 -0.170626804 0.799174845
1661868274428110080.000000 -0.164282084 -0.575474262 2.078236341 0.037779812 -0.575567305 -0.170371249 0.798917174
1661868274476111104.000000 -0.163592935 -0.575418472 2.078579903 0.042502064 -0.585069716 -0.171126053 0.791582525
1661868274521112320.000000 -0.160707235 -0.576492012 2.080092192 0.044054229 -0.592882335 -0.174074039 0.785014749
1661868274566113280.000000 -0.158998132 -0.578502536 2.080570221 0.044710867 -0.597555280 -0.173941806 0.781455696
1661868274605113856.000000 -0.157824993 -0.579421997 2.080417156 0.044988468 -0.603226423 -0.174640954 0.776913524
1661868274656114944.000000 -0.156554699 -0.580733657 2.081720829 0.044407178 -0.607091427 -0.173526019 0.774181306
1661868274701116160.000000 -0.155956507 -0.581197739 2.081995487 0.048337989 -0.614134967 -0.173475146 0.768380225
1661868274743116800.000000 -0.152156472 -0.579821706 2.082499504 0.051582336 -0.618343592 -0.173180938 0.764852166
1661868274785117952.000000 -0.150651813 -0.578325987 2.083531857 0.057811085 -0.625141859 -0.172758937 0.758953154
1661868274827118592.000000 -0.151384711 -0.581288278 2.085316420 0.056594722 -0.629605234 -0.173673451 0.755136967
1661868274869119744.000000 -0.152960896 -0.589639664 2.086960793 0.050274018 -0.638788879 -0.173946828 0.747772634
1661868274911120384.000000 -0.154390812 -0.593181849 2.087784290 0.053283148 -0.640764654 -0.175473839 0.745513678
1661868274953121536.000000 -0.151111484 -0.592721879 2.088860989 0.057311215 -0.647151113 -0.177177727 0.739269197
1661868274989122048.000000 -0.152171850 -0.598481297 2.091369629 0.054663219 -0.650736868 -0.177260563 0.736296237
1661868275031123200.000000 -0.151579499 -0.599459887 2.090519667 0.055570234 -0.652707934 -0.177360788 0.734457314
1661868275070124032.000000 -0.150781155 -0.598275661 2.091092348 0.060382929 -0.657127321 -0.175479382 0.730578244
1661868275109124608.000000 -0.149858356 -0.597755790 2.091269732 0.063450314 -0.659466326 -0.174922422 0.728340864
1661868275151125760.000000 -0.150216818 -0.598595262 2.090630770 0.064153261 -0.662174344 -0.174360678 0.725953102
1661868275193126400.000000 -0.149711132 -0.598576427 2.090394497 0.066428177 -0.664096296 -0.173846290 0.724113941
1661868275238127360.000000 -0.149558783 -0.598761439 2.090324402 0.068369679 -0.667229056 -0.173859090 0.721043766
1661868275280128256.000000 -0.149210811 -0.598751426 2.090378523 0.072161429 -0.671900511 -0.172277719 0.716702819
1661868275322129152.000000 -0.148973942 -0.598666370 2.090327263 0.073801920 -0.674472809 -0.170681342 0.714498162
1661868275364130304.000000 -0.148695827 -0.599280119 2.090162516 0.078090824 -0.678641737 -0.169616252 0.710336268
1661868275403131136.000000 -0.148483038 -0.599929333 2.089884043 0.079661384 -0.680205405 -0.171214506 0.708279908
1661868275451132160.000000 -0.148465633 -0.600025594 2.089920044 0.080958173 -0.683367968 -0.167951033 0.705865800
1661868275493132800.000000 -0.147521257 -0.600733519 2.089731693 0.086813636 -0.686872244 -0.168606669 0.701599479
1661868275538133760.000000 -0.147409678 -0.600786209 2.089655876 0.088557571 -0.688631475 -0.167430520 0.699936688
1661868275580134912.000000 -0.147227526 -0.601040065 2.089587450 0.092680968 -0.691083789 -0.167438135 0.696977794
1661868275622135552.000000 -0.146970987 -0.601707876 2.089431047 0.094876513 -0.694155574 -0.167215213 0.693675518
1661868275670136576.000000 -0.146713972 -0.601830125 2.089344501 0.099646680 -0.695791662 -0.166095391 0.691633523
1661868275706137344.000000 -0.146048546 -0.602180004 2.089262486 0.104951456 -0.699562728 -0.164683059 0.687369406
1661868275745138176.000000 -0.145809889 -0.602685630 2.089236975 0.107169479 -0.701246142 -0.164241746 0.685414672
1661868275784139264.000000 -0.145618439 -0.602897108 2.089099407 0.111124910 -0.702538550 -0.162767664 0.683811128
1661868275829140224.000000 -0.144656897 -0.603375614 2.088947058 0.117185928 -0.706968427 -0.160866335 0.678664267
1661868275874140928.000000 -0.144564867 -0.603419602 2.088890553 0.117025621 -0.706897199 -0.160430983 0.678869128
1661868275916142080.000000 -0.144158602 -0.603662610 2.088846922 0.121272095 -0.709257662 -0.159184426 0.675948918
1661868275958142720.000000 -0.143123388 -0.604079723 2.088705063 0.130172104 -0.712274492 -0.159368932 0.671060264
1661868275997143808.000000 -0.141921520 -0.604397297 2.088487148 0.134857386 -0.714352727 -0.159522384 0.667881966
1661868276039144448.000000 -0.141672373 -0.604678988 2.088394165 0.137096047 -0.714779437 -0.158381075 0.667240977
1661868276081145600.000000 -0.141009808 -0.605299652 2.088081360 0.140865847 -0.714921057 -0.155854896 0.666898847
1661868276123146240.000000 -0.140763283 -0.605824888 2.087741137 0.142160967 -0.715146065 -0.154890209 0.666607380
1661868276168147200.000000 -0.140970469 -0.606289327 2.087328434 0.144862667 -0.713752627 -0.155022711 0.667487860
1661868276210148096.000000 -0.140617847 -0.607437134 2.087182045 0.145348221 -0.715042949 -0.148719251 0.667435467
1661868276249149184.000000 -0.140442371 -0.607622027 2.086978436 0.147269636 -0.714084327 -0.145242587 0.668804824
1661868276291149824.000000 -0.140716791 -0.607856512 2.087543011 0.156655878 -0.716734707 -0.145200014 0.663827717
1661868276333150976.000000 -0.140502214 -0.608330607 2.087315559 0.161117360 -0.716417611 -0.141768798 0.663843811
1661868276378151936.000000 -0.140118837 -0.608729720 2.087354422 0.165833056 -0.717206895 -0.140266418 0.662147284
1661868276417152768.000000 -0.139892101 -0.609005749 2.087296247 0.170760453 -0.717255473 -0.139402673 0.661023796
1661868276459153408.000000 -0.139510393 -0.609561324 2.087105274 0.172196433 -0.717231035 -0.134499669 0.661693215
1661868276501154304.000000 -0.139938593 -0.610360682 2.087082863 0.176339135 -0.716892481 -0.134148613 0.661040008
1661868276546155520.000000 -0.140009880 -0.610962689 2.086964607 0.180309415 -0.716540456 -0.131126106 0.660957098
1661868276588156160.000000 -0.139907598 -0.611288548 2.086759806 0.181975201 -0.715385437 -0.131112128 0.661753953
1661868276630157312.000000 -0.139713049 -0.612051785 2.086816788 0.186748564 -0.715759993 -0.128732875 0.660485089
1661868276675158016.000000 -0.139461279 -0.612740874 2.086600780 0.194371134 -0.714812636 -0.122979619 0.660408020
1661868276717158912.000000 -0.139415503 -0.612957001 2.086417675 0.193445772 -0.713873565 -0.123429030 0.661610603
1661868276759159808.000000 -0.139349222 -0.613889337 2.086145401 0.198231414 -0.712685943 -0.120632052 0.661990106
1661868276804160768.000000 -0.139087915 -0.614387155 2.085833788 0.200159937 -0.710916698 -0.118228145 0.663743675
1661868276846161920.000000 -0.138915539 -0.615553975 2.085413218 0.204911798 -0.708800972 -0.113197781 0.665431201
1661868276885162496.000000 -0.138931274 -0.616051614 2.085254431 0.210244700 -0.708000600 -0.111155346 0.664963782
1661868276924163328.000000 -0.138710022 -0.616568029 2.085045576 0.208231255 -0.706621706 -0.110539235 0.667163134
1661868276963164416.000000 -0.138830662 -0.616932034 2.084975958 0.213058248 -0.705565810 -0.107630320 0.667232156
1661868277002164992.000000 -0.138718128 -0.617222667 2.084936380 0.220046982 -0.704726934 -0.105467133 0.666195154
1661868277044166144.000000 -0.138226509 -0.617690921 2.084426641 0.219458029 -0.702241302 -0.101222083 0.669663668
1661868277086166784.000000 -0.138058901 -0.618708193 2.083793402 0.222138628 -0.698897839 -0.097283050 0.672853827
1661868277128167936.000000 -0.138189316 -0.619737983 2.083555937 0.223860681 -0.696975768 -0.092956521 0.674885452
1661868277170168576.000000 -0.138495207 -0.620568216 2.083391190 0.225425690 -0.694216132 -0.089308850 0.677695572
1661868277215169792.000000 -0.138214588 -0.620970011 2.082950830 0.225881189 -0.692545652 -0.088264741 0.679387629
1661868277260170752.000000 -0.138434887 -0.622051835 2.082758665 0.226974428 -0.689994872 -0.081091143 0.682505727
1661868277308171520.000000 -0.138775110 -0.623212397 2.082393646 0.229394928 -0.686049163 -0.074711397 0.686391175
1661868277347172608.000000 -0.138417482 -0.623759985 2.082144499 0.229511961 -0.684451222 -0.072282851 0.688204885
1661868277389173248.000000 -0.138879180 -0.624545217 2.081980467 0.230261460 -0.681827962 -0.069059484 0.690884292
1661868277431174400.000000 -0.138877511 -0.625834763 2.081579924 0.229085475 -0.678778410 -0.063805752 0.694772363
1661868277470174976.000000 -0.139393568 -0.626022696 2.081619024 0.232001364 -0.676933646 -0.060248438 0.695921183
1661868277512176128.000000 -0.139479160 -0.626822591 2.081566572 0.230632812 -0.674203217 -0.055387460 0.699421704
1661868277554176768.000000 -0.139433265 -0.627743542 2.080989122 0.230524585 -0.671428442 -0.051952425 0.702384055
1661868277596177920.000000 -0.140215397 -0.628501534 2.080944538 0.232390776 -0.667560041 -0.045812242 0.705874979
1661868277641178880.000000 -0.140219569 -0.628467560 2.080911875 0.232310861 -0.667389631 -0.045592632 0.706076622
1661868277686179584.000000 -0.140617132 -0.630215287 2.080524683 0.233580232 -0.660940468 -0.035292715 0.712286770
1661868277728180736.000000 -0.141067624 -0.630797207 2.080469847 0.234901220 -0.657530308 -0.030230286 0.715235293
1661868277770181376.000000 -0.141374826 -0.631401181 2.080539942 0.237136275 -0.654692411 -0.024100922 0.717330754
1661868277812182528.000000 -0.141584754 -0.632053733 2.080118895 0.237202778 -0.650404572 -0.019618686 0.721334755
1661868277851183104.000000 -0.142035723 -0.632556498 2.080159187 0.237748146 -0.648012698 -0.016310941 0.723387420
1661868277893184256.000000 -0.142427087 -0.633447230 2.079653740 0.236514091 -0.642826259 -0.011666507 0.728491187
1661868277932184832.000000 -0.142829657 -0.634167969 2.079669237 0.237759516 -0.639351010 -0.006190792 0.731206119
1661868277971185664.000000 -0.143342018 -0.634425581 2.079786777 0.237632111 -0.636865854 -0.002465274 0.733434975
1661868278013186816.000000 -0.143388391 -0.634857059 2.079494953 0.238304183 -0.633240640 0.001091585 0.736353338
1661868278055187456.000000 -0.143843174 -0.636222780 2.079016447 0.237717658 -0.626421928 0.008139749 0.742306948
1661868278100188416.000000 -0.144479632 -0.636354804 2.079106092 0.240776256 -0.620232522 0.015094584 0.746398389
1661868278145189632.000000 -0.144754767 -0.637471378 2.078724623 0.235767573 -0.616949081 0.016030889 0.750686705
1661868278187190272.000000 -0.145075440 -0.638185859 2.078387499 0.235570580 -0.612678051 0.022730138 0.754066050
1661868278229191424.000000 -0.145732045 -0.638811648 2.078691244 0.235638484 -0.608575702 0.028056353 0.757180929
1661868278271192064.000000 -0.146304607 -0.639591873 2.078497171 0.233644724 -0.603405297 0.033617631 0.761696875
1661868278310193152.000000 -0.146616817 -0.639521599 2.078410864 0.237073675 -0.598736823 0.039671972 0.764026463
1661868278349193728.000000 -0.146872997 -0.640124202 2.078452587 0.235850677 -0.595736921 0.043031424 0.766563952
1661868278391194880.000000 -0.147258401 -0.640528619 2.078484774 0.236580268 -0.591202140 0.048411198 0.769523382
1661868278427195648.000000 -0.147855282 -0.641683340 2.078080416 0.234345615 -0.583540440 0.057379391 0.775416195
1661868278469196288.000000 -0.148042798 -0.641883373 2.078003407 0.235618800 -0.579963386 0.059514210 0.777550280
1661868278511197440.000000 -0.148460269 -0.641927481 2.077731848 0.237245962 -0.574064553 0.066391446 0.780869067
1661868278550198016.000000 -0.148956895 -0.642870188 2.077949524 0.232944131 -0.570488572 0.067822576 0.784652770
1661868278598199040.000000 -0.149574518 -0.643713593 2.077934265 0.229478315 -0.562500536 0.077190526 0.790553331
1661868278637199872.000000 -0.149946809 -0.643657804 2.078037739 0.231182232 -0.562119544 0.076963365 0.790349960
1661868278676200960.000000 -0.150571942 -0.644587398 2.077881813 0.225439861 -0.555198073 0.085955590 0.795954585
1661868278721201664.000000 -0.151560962 -0.644727647 2.078080654 0.230709612 -0.547047734 0.093058646 0.799282134
1661868278763202560.000000 -0.151782572 -0.644796193 2.078018904 0.231073201 -0.544463456 0.094841197 0.800730884
1661868278805203712.000000 -0.152294874 -0.645107269 2.077945471 0.231056094 -0.538186491 0.101326734 0.804177463
1661868278847204352.000000 -0.152768612 -0.645777881 2.078116655 0.227398023 -0.532547355 0.105382740 0.808441699
1661868278886205184.000000 -0.153229833 -0.646066368 2.078109026 0.227934197 -0.527264833 0.110480972 0.811068416
1661868278925206272.000000 -0.153677344 -0.646416903 2.078011751 0.225913256 -0.520950496 0.116855912 0.814811945
1661868278967206912.000000 -0.154243767 -0.646684945 2.078087330 0.226306200 -0.515613377 0.119495474 0.817709804
1661868279009208064.000000 -0.154547095 -0.647150993 2.078102827 0.224657923 -0.511585057 0.123545028 0.820089161
1661868279048208640.000000 -0.155016840 -0.647478998 2.078061342 0.223478064 -0.505954087 0.127920970 0.823227942
1661868279090209792.000000 -0.155511379 -0.647797108 2.078073978 0.222638205 -0.498455912 0.133498937 0.827134907
1661868279132210432.000000 -0.155916989 -0.648132443 2.078102827 0.221325472 -0.493130773 0.138786778 0.829804420
1661868279177211648.000000 -0.156522214 -0.648680568 2.077976942 0.218704388 -0.485279351 0.143730715 0.834274471
1661868279216212224.000000 -0.156826735 -0.648941219 2.078013897 0.218246058 -0.480412930 0.146784887 0.836675823
1661868279264213248.000000 -0.157433987 -0.649471939 2.078054905 0.215280712 -0.471174151 0.152005106 0.841750324
1661868279309214464.000000 -0.157563031 -0.649612427 2.078078985 0.213759333 -0.468960285 0.153192386 0.843157947
1661868279351215104.000000 -0.158187270 -0.650228798 2.078160286 0.209701866 -0.460187435 0.158858180 0.847948551
1661868279393216256.000000 -0.158590943 -0.650579393 2.078251839 0.209156334 -0.454165012 0.163430274 0.850457728
1661868279435216896.000000 -0.158917129 -0.650900006 2.078322887 0.206811309 -0.449235201 0.167653710 0.852824152
1661868279477217792.000000 -0.159344375 -0.651294589 2.078447342 0.205527678 -0.441622645 0.172557622 0.856126070
1661868279522219008.000000 -0.159695685 -0.652040541 2.078564644 0.199541882 -0.434982747 0.176037252 0.860223293
1661868279570220032.000000 -0.159969091 -0.651955068 2.078613520 0.200504839 -0.430632025 0.179211318 0.861531854
1661868279612220672.000000 -0.160461903 -0.652792037 2.078742504 0.196161062 -0.421088010 0.185359508 0.865937412
1661868279651221504.000000 -0.160802722 -0.653193176 2.078917980 0.193031445 -0.414326876 0.189154297 0.869075835
1661868279687222528.000000 -0.161029011 -0.653410435 2.078885555 0.190482929 -0.410038561 0.191649765 0.871122897
1661868279732223232.000000 -0.161249489 -0.653662562 2.078974962 0.188690767 -0.406166017 0.194527850 0.872687757
1661868279774224384.000000 -0.161672056 -0.654124498 2.079178333 0.184747607 -0.397064239 0.201431453 0.876147091
1661868279816225024.000000 -0.162044138 -0.654538512 2.079269886 0.179796323 -0.389972746 0.204002365 0.879760027
1661868279858226176.000000 -0.162408128 -0.654943287 2.079489708 0.177004039 -0.382048547 0.211298481 0.882077992
1661868279900226816.000000 -0.162790954 -0.655419707 2.079796553 0.173629239 -0.376462936 0.214606598 0.884348691
1661868279945227776.000000 -0.162842348 -0.655471027 2.079792976 0.172314301 -0.372786880 0.216565117 0.885684729
1661868279990228992.000000 -0.163396478 -0.656179547 2.080248117 0.166947007 -0.363051981 0.222574607 0.889259517
1661868280035229696.000000 -0.163596198 -0.656434655 2.080413580 0.164383516 -0.357237905 0.226232976 0.891166508
1661868280077230592.000000 -0.163865089 -0.656774402 2.080620766 0.161364287 -0.351654202 0.229815140 0.893020689
1661868280125231616.000000 -0.164073572 -0.657011151 2.080740929 0.158659503 -0.344377756 0.235879108 0.894758224
1661868280167232512.000000 -0.164253280 -0.657292187 2.080889463 0.156012446 -0.340967298 0.235762805 0.896558702
1661868280209233408.000000 -0.164471000 -0.657538414 2.081068754 0.152629286 -0.332549930 0.240865707 0.898943067
1661868280251234304.000000 -0.164771497 -0.657941878 2.081405640 0.148065090 -0.325663149 0.245208070 0.901051164
1661868280293235200.000000 -0.165381536 -0.658778489 2.082176924 0.141872436 -0.317461073 0.248508751 0.904065311
1661868280338236416.000000 -0.165586203 -0.659109831 2.082504511 0.140124977 -0.316680431 0.246523052 0.905154645
1661868280380237056.000000 -0.165696964 -0.659223437 2.082599163 0.136577547 -0.304954052 0.255947202 0.907105625
1661868280422238208.000000 -0.167611778 -0.659415603 2.084035158 0.133707076 -0.293305397 0.256303459 0.911264479
1661868280464238848.000000 -0.167384297 -0.659443021 2.084001780 0.129673004 -0.289918482 0.260029972 0.911875308
1661868280503239936.000000 -0.166666031 -0.659977496 2.084130764 0.124630891 -0.285107076 0.267851859 0.911831439
1661868280548240640.000000 -0.167419016 -0.659820914 2.084281683 0.125802577 -0.279886752 0.267464161 0.913400292
1661868280590241792.000000 -0.168672860 -0.660125256 2.085392237 0.122633025 -0.269032717 0.269247800 0.916563213
1661868280635242752.000000 -0.168892428 -0.660205364 2.085641384 0.120771028 -0.262410134 0.271957487 0.917929411
1661868280680243456.000000 -0.169740617 -0.660442829 2.087249279 0.116107337 -0.253100544 0.276868343 0.919675529
1661868280722244608.000000 -0.169951215 -0.660695314 2.087495089 0.111875311 -0.245881870 0.278715700 0.921598434
1661868280764245248.000000 -0.169872329 -0.661276579 2.088023424 0.104911089 -0.240051106 0.282871425 0.922687888
1661868280800246272.000000 -0.170272619 -0.661613703 2.088640213 0.103435881 -0.233536646 0.284608752 0.923991144
1661868280851247360.000000 -0.170999393 -0.661513805 2.089644432 0.101587042 -0.224471465 0.289853424 0.924812198
1661868280905248512.000000 -0.171360925 -0.661853731 2.090506792 0.097968675 -0.215429619 0.294835180 0.925777793
1661868280956249600.000000 -0.171883985 -0.662189484 2.091375828 0.094189703 -0.204053119 0.297553957 0.927875161
1661868280998250240.000000 -0.172059596 -0.662362635 2.091770887 0.092667729 -0.202824146 0.298236996 0.928078592
1661868281040251136.000000 -0.172340959 -0.662555754 2.092267036 0.088900439 -0.195957571 0.300725728 0.929118693
1661868281082252032.000000 -0.172253981 -0.662651658 2.092876911 0.085926861 -0.190810069 0.303665251 0.929513574
1661868281124252928.000000 -0.172484368 -0.663070560 2.093672037 0.083136261 -0.181103960 0.307159573 0.930560470
1661868281166254080.000000 -0.172640651 -0.663149655 2.094393969 0.079218552 -0.176061884 0.311453462 0.930442572
1661868281208254720.000000 -0.173092097 -0.663264811 2.095251083 0.077427149 -0.166620597 0.314075738 0.931450009
1661868281253255936.000000 -0.173495173 -0.663585901 2.096122026 0.074937649 -0.161290184 0.315083683 0.932251096
1661868281292256512.000000 -0.173715621 -0.663455665 2.096373320 0.075272083 -0.155746102 0.318407416 0.932037592
1661868281337257728.000000 -0.173913509 -0.663930953 2.097625732 0.070055738 -0.149582803 0.319309115 0.933144629
1661868281379258368.000000 -0.175331950 -0.664382994 2.100081444 0.065114982 -0.134032935 0.322637886 0.934719265
1661868281424259328.000000 -0.174871162 -0.664368391 2.099911451 0.062470332 -0.131603181 0.325292945 0.934324682
1661868281466260480.000000 -0.175117224 -0.664429665 2.100895166 0.061541598 -0.124727368 0.328625977 0.934163094
1661868281511261184.000000 -0.175271302 -0.664714217 2.101574898 0.057645623 -0.118011691 0.330654263 0.934568346
1661868281550262272.000000 -0.175508559 -0.665060043 2.102354288 0.055651475 -0.111461252 0.332390845 0.934877336
1661868281592262912.000000 -0.176069647 -0.665184379 2.103710413 0.053387571 -0.102745250 0.334332526 0.935315490
1661868281631263744.000000 -0.175906479 -0.665583670 2.104397058 0.051452395 -0.096802220 0.338162154 0.934680879
1661868281676264704.000000 -0.176556796 -0.665615797 2.105914593 0.048098113 -0.087955534 0.339866817 0.935115516
1661868281718265856.000000 -0.176041305 -0.666179895 2.106561422 0.042998649 -0.084577829 0.341215849 0.935184240
1661868281763266560.000000 -0.176111758 -0.666571259 2.107999563 0.040073633 -0.074817814 0.343391746 0.935349405
1661868281808267520.000000 -0.176620483 -0.666575015 2.109027624 0.037490536 -0.068859555 0.346133113 0.934903622
1661868281850268672.000000 -0.176340461 -0.666783571 2.109601021 0.036958247 -0.063622378 0.348136961 0.934551775
1661868281892269312.000000 -0.176165506 -0.666956902 2.110185385 0.035046373 -0.059772432 0.350593925 0.933960915
1661868281937270528.000000 -0.176145196 -0.667246819 2.111812115 0.030932331 -0.051058773 0.352730721 0.933818698
1661868281985271552.000000 -0.176513076 -0.667459249 2.113189936 0.030092608 -0.042622831 0.354640245 0.933546007
1661868282024272128.000000 -0.176215589 -0.667697072 2.113952637 0.025005559 -0.034104858 0.357921094 0.932793796
1661868282066273280.000000 -0.176469669 -0.668187737 2.115440130 0.021773132 -0.029817695 0.358554065 0.932778537
1661868282111273984.000000 -0.176434427 -0.668377101 2.116773367 0.021927958 -0.021906443 0.361899823 0.931701601
1661868282159275008.000000 -0.176429436 -0.668747306 2.117154837 0.021369010 -0.018142035 0.362171739 0.931689799
1661868282204275968.000000 -0.176295653 -0.669137061 2.118523121 0.016411334 -0.010966548 0.364837587 0.930862010
1661868282249277184.000000 -0.176377460 -0.669192553 2.119731903 0.017477671 -0.005132766 0.366122305 0.930388451
1661868282288277760.000000 -0.176496699 -0.669241607 2.121340036 0.017732259 0.005563909 0.369082004 0.929211020
1661868282330278912.000000 -0.176491171 -0.669886649 2.122386932 0.014479977 0.009929512 0.370421588 0.928697765
1661868282378279680.000000 -0.176405087 -0.670164168 2.123413324 0.012894127 0.015652744 0.372318983 0.927883267
1661868282417280768.000000 -0.176396668 -0.670322001 2.124627352 0.012380335 0.021248342 0.374295950 0.926983178
1661868282459281408.000000 -0.176045373 -0.670998454 2.126432419 0.008558286 0.027946934 0.376803815 0.925831854
1661868282513282816.000000 -0.176171377 -0.671172798 2.127748489 0.006992150 0.035344411 0.378391653 0.924944103
1661868282555283456.000000 -0.176198602 -0.671367645 2.129076481 0.003327977 0.040994003 0.380638123 0.923808992
1661868282597284608.000000 -0.175803110 -0.671797037 2.130025864 0.003276080 0.045404661 0.381721616 0.923155606
1661868282639285248.000000 -0.175604030 -0.672373176 2.131428957 -0.002342141 0.051093921 0.382911354 0.922368050
1661868282681286400.000000 -0.175646037 -0.672486305 2.132801771 -0.001476163 0.057788741 0.384599745 0.921271622
1661868282726287104.000000 -0.175608069 -0.672565758 2.133960485 -0.001545840 0.062920280 0.386364788 0.920196176
1661868282768288256.000000 -0.175373703 -0.673026860 2.135142326 -0.003072147 0.068189800 0.387410104 0.919377029
1661868282813289216.000000 -0.175182402 -0.673455715 2.136215925 -0.007113378 0.072969295 0.388526648 0.918516159
1661868282852289792.000000 -0.174798399 -0.673768818 2.138004303 -0.007379299 0.080277726 0.391008705 0.916849673
1661868282894290688.000000 -0.174412072 -0.674031675 2.139072657 -0.007932216 0.085132629 0.392569929 0.915739298
1661868282939291648.000000 -0.174526006 -0.674332798 2.139889002 -0.010211423 0.088096984 0.392443538 0.915490448
1661868282984292864.000000 -0.174186707 -0.674710274 2.141313791 -0.011902740 0.094779015 0.394814551 0.913781583
1661868283023293440.000000 -0.174026281 -0.675193071 2.142821074 -0.012796178 0.100998379 0.396175027 0.912513554
1661868283068294400.000000 -0.173794746 -0.675433815 2.143958569 -0.013911605 0.106803142 0.397918254 0.911076605
1661868283116295680.000000 -0.173308432 -0.676016271 2.145299673 -0.018763792 0.110670246 0.398469925 0.910286665
1661868283158296320.000000 -0.173479199 -0.675960898 2.146966934 -0.016769370 0.120472401 0.399502128 0.908627152
1661868283203297280.000000 -0.172780842 -0.676845372 2.148308992 -0.017948115 0.124304429 0.402318954 0.906843841
1661868283245298432.000000 -0.172645986 -0.676991940 2.149817705 -0.018208796 0.130341038 0.403632998 0.905405998
1661868283284299008.000000 -0.172260791 -0.677560449 2.150701046 -0.022611227 0.132699177 0.404323310 0.904655933
1661868283329300224.000000 -0.171999633 -0.677716732 2.151422739 -0.021070676 0.137370259 0.405514508 0.903461933
1661868283371300864.000000 -0.171712816 -0.678210199 2.152995110 -0.023751553 0.141009420 0.406261712 0.902498603
1661868283419301888.000000 -0.171698749 -0.678197265 2.152961493 -0.023733350 0.141275376 0.406743109 0.902240634
1661868283461303040.000000 -0.171048373 -0.679205000 2.155512810 -0.023656271 0.152767450 0.409749806 0.899003685
1661868283500303872.000000 -0.169954628 -0.679912567 2.156661034 -0.025987655 0.156499967 0.412375748 0.897094548
1661868283548304896.000000 -0.170202553 -0.680014372 2.157739162 -0.025667006 0.160341233 0.411672205 0.896748543
1661868283590305536.000000 -0.170286596 -0.679979920 2.157740116 -0.025296764 0.160578981 0.411372781 0.896853864
1661868283638306560.000000 -0.169096649 -0.680984437 2.160830975 -0.027693281 0.170005381 0.414456218 0.893620372
1661868283677307648.000000 -0.168652326 -0.681441247 2.162032604 -0.029074715 0.175047845 0.415652275 0.892046094
1661868283725308416.000000 -0.167853594 -0.682018161 2.163674593 -0.029910041 0.179504126 0.417618990 0.890212417
1661868283770309376.000000 -0.167606294 -0.682216167 2.164447784 -0.030059146 0.182386577 0.418420464 0.889244616
1661868283812310528.000000 -0.166873455 -0.682915688 2.165595531 -0.030865813 0.186389744 0.419951409 0.887663841
1661868283857311232.000000 -0.166708171 -0.683264852 2.166986227 -0.031653330 0.190008819 0.420874894 0.886430502
1661868283899312384.000000 -0.165921569 -0.683722258 2.168616772 -0.036524586 0.193557501 0.422019452 0.884929955
1661868283941313024.000000 -0.165850699 -0.683829427 2.168564796 -0.037022833 0.193409055 0.422392666 0.884763718
1661868283989314048.000000 -0.164516091 -0.684999883 2.171425104 -0.035718985 0.202982277 0.424731463 0.881547213
1661868284028315136.000000 -0.164157212 -0.684959292 2.172018051 -0.035260677 0.204773962 0.425611377 0.880726635
1661868284067315712.000000 -0.163792431 -0.685361505 2.173042059 -0.036296599 0.207545459 0.426705450 0.879505515
1661868284109316864.000000 -0.163612008 -0.685616612 2.174129009 -0.037869260 0.211107656 0.426896393 0.878498197
1661868284157317632.000000 -0.162525535 -0.686087012 2.176091433 -0.040370129 0.214172438 0.428725719 0.876752377
1661868284199318528.000000 -0.161625624 -0.686756968 2.177355051 -0.037219793 0.219355673 0.430470496 0.874753118
1661868284247319808.000000 -0.161016405 -0.686908185 2.179256439 -0.037890494 0.223572120 0.431032121 0.873379111
1661868284286320384.000000 -0.160851121 -0.687069535 2.180133820 -0.036087245 0.226484746 0.430966109 0.872737408
1661868284328321536.000000 -0.159949422 -0.687386036 2.181627035 -0.039019369 0.228487328 0.432377279 0.871390224
1661868284379322624.000000 -0.159594655 -0.687625766 2.182228804 -0.039119128 0.230359465 0.432129383 0.871015787
1661868284421323264.000000 -0.158653677 -0.688902438 2.184498549 -0.037142985 0.237803861 0.434235424 0.868049145
1661868284457324032.000000 -0.158317089 -0.688941538 2.185113668 -0.037162155 0.238700986 0.434452266 0.867693543
1661868284496325120.000000 -0.157896996 -0.689180017 2.186021090 -0.037162963 0.241329581 0.434953630 0.866714656
1661868284538325760.000000 -0.157483935 -0.690731585 2.187858105 -0.037626363 0.246601686 0.435554415 0.864907086
1661868284580326912.000000 -0.157330275 -0.690333486 2.189202547 -0.035620343 0.248741716 0.435667664 0.864322007
1661868284622327552.000000 -0.155752540 -0.691215813 2.190315247 -0.037862837 0.250507206 0.437996596 0.862537920
1661868284667328512.000000 -0.155509889 -0.691358685 2.190677881 -0.038607467 0.251385450 0.438637584 0.861923397
1661868284709329664.000000 -0.154119074 -0.692014813 2.192730188 -0.038900994 0.254644752 0.438991457 0.860772491
1661868284763330816.000000 -0.153354645 -0.692318320 2.194586277 -0.036705445 0.258600742 0.440359324 0.858989000
1661868284805331456.000000 -0.151968241 -0.693266928 2.195775747 -0.038409479 0.259667188 0.441427141 0.858044147
1661868284850332416.000000 -0.151119053 -0.693782270 2.197181940 -0.040405028 0.261629730 0.442155629 0.856980562
1661868284895333632.000000 -0.150493205 -0.694221020 2.198619843 -0.039824437 0.264030725 0.442472756 0.856107295
1661868284937334272.000000 -0.150148451 -0.694427967 2.199617863 -0.042078599 0.265544504 0.442324340 0.855607808
1661868284976335360.000000 -0.149012208 -0.695284963 2.201206684 -0.041809838 0.267979056 0.443575621 0.854213059
1661868285021336064.000000 -0.148744226 -0.695474029 2.201970577 -0.042295210 0.269542485 0.443408102 0.853784084
1661868285066337024.000000 -0.147810519 -0.695589185 2.203151226 -0.040697984 0.271140009 0.444973409 0.852540612
1661868285105337856.000000 -0.147112072 -0.695673823 2.204572201 -0.039012238 0.273870349 0.445540369 0.851449907
1661868285156338944.000000 -0.146119177 -0.696328759 2.205799580 -0.039832119 0.274894923 0.445565045 0.851068735
1661868285201339904.000000 -0.145614266 -0.696346998 2.206647873 -0.039884560 0.276061982 0.445198476 0.850880325
1661868285243341056.000000 -0.144463658 -0.697111189 2.208169937 -0.039147936 0.278401107 0.445721000 0.849878252
1661868285294342144.000000 -0.143951476 -0.697565079 2.208816528 -0.039889418 0.279558569 0.446208775 0.849207699
1661868285336342784.000000 -0.142853439 -0.697818160 2.210638285 -0.039078537 0.282181233 0.446646005 0.848147392
1661868285378343936.000000 -0.142481267 -0.698019266 2.211550951 -0.040486548 0.283258736 0.447567165 0.847236097
1661868285420344576.000000 -0.141298115 -0.698665500 2.212759018 -0.039707817 0.284565598 0.447391778 0.846927583
1661868285459345664.000000 -0.141107142 -0.698571861 2.213695049 -0.039660592 0.285245538 0.444989711 0.847965896
1661868285501346304.000000 -0.139926791 -0.699130893 2.215170145 -0.039372616 0.286593407 0.446227580 0.846873701
1661868285543347456.000000 -0.139826357 -0.699140847 2.215513229 -0.038330764 0.287465453 0.445390403 0.847066581
1661868285585348096.000000 -0.138585687 -0.699260354 2.217251778 -0.036192447 0.289195836 0.445433557 0.846548855
1661868285624349184.000000 -0.138331831 -0.699656665 2.217355728 -0.037998598 0.288940489 0.445282578 0.846636295
1661868285666349824.000000 -0.137583911 -0.699685335 2.218687534 -0.037637308 0.289991260 0.446016461 0.845906556
1661868285711351040.000000 -0.135897517 -0.700149059 2.220035553 -0.037419453 0.289610952 0.446228057 0.845934927
1661868285753351680.000000 -0.135198295 -0.699892223 2.221681833 -0.035519741 0.291626066 0.445554137 0.845679760
1661868285795352576.000000 -0.135209739 -0.700293839 2.221116543 -0.036560304 0.290719390 0.445759445 0.845839322
1661868285834353408.000000 -0.134039223 -0.700633407 2.222881079 -0.035823874 0.291494370 0.444729805 0.846146047
1661868285885354496.000000 -0.132708430 -0.700824142 2.224261761 -0.034169573 0.292583138 0.445351392 0.845511556
1661868285927355648.000000 -0.132151961 -0.701255083 2.225338221 -0.034858182 0.293620259 0.445516527 0.845036805
1661868285969356288.000000 -0.130953252 -0.701116562 2.226195574 -0.033807170 0.292331040 0.445544153 0.845511734
1661868286011357184.000000 -0.130035698 -0.701385379 2.226657391 -0.035206050 0.291325122 0.447198153 0.844928503
1661868286050358016.000000 -0.129014730 -0.701371789 2.228180647 -0.033846732 0.291667521 0.445872217 0.845566332
1661868286089359104.000000 -0.128449619 -0.701675773 2.228835583 -0.033266552 0.292299479 0.444616586 0.846032202
1661868286131359744.000000 -0.127229333 -0.701654792 2.229806900 -0.034053404 0.290467411 0.445933878 0.845938563
1661868286176360960.000000 -0.126751482 -0.701845527 2.230222225 -0.035538804 0.290004641 0.446005315 0.845998645
1661868286221361920.000000 -0.125839293 -0.701775730 2.231600761 -0.036089003 0.288818270 0.445669264 0.846558034
1661868286263362560.000000 -0.125299931 -0.702133179 2.231998920 -0.033150665 0.289787352 0.443813056 0.847321928
1661868286314363648.000000 -0.123664558 -0.701756358 2.233775854 -0.031193966 0.288917780 0.444750428 0.847201586
1661868286353364480.000000 -0.123165548 -0.701577246 2.234447479 -0.029676123 0.288329870 0.443102777 0.848319054
1661868286398365440.000000 -0.122352540 -0.702172875 2.235372066 -0.030802548 0.288793057 0.442652553 0.848356426
1661868286440366592.000000 -0.122370660 -0.702181816 2.235366583 -0.030796202 0.288868964 0.442711025 0.848300278
1661868286482367232.000000 -0.120210052 -0.702325106 2.236222267 -0.031977538 0.285172939 0.443704724 0.848987579
1661868286524368384.000000 -0.118827641 -0.702420831 2.236772299 -0.031388998 0.283485591 0.444614977 0.849098444
1661868286560368896.000000 -0.118564129 -0.702470303 2.237773895 -0.030074993 0.284570098 0.441887677 0.850206256
1661868286602369792.000000 -0.117659926 -0.702523887 2.238136053 -0.029214866 0.283736229 0.441167593 0.850888669
1661868286644370688.000000 -0.116778493 -0.702449083 2.239639044 -0.030195184 0.281729639 0.441065162 0.851573944
1661868286686371840.000000 -0.116937339 -0.702231348 2.241624117 -0.028397668 0.283996373 0.438537508 0.852188110
1661868286728372480.000000 -0.115390301 -0.702335238 2.241139650 -0.028056849 0.280685484 0.439050108 0.853031993
1661868286770373632.000000 -0.114543080 -0.702505708 2.242017746 -0.027868595 0.279857218 0.437456399 0.854128361
1661868286821374720.000000 -0.113971531 -0.702387094 2.242348909 -0.027025606 0.279421091 0.438109607 0.853963435
1661868286863375360.000000 -0.112663925 -0.702264309 2.243290901 -0.027109370 0.276435226 0.437953204 0.855012119
1661868286908376576.000000 -0.111989260 -0.702025414 2.244358301 -0.025155550 0.275744349 0.436877728 0.855844676
1661868286950377216.000000 -0.111077011 -0.701797128 2.245402575 -0.023801893 0.274462253 0.435539514 0.856976807
1661868286992378112.000000 -0.109918892 -0.702089012 2.246071577 -0.024579613 0.272596389 0.434711337 0.857970357
1661868287037379328.000000 -0.109865904 -0.702160478 2.246211290 -0.024232138 0.272837907 0.433646947 0.858442008
1661868287079379968.000000 -0.108803391 -0.701705933 2.247616529 -0.024294976 0.269391865 0.433537751 0.859582901
1661868287127380992.000000 -0.107597470 -0.701455653 2.248403788 -0.024079535 0.267018676 0.433948547 0.860122085
1661868287169382144.000000 -0.106842875 -0.701295733 2.249323130 -0.021701392 0.265956640 0.430635005 0.862177312
1661868287208382720.000000 -0.106846333 -0.701304078 2.249341488 -0.021688176 0.265937537 0.430692852 0.862154603
1661868287253383936.000000 -0.105577886 -0.701328874 2.250447512 -0.021659717 0.263388932 0.428969294 0.863795400
1661868287298384640.000000 -0.104777455 -0.701233983 2.251390934 -0.020864358 0.261748850 0.427934021 0.864826381
1661868287340385792.000000 -0.104354441 -0.701080084 2.251605034 -0.020700980 0.260814905 0.427118450 0.865515411
1661868287382386432.000000 -0.104086757 -0.701067984 2.251691580 -0.020860491 0.259787261 0.426989555 0.865884125
1661868287424387328.000000 -0.102782071 -0.701014757 2.252817869 -0.021561377 0.254712850 0.424245358 0.868718803
1661868287466388224.000000 -0.101803005 -0.700543940 2.253455877 -0.022207521 0.251580924 0.426333189 0.868593037
1661868287508389120.000000 -0.101599216 -0.700483561 2.254125595 -0.020913796 0.251640886 0.424329281 0.869588494
1661868287550390016.000000 -0.100385666 -0.700129747 2.254778624 -0.019734181 0.249046743 0.422544628 0.871230364
1661868287592390912.000000 -0.099001527 -0.700201392 2.255530834 -0.020078089 0.246055752 0.421301097 0.872673392
1661868287634392064.000000 -0.098522425 -0.699825764 2.256088018 -0.018712448 0.243877545 0.418760806 0.874535859
1661868287676392704.000000 -0.098308861 -0.699585080 2.256473064 -0.017028149 0.242753386 0.416630030 0.875899673
1661868287718393856.000000 -0.097110450 -0.699352860 2.257222891 -0.017848719 0.239461213 0.416025817 0.877076030
1661868287760394496.000000 -0.096757412 -0.698824644 2.257686377 -0.015656963 0.238244385 0.414691389 0.878080666
1661868287805395712.000000 -0.095552623 -0.698608935 2.258400917 -0.016577959 0.234305888 0.414425910 0.879248023
1661868287847396352.000000 -0.095230520 -0.698278964 2.259327650 -0.016058281 0.232583508 0.413207382 0.880287945
1661868287895397376.000000 -0.094069898 -0.698043287 2.259901285 -0.016171910 0.228408650 0.411748976 0.882060528
1661868287937398528.000000 -0.093486607 -0.697784543 2.260456085 -0.016158123 0.226161182 0.411434650 0.882786274
1661868287976399104.000000 -0.093414783 -0.697653770 2.260757923 -0.014944007 0.226257250 0.409482837 0.883690119
1661868288015399936.000000 -0.092479169 -0.697265029 2.261268377 -0.014932157 0.221950591 0.408201516 0.885373652
1661868288063400960.000000 -0.091650367 -0.696839750 2.261938095 -0.015918175 0.217439651 0.408983588 0.886114597
1661868288105402112.000000 -0.090881228 -0.696119845 2.263176680 -0.015482926 0.212951332 0.406946421 0.888147891
1661868288147402752.000000 -0.090897143 -0.696495891 2.262921333 -0.016248925 0.213496372 0.406789035 0.888075411
1661868288189403648.000000 -0.089455903 -0.695928395 2.263688564 -0.013724872 0.209155604 0.403274447 0.890749872
1661868288231404544.000000 -0.089518011 -0.695809841 2.264034748 -0.012253721 0.208820894 0.401966661 0.891440690
1661868288273405440.000000 -0.089327872 -0.695692360 2.264797449 -0.012284994 0.206920788 0.400367737 0.892602086
1661868288315406336.000000 -0.088115871 -0.694964886 2.265671968 -0.010769714 0.202879146 0.398480237 0.894392312
1661868288354407424.000000 -0.087293684 -0.694551528 2.266496658 -0.011798431 0.198165908 0.398544490 0.895406842
1661868288396408064.000000 -0.086681306 -0.694451094 2.266821861 -0.011547567 0.195691630 0.396292984 0.896952271
1661868288438409216.000000 -0.086132050 -0.693975925 2.267531395 -0.010744270 0.192386404 0.394486129 0.898472488
1661868288483410176.000000 -0.085876763 -0.693814635 2.267691851 -0.010803905 0.190572038 0.395029068 0.898619890
1661868288525410816.000000 -0.085158288 -0.692955256 2.268937588 -0.008828377 0.186511382 0.391927838 0.900848627
1661868288570412032.000000 -0.084849656 -0.693076551 2.268993378 -0.008973859 0.185907573 0.391583979 0.901121438
1661868288606412544.000000 -0.084006757 -0.692390323 2.270012617 -0.008468105 0.180452570 0.389569581 0.903106213
1661868288648413696.000000 -0.083841383 -0.692032814 2.270739794 -0.007805828 0.177682951 0.387917370 0.904371619
1661868288690414336.000000 -0.083048999 -0.691707909 2.271550655 -0.007589004 0.174798578 0.386222452 0.905660033
1661868288732415488.000000 -0.082215309 -0.691433489 2.272168636 -0.007698679 0.171150550 0.384723246 0.906993032
1661868288774416128.000000 -0.081887633 -0.690981746 2.272675753 -0.006052266 0.168548152 0.383185923 0.908142924
1661868288816417280.000000 -0.081798702 -0.690456808 2.273191452 -0.005742160 0.166151121 0.382592708 0.908836424
1661868288858417920.000000 -0.081329376 -0.689961731 2.273771286 -0.004790374 0.163215265 0.381077826 0.910009682
1661868288900419072.000000 -0.080950171 -0.689664245 2.274158955 -0.003651444 0.161170974 0.379595369 0.910998344
1661868288951420160.000000 -0.079990268 -0.689294755 2.275000095 -0.003915081 0.156760231 0.378371924 0.912275016
1661868288993420800.000000 -0.079657227 -0.689112067 2.275603056 -0.003440842 0.154588982 0.376847804 0.913277745
1661868289041421824.000000 -0.079119146 -0.688585937 2.276317835 -0.003587765 0.149985507 0.375405759 0.914637625
1661868289083422976.000000 -0.078384161 -0.687724590 2.277398586 -0.001960262 0.144671813 0.373349220 0.916338742
1661868289128423680.000000 -0.078036278 -0.687131345 2.278255939 -0.000470035 0.142069712 0.372897685 0.916931510
1661868289170424576.000000 -0.077182919 -0.686968863 2.278811216 -0.001991846 0.136553958 0.371689945 0.918256938
1661868289212425472.000000 -0.077056706 -0.686626434 2.279430389 -0.001071072 0.135312095 0.369977564 0.919133425
1661868289257426432.000000 -0.076308072 -0.686110675 2.280422211 -0.001228184 0.130260170 0.369247615 0.920156002
1661868289296427264.000000 -0.076289177 -0.685861588 2.281103849 -0.000338721 0.128947765 0.367373109 0.921091437
1661868289338428160.000000 -0.075666398 -0.685316920 2.281552315 0.000704455 0.124381542 0.366209954 0.922181666
1661868289380429312.000000 -0.075492144 -0.685227275 2.281861544 0.000916601 0.123417921 0.365287691 0.922676682
1661868289428430080.000000 -0.075096190 -0.684359014 2.283083439 0.001739145 0.117667846 0.363368422 0.924183309
1661868289476431104.000000 -0.074864626 -0.684303522 2.283461809 0.001658555 0.116352327 0.362786680 0.924578369
1661868289518432256.000000 -0.074684113 -0.683707952 2.284422874 0.003701418 0.113435887 0.360436171 0.925853312
1661868289560432896.000000 -0.074220330 -0.683129668 2.285366774 0.005370918 0.109245747 0.357588619 0.927451849
1661868289602433792.000000 -0.073751122 -0.682817519 2.286245823 0.005233267 0.105766214 0.356857181 0.928137422
1661868289641434624.000000 -0.073373020 -0.682816744 2.286275625 0.004625625 0.104180790 0.357238024 0.928173542
1661868289683435776.000000 -0.073222220 -0.682394326 2.287056208 0.006272012 0.101867542 0.355840743 0.928956985
1661868289725436416.000000 -0.072736531 -0.681970477 2.287875414 0.007017996 0.097835384 0.354274154 0.929983258
1661868289767437568.000000 -0.072550207 -0.681605697 2.288595200 0.007624000 0.095923841 0.353663951 0.930409729
1661868289809438208.000000 -0.072018892 -0.680923581 2.289925337 0.007227433 0.089584492 0.351371825 0.931912124
1661868289851439360.000000 -0.072142139 -0.680755198 2.290235996 0.008213258 0.089066818 0.350917429 0.932124794
1661868289890439936.000000 -0.071575820 -0.680354893 2.291153669 0.007816529 0.085269898 0.350546479 0.932622731
1661868289935440896.000000 -0.071510434 -0.680267572 2.291702032 0.007089199 0.083616637 0.349142104 0.933304787
1661868289983442176.000000 -0.070863679 -0.679674804 2.292933702 0.009663963 0.078845419 0.347957939 0.934138775
1661868290025442816.000000 -0.070748568 -0.679064035 2.294336557 0.011073932 0.075681105 0.345899671 0.935148776
1661868290067443968.000000 -0.070611641 -0.678719938 2.295113564 0.011221009 0.073342919 0.345973134 0.935306072
1661868290115444992.000000 -0.070187405 -0.678357840 2.295865297 0.012839708 0.069885194 0.344811827 0.935978651
1661868290154445568.000000 -0.069772512 -0.677769184 2.296823025 0.013890302 0.066268429 0.344216734 0.936445653
1661868290199446784.000000 -0.069751784 -0.677725554 2.297257423 0.014323903 0.065435767 0.343133837 0.936895013
1661868290244447744.000000 -0.069455788 -0.677449584 2.299059629 0.015275437 0.060809288 0.340673417 0.938088775
1661868290289448448.000000 -0.069572344 -0.677021027 2.300153732 0.017004864 0.058633227 0.338822514 0.938867569
1661868290328449536.000000 -0.069420367 -0.676639676 2.301065445 0.017965853 0.055851515 0.339071065 0.938929558
1661868290364450304.000000 -0.069122851 -0.676598132 2.301848650 0.017858449 0.053522233 0.337802112 0.939524472
1661868290412451328.000000 -0.068852380 -0.676385522 2.302525043 0.017753823 0.050898001 0.337067217 0.939936101
1661868290454451968.000000 -0.068907514 -0.676166177 2.303577185 0.015360946 0.048032146 0.336605042 0.940294683
1661868290496453120.000000 -0.068441689 -0.675572991 2.305203199 0.017079977 0.043520987 0.334588319 0.941203952
1661868290535453696.000000 -0.068147525 -0.675812840 2.305110455 0.015932752 0.043031413 0.334524900 0.941269159
1661868290580454912.000000 -0.068094209 -0.675781786 2.305122852 0.016036749 0.042838931 0.334670246 0.941224515
1661868290622455552.000000 -0.067826778 -0.675409496 2.307180882 0.019449301 0.038790278 0.332552284 0.942086041
1661868290664456704.000000 -0.067909971 -0.675087988 2.308840990 0.019059183 0.035554897 0.331350565 0.942644954
1661868290706457344.000000 -0.067323521 -0.674839377 2.309740782 0.019749874 0.032027777 0.330364496 0.943103135
1661868290754458368.000000 -0.067290604 -0.674358428 2.311245680 0.022423241 0.029326553 0.329975784 0.943267286
1661868290802459392.000000 -0.067671359 -0.673988938 2.311965942 0.025322698 0.028953426 0.328998029 0.943546951
1661868290841460224.000000 -0.067169249 -0.673901200 2.312477112 0.024873726 0.026783157 0.328893006 0.943659604
1661868290883461120.000000 -0.067129135 -0.673829556 2.314408302 0.024253393 0.022934323 0.327852160 0.944139183
1661868290925462016.000000 -0.067213476 -0.673784494 2.315232992 0.026028849 0.022056775 0.326866597 0.944454491
1661868290967462912.000000 -0.067047358 -0.673882008 2.316040754 0.027165446 0.020817984 0.325529158 0.944912434
1661868291015464192.000000 -0.066849530 -0.673688054 2.317620277 0.027956212 0.018187312 0.325944841 0.944800317
1661868291060465152.000000 -0.066828057 -0.673428297 2.318921804 0.025116034 0.014600333 0.324618250 0.945398927
1661868291102465792.000000 -0.066597313 -0.673350513 2.320140839 0.027817277 0.013294588 0.324075341 0.945528746
1661868291144466944.000000 -0.066692114 -0.673043847 2.321769238 0.029458880 0.011191381 0.323835462 0.945588470
1661868291186467584.000000 -0.066488087 -0.673085093 2.322457075 0.030912241 0.010123334 0.323123783 0.945797563
1661868291231468800.000000 -0.066044748 -0.672972798 2.323850155 0.031356875 0.006903970 0.323063463 0.945832491
1661868291270469376.000000 -0.065983444 -0.673006892 2.324506998 0.031476617 0.006029120 0.322757781 0.945938885
1661868291312470528.000000 -0.066508740 -0.672972441 2.326061964 0.033498626 0.006350437 0.321994960 0.946127295
1661868291354471168.000000 -0.066128775 -0.673063993 2.327332497 0.033534374 0.003613796 0.321376503 0.946350634
1661868291396472320.000000 -0.066104636 -0.673046887 2.327312231 0.033452399 0.003542802 0.321357578 0.946360290
1661868291438472960.000000 -0.066399008 -0.673048437 2.330024004 0.034964129 0.001244270 0.320293903 0.946671963
1661868291483473920.000000 -0.066492945 -0.673154593 2.330458641 0.034629654 0.001374132 0.319734067 0.946873307
1661868291525475072.000000 -0.066350996 -0.673085749 2.332583427 0.031821787 -0.002655413 0.318899155 0.947250605
1661868291567475712.000000 -0.066251874 -0.672692776 2.332986832 0.032908011 -0.003904442 0.319292635 0.947076619
1661868291609476864.000000 -0.066363618 -0.672922492 2.335113525 0.035470396 -0.004982221 0.319127053 0.947034895
1661868291648477440.000000 -0.066648811 -0.672896624 2.336280346 0.037195619 -0.005209150 0.319076568 0.946984470
1661868291690478336.000000 -0.066423088 -0.672605336 2.338123560 0.037349846 -0.008301714 0.319584697 0.946784973
1661868291732479232.000000 -0.067259550 -0.672500193 2.339438200 0.037520334 -0.007267829 0.318658054 0.947098970
1661868291771480064.000000 -0.066552520 -0.672784209 2.340690851 0.041106217 -0.008699126 0.319063306 0.946801543
1661868291813481216.000000 -0.066556886 -0.672810853 2.341738462 0.042108476 -0.009507090 0.318546981 0.946923614
1661868291855481856.000000 -0.066568598 -0.672812819 2.343042374 0.043994550 -0.010387704 0.318736166 0.946764946
1661868291900482816.000000 -0.066924959 -0.673671901 2.344694853 0.042661432 -0.009142356 0.317819059 0.947147012
1661868291942483968.000000 -0.066769958 -0.673094273 2.345910311 0.044750009 -0.011409781 0.318476856 0.946805060
1661868291984484608.000000 -0.067054749 -0.673074722 2.346329927 0.045465279 -0.011116251 0.318636924 0.946720660
1661868292026485760.000000 -0.067486420 -0.673014045 2.348526716 0.048542328 -0.010947794 0.319404006 0.946311235
1661868292071486464.000000 -0.067332327 -0.673279405 2.350008249 0.044632271 -0.012789294 0.318818092 0.946678102
1661868292113487360.000000 -0.067793667 -0.673635423 2.350882053 0.048083715 -0.011146755 0.317726642 0.946896791
1661868292152488192.000000 -0.067344040 -0.673740387 2.352656126 0.047945600 -0.013019005 0.319066852 0.946429133
1661868292194489344.000000 -0.067877695 -0.673895299 2.354394674 0.049987614 -0.011686062 0.319446594 0.946212769
1661868292233489920.000000 -0.067628309 -0.673867226 2.355446339 0.047228198 -0.014251780 0.318423033 0.946664214
1661868292281490944.000000 -0.067914158 -0.674140513 2.357450008 0.049397688 -0.013078494 0.320034623 0.946026802
1661868292320491776.000000 -0.068317220 -0.674467206 2.358855247 0.049484033 -0.012923357 0.319397032 0.946239829
1661868292359492864.000000 -0.068254933 -0.674802125 2.360000610 0.050051231 -0.012975191 0.319239318 0.946262538
1661868292401493504.000000 -0.068163067 -0.674811602 2.360017776 0.049999453 -0.013344761 0.319130599 0.946296871
1661868292443494656.000000 -0.068639353 -0.675209939 2.363291025 0.051718876 -0.012780922 0.320909649 0.945610285
1661868292485495296.000000 -0.068122163 -0.675044060 2.363283157 0.051478285 -0.014555434 0.320485324 0.945741653
1661868292530496256.000000 -0.068508655 -0.675145626 2.365787745 0.049194477 -0.014678468 0.320080876 0.945998251
1661868292572497408.000000 -0.068971753 -0.675561607 2.367669106 0.047951411 -0.014399674 0.319405496 0.946294606
1661868292614498048.000000 -0.068781003 -0.675793529 2.368738651 0.052705638 -0.013658130 0.320872456 0.945556223
1661868292656499200.000000 -0.068970740 -0.676120102 2.369935513 0.052988354 -0.013017047 0.319983929 0.945850432
1661868292698499840.000000 -0.068940535 -0.676415801 2.372165680 0.055988193 -0.013381610 0.321173549 0.945269167
1661868292743501056.000000 -0.069249943 -0.676685393 2.372482777 0.055905424 -0.011788433 0.321239769 0.945272803
1661868292785501696.000000 -0.069583446 -0.677089334 2.374893665 0.057600509 -0.010795916 0.321964771 0.944936156
1661868292821502720.000000 -0.069480762 -0.677022994 2.375713825 0.055854581 -0.012115723 0.321718752 0.945108712
1661868292869503488.000000 -0.070002094 -0.677374423 2.376649618 0.055165954 -0.009961846 0.321644396 0.945199668
1661868292911504384.000000 -0.070648864 -0.677668929 2.379741192 0.058666043 -0.006918569 0.323698461 0.944314480
1661868292959505664.000000 -0.070710510 -0.678204238 2.381352425 0.060571715 -0.006463593 0.324384630 0.943961859
1661868293001506304.000000 -0.071135372 -0.678392470 2.382752895 0.062899977 -0.004328000 0.325808942 0.943331063
1661868293043507456.000000 -0.071168557 -0.678786755 2.383483171 0.060615014 -0.003823365 0.325025469 0.943753064
1661868293085508096.000000 -0.071343645 -0.679030418 2.385315895 0.062221866 -0.003440195 0.325809509 0.943379462
1661868293130509056.000000 -0.071466297 -0.679501414 2.386797667 0.062466547 -0.002152025 0.326888025 0.942993939
1661868293175510272.000000 -0.071840137 -0.679718614 2.388260365 0.061043724 -0.001210471 0.326544106 0.943207920
1661868293217510912.000000 -0.072143495 -0.680134952 2.389911890 0.061071075 0.000033848 0.327239037 0.942966104
1661868293265511936.000000 -0.072527155 -0.680658102 2.392404795 0.063259810 0.002397886 0.329035580 0.942193270
1661868293313512960.000000 -0.072805122 -0.681056738 2.393416882 0.060410131 0.003208041 0.328382075 0.942605734
1661868293352513792.000000 -0.073125958 -0.681213915 2.395250797 0.062568478 0.004556409 0.329716623 0.941993296
1661868293391514880.000000 -0.073032513 -0.681416333 2.396327019 0.064643778 0.004857397 0.331058830 0.941380739
1661868293430515456.000000 -0.073252514 -0.682004511 2.398460627 0.066226907 0.006577319 0.332123786 0.940885007
1661868293472516608.000000 -0.073430508 -0.682201922 2.398835182 0.065841183 0.008038840 0.332448155 0.940786123
1661868293520517632.000000 -0.073534742 -0.682980835 2.401407242 0.066701330 0.009301800 0.333788395 0.940239191
1661868293562518272.000000 -0.073828176 -0.683480144 2.403135300 0.067895368 0.011875821 0.334988058 0.939697921
1661868293601519104.000000 -0.073995665 -0.683897734 2.403863192 0.068204619 0.012718019 0.335112393 0.939620197
1661868293643520000.000000 -0.074312612 -0.684212744 2.405935287 0.068097025 0.014304655 0.336207122 0.939213991
1661868293685520896.000000 -0.074471697 -0.684522748 2.407037735 0.066140503 0.015058219 0.335430831 0.939619541
1661868293730521856.000000 -0.074612021 -0.684903443 2.408550978 0.068205103 0.016948506 0.337166190 0.938818276
1661868293772523008.000000 -0.074958012 -0.685304821 2.410209417 0.069072045 0.018676955 0.338449746 0.938260138
1661868293811523584.000000 -0.074897096 -0.685310364 2.410170078 0.069140039 0.018525831 0.338520646 0.938232541
1661868293853524736.000000 -0.075327948 -0.686212301 2.412621737 0.067469858 0.021750828 0.338991910 0.938114762
1661868293898525440.000000 -0.076178834 -0.686711133 2.414609432 0.067105882 0.025923096 0.340445429 0.937508285
1661868293940526592.000000 -0.076057136 -0.686754465 2.414603472 0.066760771 0.025450423 0.340014905 0.937702060
1661868293985527552.000000 -0.075785503 -0.687480092 2.416680336 0.068987854 0.026532894 0.343785048 0.936134934
1661868294027528192.000000 -0.076736853 -0.687801838 2.418467045 0.071560159 0.031055532 0.345743060 0.935081005
1661868294069529344.000000 -0.077227354 -0.688140392 2.419779062 0.072405770 0.033997864 0.347690612 0.934190989
1661868294111529984.000000 -0.077443987 -0.688714862 2.421262503 0.070696853 0.035879329 0.347186744 0.934438884
1661868294162531072.000000 -0.077371776 -0.689377069 2.422280550 0.069705427 0.037469070 0.347853869 0.934202850
1661868294204532224.000000 -0.077737957 -0.689694524 2.423922539 0.067306772 0.038621135 0.347841233 0.934336543
1661868294246532864.000000 -0.078219652 -0.690117717 2.425523281 0.068611048 0.041589499 0.349990308 0.933311105
1661868294285533952.000000 -0.078858644 -0.690597594 2.427069187 0.069676101 0.045307450 0.351754010 0.932395637
1661868294324534528.000000 -0.079012126 -0.690676570 2.427521229 0.070097059 0.046589978 0.353099227 0.931792259
1661868294366535424.000000 -0.079173952 -0.691256523 2.429424286 0.071697250 0.049188595 0.355302751 0.930698693
