1662138266863044608.000000 -0.008370399 -0.001191671 0.011341780 -0.001303602 0.000270336 0.000808954 0.999998808
1662138266908045568.000000 -0.031274363 -0.006844188 0.042407807 -0.003070750 0.003582035 0.004356560 0.999979377
1662138266950046208.000000 -0.015293314 0.002334432 0.017373107 0.002691598 0.002100781 0.001878625 0.999992430
1662138266992047360.000000 -0.017220300 -0.001046911 0.020201506 0.000018358 0.001234384 0.001728871 0.999997735
1662138267037048064.000000 -0.020301756 -0.002007378 0.022992469 -0.000129401 0.001861419 0.001099406 0.999997675
1662138267079049216.000000 -0.027737617 -0.001628126 0.030761147 -0.000231144 0.002759910 -0.000195892 0.999996185
1662138267121049856.000000 -0.028507892 -0.005031255 0.031616364 -0.001220098 0.002590426 0.000956517 0.999995470
1662138267166050816.000000 -0.027402898 -0.004421468 0.032423131 -0.000537209 0.001801963 0.001866560 0.999996543
1662138267208051968.000000 -0.031955846 -0.005531610 0.038001396 -0.001985996 0.002122274 0.000672129 0.999995530
1662138267253052672.000000 -0.032237101 -0.007308725 0.039218552 -0.001682636 0.001294110 0.001007041 0.999997258
1662138267298053632.000000 -0.032597840 -0.007610030 0.039542612 -0.001395916 0.001117500 0.001100883 0.999997795
1662138267343054848.000000 -0.035962358 -0.008625650 0.045506526 -0.001312065 0.000343845 0.001687738 0.999997675
1662138267391055872.000000 -0.039008461 -0.009882911 0.049504653 -0.001568162 0.000429326 0.000715210 0.999998450
1662138267433056512.000000 -0.042233139 -0.012472545 0.055022474 -0.002907812 0.000223782 -0.000656297 0.999995589
1662138267475057664.000000 -0.043454468 -0.012466533 0.057586994 -0.002341126 -0.000653094 -0.000709168 0.999996841
1662138267520058368.000000 -0.043442052 -0.013565570 0.058124699 -0.003017483 -0.001034800 0.000030273 0.999994993
1662138267568059392.000000 -0.046775419 -0.012849478 0.064496204 -0.003548662 -0.001352699 -0.001132777 0.999992132
1662138267610060544.000000 -0.048735116 -0.015813872 0.067610696 -0.005277211 -0.001595960 -0.001283329 0.999983966
1662138267649061120.000000 -0.050658379 -0.018208738 0.072807848 -0.004999201 -0.003635247 -0.000909917 0.999980509
1662138267694062336.000000 -0.051986635 -0.019319011 0.075025946 -0.004605449 -0.005669168 -0.001487188 0.999972284
1662138267739063040.000000 -0.054481089 -0.020877372 0.080321476 -0.004125720 -0.005494958 -0.002483784 0.999973297
1662138267778064128.000000 -0.056605522 -0.022486763 0.083031222 -0.004108389 -0.006690566 -0.004138668 0.999960661
1662138267820064768.000000 -0.056962106 -0.023115030 0.086578488 -0.004897815 -0.007817027 -0.003446635 0.999951541
1662138267862065920.000000 -0.057768211 -0.023382533 0.091997243 -0.004718212 -0.011533674 -0.005296887 0.999908328
1662138267907066880.000000 -0.059577238 -0.025346940 0.095120706 -0.004982571 -0.011554459 -0.005166297 0.999907494
1662138267952067584.000000 -0.059610981 -0.025492538 0.097384609 -0.004216514 -0.013675642 -0.005324238 0.999883413
1662138267994068736.000000 -0.063394248 -0.025325973 0.095768020 -0.003591096 -0.012556187 -0.006605128 0.999892950
1662138268039069696.000000 -0.064357333 -0.024891397 0.096957996 0.000143879 -0.013581384 -0.009294993 0.999864578
1662138268078070528.000000 -0.066846944 -0.024234468 0.098564930 0.000000084 -0.013194207 -0.008091818 0.999880195
1662138268117071104.000000 -0.066912286 -0.024649076 0.098645806 -0.001347360 -0.015621473 -0.010344004 0.999823570
1662138268165072128.000000 -0.067467429 -0.024416601 0.100052930 0.000703522 -0.016988685 -0.009506168 0.999810278
1662138268210073344.000000 -0.068055324 -0.024685225 0.098996721 0.000845073 -0.017882587 -0.008770850 0.999801338
1662138268264074240.000000 -0.068222627 -0.024954779 0.102793157 0.001240204 -0.020747161 -0.009041045 0.999743104
1662138268306075392.000000 -0.067784309 -0.023964508 0.105634063 0.000507875 -0.024485538 -0.010883101 0.999640882
1662138268348076032.000000 -0.067386858 -0.025204547 0.103084601 -0.000171334 -0.028745333 -0.012333120 0.999510705
1662138268387076864.000000 -0.067906730 -0.025164941 0.105169900 0.003721843 -0.033735570 -0.015137816 0.999309242
1662138268429077760.000000 -0.067939430 -0.025455743 0.105179116 0.005078703 -0.036402542 -0.017430646 0.999172330
1662138268471078912.000000 -0.067931786 -0.025233833 0.105318613 0.006970295 -0.039316170 -0.018100021 0.999038577
1662138268519079680.000000 -0.068462513 -0.025159014 0.105601043 0.006620702 -0.038797364 -0.016051071 0.999096215
1662138268564080640.000000 -0.068052337 -0.025533704 0.105624959 0.004909711 -0.043108542 -0.016617062 0.998920143
1662138268606081792.000000 -0.068048708 -0.025580764 0.106024280 0.006288130 -0.046612881 -0.018241137 0.998726726
1662138268657082880.000000 -0.068042986 -0.025881754 0.106050700 0.005890058 -0.051299322 -0.020375786 0.998458087
1662138268696083456.000000 -0.067887247 -0.025613211 0.106298424 0.007107954 -0.057004377 -0.023725666 0.998066723
1662138268744084480.000000 -0.067823596 -0.025811469 0.106375560 0.007144731 -0.062599629 -0.025858419 0.997678101
1662138268792085760.000000 -0.066927508 -0.026153632 0.105457030 0.002615149 -0.066014983 -0.019410901 0.997626424
1662138268831086336.000000 -0.067959957 -0.026520910 0.106992505 -0.001130205 -0.065665439 -0.021057513 0.997618854
1662138268879087360.000000 -0.068207361 -0.027071418 0.107545651 0.001211408 -0.068715610 -0.025003677 0.997322202
1662138268924088576.000000 -0.068054691 -0.026881920 0.107765973 -0.000186083 -0.075464711 -0.028200408 0.996749640
1662138268972089600.000000 -0.068062536 -0.026883259 0.107979983 -0.000398826 -0.078165345 -0.027419494 0.996563256
1662138269017090304.000000 -0.068038113 -0.026728619 0.108349204 0.007116785 -0.083751671 -0.033423409 0.995900571
1662138269068091392.000000 -0.068041079 -0.026661744 0.108609445 0.009627981 -0.088941537 -0.037414022 0.995287359
1662138269107092480.000000 -0.068033129 -0.026700927 0.108591057 0.009868295 -0.091385946 -0.036558371 0.995095313
1662138269152093184.000000 -0.068049282 -0.026657097 0.108765505 0.015027959 -0.095162369 -0.041097205 0.994499564
1662138269194094080.000000 -0.067983717 -0.026584052 0.109122835 0.017290559 -0.100671358 -0.041817673 0.993890166
1662138269236095232.000000 -0.068035707 -0.026694283 0.109138757 0.011244107 -0.102188662 -0.040847573 0.993862450
1662138269290096384.000000 -0.068095803 -0.026924442 0.108953707 0.010437662 -0.103327461 -0.040112253 0.993783474
1662138269335097088.000000 -0.068085313 -0.026728744 0.109198749 0.020169498 -0.108678073 -0.047588449 0.992732465
1662138269377097984.000000 -0.068108678 -0.026677430 0.109246366 0.023372421 -0.109214321 -0.049990330 0.992485225
1662138269419099136.000000 -0.068115816 -0.026716538 0.109392144 0.019809691 -0.111753829 -0.048925098 0.992333114
1662138269464099840.000000 -0.068113394 -0.026667964 0.109501310 0.025195198 -0.115877092 -0.052412454 0.991559744
1662138269506100992.000000 -0.068133526 -0.026658971 0.109518975 0.032098904 -0.119168527 -0.059016887 0.990598559
1662138269548101632.000000 -0.068146095 -0.026644383 0.109567463 0.033183832 -0.121917769 -0.062776521 0.989997029
1662138269590102784.000000 -0.068159424 -0.026655717 0.109672472 0.035618164 -0.124243356 -0.064757347 0.989495575
1662138269632103424.000000 -0.068153672 -0.026652843 0.109696560 0.038332332 -0.126584604 -0.065640539 0.989039123
1662138269680104448.000000 -0.068175711 -0.026644154 0.109796479 0.043140743 -0.132094458 -0.072203666 0.987662196
1662138269731105536.000000 -0.068201289 -0.026632713 0.109896563 0.046720881 -0.133154482 -0.076206282 0.987056136
1662138269776106496.000000 -0.068196706 -0.026633961 0.109959044 0.051012456 -0.139120921 -0.080450408 0.985682964
1662138269818107648.000000 -0.068198301 -0.026640125 0.109966025 0.053662863 -0.141102031 -0.082515411 0.985089719
1662138269863108352.000000 -0.068203725 -0.026616408 0.110090725 0.058930852 -0.146123528 -0.089430101 0.983451784
1662138269905109504.000000 -0.068216681 -0.026613669 0.110167466 0.064388990 -0.148805454 -0.093947642 0.982285500
1662138269956110592.000000 -0.068207942 -0.026590735 0.110225491 0.068455532 -0.152452067 -0.097938366 0.981060803
1662138269998111232.000000 -0.068202063 -0.026590422 0.110273324 0.075461030 -0.159308985 -0.104526229 0.978775024
1662138270040112384.000000 -0.068217896 -0.026572151 0.110367134 0.076826602 -0.161477745 -0.110194162 0.977691114
1662138270085113344.000000 -0.068224043 -0.026545636 0.110440753 0.083236620 -0.162776530 -0.112296388 0.976711333
1662138270130114048.000000 -0.068214744 -0.026562970 0.110504277 0.086969428 -0.169605061 -0.119116761 0.974413514
1662138270172115200.000000 -0.068217337 -0.026552986 0.110558942 0.093621999 -0.172635376 -0.124336816 0.972611129
1662138270217116160.000000 -0.068221293 -0.026546989 0.110616699 0.097495764 -0.175377458 -0.129143924 0.971112311
1662138270262116864.000000 -0.068225488 -0.026528848 0.110667132 0.106026657 -0.177808926 -0.136907190 0.968709826
1662138270304118016.000000 -0.068235524 -0.026509546 0.110707268 0.111753009 -0.179373354 -0.141148642 0.967167795
1662138270352119040.000000 -0.068245314 -0.026516430 0.110690810 0.111503474 -0.179923579 -0.145722568 0.966415763
1662138270394119680.000000 -0.068258576 -0.026519429 0.110789135 0.116505399 -0.183645755 -0.147096872 0.964916170
1662138270442120704.000000 -0.068254583 -0.026528183 0.110835902 0.119592212 -0.186071619 -0.150866315 0.963490725
1662138270484121856.000000 -0.068254888 -0.026547613 0.110919356 0.118308440 -0.189210847 -0.151522547 0.962934732
1662138270529122560.000000 -0.068255991 -0.026535209 0.110939011 0.126401484 -0.191373199 -0.158987328 0.960271835
1662138270571123712.000000 -0.068258554 -0.026527230 0.110986486 0.131720752 -0.192611605 -0.164538994 0.958372235
1662138270613124352.000000 -0.068261340 -0.026515260 0.111023501 0.138472885 -0.194180891 -0.170290232 0.956096470
1662138270661125376.000000 -0.068266317 -0.026485464 0.111096054 0.146337867 -0.197608739 -0.178715616 0.952678740
1662138270703126528.000000 -0.068268627 -0.026496772 0.111134268 0.150465265 -0.199483648 -0.183659092 0.950702846
1662138270745127168.000000 -0.068276331 -0.026482906 0.111177802 0.157415554 -0.200540721 -0.190227613 0.948059738
1662138270790128128.000000 -0.068277732 -0.026475091 0.111224182 0.165254951 -0.201300904 -0.198459879 0.944871664
1662138270841129216.000000 -0.068272732 -0.026454238 0.111288756 0.175023139 -0.201937214 -0.206980363 0.941141546
1662138270886130432.000000 -0.068265885 -0.026467375 0.111335702 0.175179884 -0.205062985 -0.210223287 0.939716637
1662138270928131072.000000 -0.068273649 -0.026474379 0.111388236 0.182109639 -0.204697639 -0.214900911 0.937418044
1662138270973132032.000000 -0.068270698 -0.026472166 0.111433461 0.187297270 -0.205804661 -0.221394539 0.934638262
1662138271015133184.000000 -0.068273522 -0.026487093 0.111470349 0.191172034 -0.207068399 -0.223403722 0.933095217
1662138271063133952.000000 -0.068291418 -0.026489904 0.111479610 0.192812189 -0.205972686 -0.226929158 0.932149053
1662138271108134912.000000 -0.068290785 -0.026488263 0.111491546 0.202577487 -0.205486789 -0.238686338 0.927235901
1662138271156135936.000000 -0.068284616 -0.026503611 0.111486927 0.203655407 -0.205943927 -0.241455272 0.926180840
1662138271201137152.000000 -0.068292134 -0.026490949 0.111505724 0.214236170 -0.204618022 -0.254827648 0.920487463
1662138271243137792.000000 -0.068295717 -0.026494209 0.111508854 0.219325945 -0.203419328 -0.260688156 0.917909861
1662138271294138880.000000 -0.068294384 -0.026494440 0.111521833 0.229578346 -0.204062492 -0.276155025 0.910708904
1662138271336140032.000000 -0.068294384 -0.026495520 0.111523554 0.235637948 -0.203157872 -0.280918837 0.907902122
1662138271384141056.000000 -0.068294071 -0.026495973 0.111528404 0.239681244 -0.202967942 -0.285851747 0.905342877
1662138271426141696.000000 -0.068292998 -0.026494721 0.111521907 0.249965116 -0.199105069 -0.296794891 0.899881959
1662138271477142784.000000 -0.068298750 -0.026498696 0.111537829 0.255448401 -0.197763473 -0.304807335 0.895951033
1662138271519143936.000000 -0.068297692 -0.026500070 0.111538351 0.265937209 -0.195707187 -0.317993581 0.888738573
1662138271558144512.000000 -0.068300694 -0.026501158 0.111545607 0.270719439 -0.191336036 -0.324737132 0.885803223
1662138271600145664.000000 -0.068301253 -0.026501646 0.111547664 0.280004203 -0.188188002 -0.335818619 0.879436612
1662138271645146368.000000 -0.068302423 -0.026503611 0.111552991 0.286432952 -0.184357733 -0.346298486 0.874097109
1662138271690147328.000000 -0.068303540 -0.026505172 0.111556552 0.296817660 -0.180074468 -0.354243696 0.868322492
1662138271729148160.000000 -0.068304338 -0.026505889 0.111559272 0.301766843 -0.176447973 -0.363024235 0.863722324
1662138271777149184.000000 -0.068304807 -0.026506860 0.111561403 0.309993327 -0.171821937 -0.371673793 0.858044267
1662138271819150336.000000 -0.068305671 -0.026508521 0.111565456 0.319390416 -0.167407185 -0.380946696 0.851377845
1662138271864151296.000000 -0.068306074 -0.026509222 0.111567177 0.327494502 -0.162709877 -0.389434040 0.845348477
1662138271912152064.000000 -0.068306990 -0.026510952 0.111570999 0.336288482 -0.157898024 -0.398527294 0.838542938
1662138271954152960.000000 -0.068307370 -0.026511937 0.111572690 0.344266236 -0.153124228 -0.406849235 0.832170367
1662138271996154112.000000 -0.068307869 -0.026513025 0.111575045 0.353315473 -0.148409352 -0.413477957 0.825941145
1662138272038154752.000000 -0.068308115 -0.026513582 0.111576445 0.361158878 -0.143552929 -0.421633869 0.819256842
1662138272080155904.000000 -0.068307996 -0.026514189 0.111577921 0.367986202 -0.143925011 -0.427703261 0.812983215
1662138272125156608.000000 -0.068308629 -0.026515922 0.111579873 0.376351655 -0.139814720 -0.433606952 0.806719542
1662138272173157632.000000 -0.068308830 -0.026515994 0.111580469 0.384005398 -0.135891110 -0.439860135 0.800372720
1662138272215158784.000000 -0.068308353 -0.026514390 0.111579970 0.392239988 -0.131733567 -0.445628136 0.793857455
1662138272260159488.000000 -0.068308033 -0.026513338 0.111579590 0.399318397 -0.127353743 -0.451718926 0.787575960
1662138272305160448.000000 -0.068308011 -0.026513351 0.111580200 0.407422692 -0.123162873 -0.457352817 0.780811191
1662138272347161600.000000 -0.068307877 -0.026513256 0.111580692 0.415461749 -0.118950903 -0.462912470 0.773921430
1662138272389162240.000000 -0.068307862 -0.026512813 0.111581005 0.423431605 -0.114718944 -0.468398124 0.766908407
1662138272434163456.000000 -0.068307742 -0.026512310 0.111581326 0.431272149 -0.110698566 -0.474035710 0.759631693
1662138272485164288.000000 -0.068307631 -0.026511889 0.111581527 0.439321667 -0.105828017 -0.478927910 0.752612114
1662138272530165504.000000 -0.068307489 -0.026511792 0.111582145 0.446964383 -0.101576440 -0.484355748 0.745187640
1662138272572166144.000000 -0.068307355 -0.026511656 0.111582473 0.454938889 -0.097428650 -0.489645123 0.737418413
1662138272614167296.000000 -0.068307362 -0.026511606 0.111582957 0.462555289 -0.093324609 -0.494754374 0.729761064
1662138272659168000.000000 -0.068307355 -0.026511587 0.111583315 0.470098585 -0.088991024 -0.499768317 0.722024679
1662138272716169472.000000 -0.068307221 -0.026511507 0.111583628 0.477192372 -0.084844567 -0.504731238 0.714377582
1662138272758170112.000000 -0.068307117 -0.026511373 0.111583829 0.484586418 -0.080486059 -0.509585619 0.706413865
1662138272803171072.000000 -0.068306983 -0.026511507 0.111584373 0.492058516 -0.076055974 -0.514233649 0.698324919
1662138272848172288.000000 -0.068306878 -0.026511554 0.111584812 0.499048710 -0.071725838 -0.518897116 0.690327227
1662138272893172992.000000 -0.068306863 -0.026511665 0.111585133 0.506218374 -0.067498244 -0.523490846 0.682014883
1662138272935173888.000000 -0.068306655 -0.026511494 0.111585349 0.513295829 -0.063095115 -0.528012395 0.673609197
1662138272983174912.000000 -0.068306595 -0.026511498 0.111585841 0.520215988 -0.058556776 -0.532053173 0.665481687
1662138273028176128.000000 -0.068306394 -0.026511291 0.111585900 0.527127802 -0.054133371 -0.536408186 0.656865418
1662138273070176768.000000 -0.068306327 -0.026511664 0.111586243 0.534118056 -0.049882598 -0.540757716 0.647928059
1662138273118177792.000000 -0.068306364 -0.026511710 0.111586496 0.540862679 -0.045443647 -0.544933081 0.639101267
1662138273172178944.000000 -0.068306163 -0.026511917 0.111586705 0.547427177 -0.041130893 -0.549111545 0.630165279
1662138273217179904.000000 -0.068306178 -0.026512261 0.111586958 0.553999186 -0.036682203 -0.553109765 0.621135235
1662138273265181184.000000 -0.068306074 -0.026512224 0.111587189 0.560572088 -0.032310735 -0.556967616 0.611965716
1662138273313182208.000000 -0.068306088 -0.026512558 0.111587435 0.566966057 -0.027851833 -0.560785949 0.602737963
1662138273358182912.000000 -0.068306044 -0.026512872 0.111587644 0.573277295 -0.023539348 -0.564618289 0.593300283
1662138273406183936.000000 -0.068306208 -0.026513370 0.111587867 0.579489529 -0.019075444 -0.568253756 0.583879888
1662138273448185088.000000 -0.068305835 -0.026513124 0.111587986 0.585559130 -0.014456524 -0.571771979 0.574446082
1662138273490185728.000000 -0.068305254 -0.026512409 0.111587763 0.591582596 -0.009987770 -0.575227082 0.564839900
1662138273538186752.000000 -0.068305135 -0.026512381 0.111587770 0.597474396 -0.005550885 -0.578641415 0.555128515
1662138273583187712.000000 -0.068304829 -0.026512120 0.111587778 0.603308260 -0.001080259 -0.581910729 0.545341969
1662138273634188800.000000 -0.068305023 -0.026512437 0.111587897 0.609075487 0.003503862 -0.585014701 0.535511494
1662138273676189952.000000 -0.068305053 -0.026512839 0.111588083 0.614714742 0.007975986 -0.588096797 0.525551438
1662138273721190656.000000 -0.068304993 -0.026512858 0.111588180 0.620178699 0.012389909 -0.591166377 0.515506744
1662138273766191616.000000 -0.068305075 -0.026513055 0.111588195 0.625621140 0.016856471 -0.594058514 0.505379617
1662138273808192768.000000 -0.068305165 -0.026513416 0.111588269 0.631150484 0.021224907 -0.596738040 0.495078087
1662138273850193408.000000 -0.068305202 -0.026513651 0.111588374 0.636391580 0.025687741 -0.599436522 0.484790534
1662138273892194560.000000 -0.068305098 -0.026513617 0.111588418 0.641464293 0.030156227 -0.602066278 0.474479049
1662138273931195136.000000 -0.068305142 -0.026513819 0.111588433 0.646566689 0.034600411 -0.604543984 0.463983923
1662138273970195968.000000 -0.068305165 -0.026514061 0.111588508 0.651489139 0.039037824 -0.606942892 0.453495741
1662138274012197120.000000 -0.068305105 -0.026513901 0.111588515 0.656257093 0.043511562 -0.609296679 0.442934573
1662138274057197824.000000 -0.068305172 -0.026514251 0.111588575 0.661021471 0.047917850 -0.611483276 0.432253033
1662138274099198720.000000 -0.068305150 -0.026514348 0.111588620 0.665638208 0.052344907 -0.613598585 0.421524137
1662138274141199872.000000 -0.068305172 -0.026514445 0.111588672 0.670127213 0.056757193 -0.615634382 0.410734087
1662138274183200512.000000 -0.068305165 -0.026514526 0.111588687 0.674532592 0.061154284 -0.617549837 0.399872661
1662138274231201536.000000 -0.068305172 -0.026514668 0.111588717 0.678832531 0.065569304 -0.619356155 0.388953924
1662138274279202816.000000 -0.068305209 -0.026514746 0.111588694 0.683028162 0.069943167 -0.621064663 0.377967179
1662138274324203776.000000 -0.068305202 -0.026514821 0.111588717 0.687093556 0.074323490 -0.622683287 0.366938621
1662138274372204544.000000 -0.068305194 -0.026514940 0.111588754 0.691059172 0.078689292 -0.624203324 0.355830610
1662138274414205440.000000 -0.068305209 -0.026514985 0.111588739 0.694913864 0.083041966 -0.625623345 0.344665349
1662138274459206656.000000 -0.068305261 -0.026515111 0.111588739 0.698657751 0.087382250 -0.626942396 0.333443999
1662138274501207296.000000 -0.068305247 -0.026515219 0.111588746 0.702288270 0.091708280 -0.628161728 0.322170377
1662138274549208320.000000 -0.068305269 -0.026515286 0.111588724 0.705807686 0.096018806 -0.629279137 0.310843676
1662138274591209472.000000 -0.068305291 -0.026515305 0.111588761 0.709212363 0.100314178 -0.630296350 0.299468517
1662138274633210112.000000 -0.068305269 -0.026515316 0.111588746 0.712504029 0.104594260 -0.631211936 0.288044304
1662138274681211136.000000 -0.068305284 -0.026515337 0.111588769 0.715681195 0.108857043 -0.632026494 0.276574075
1662138274729212160.000000 -0.068305306 -0.026515339 0.111588731 0.718743324 0.113102399 -0.632739604 0.265059382
1662138274729212160.000000 -0.068305306 -0.026515339 0.111588731 0.718743324 0.113102399 -0.632739604 0.265059382
1662138274729212160.000000 -0.068305306 -0.026515339 0.111588731 0.718743324 0.113102399 -0.632739604 0.265059382
1662138274729212160.000000 -0.068305306 -0.026515339 0.111588731 0.718743324 0.113102399 -0.632739604 0.265059382
1662138274729212160.000000 -0.068305306 -0.026515339 0.111588731 0.718743324 0.113102399 -0.632739604 0.265059382
1662138274729212160.000000 -0.068305306 -0.026515339 0.111588731 0.718743324 0.113102399 -0.632739604 0.265059382
1662138274729212160.000000 -0.068305306 -0.026515339 0.111588731 0.718743324 0.113102399 -0.632739604 0.265059382
1662138274729212160.000000 -0.068305306 -0.026515339 0.111588731 0.718743324 0.113102399 -0.632739604 0.265059382
1662138274729212160.000000 -0.068305306 -0.026515339 0.111588731 0.718743324 0.113102399 -0.632739604 0.265059382
1662138274729212160.000000 -0.068305306 -0.026515339 0.111588731 0.718743324 0.113102399 -0.632739604 0.265059382
1662138274729212160.000000 -0.068305306 -0.026515339 0.111588731 0.718743324 0.113102399 -0.632739604 0.265059382
1662138274729212160.000000 -0.068305306 -0.026515339 0.111588731 0.718743324 0.113102399 -0.632739604 0.265059382
1662138274729212160.000000 -0.068305306 -0.026515339 0.111588731 0.718743324 0.113102399 -0.632739604 0.265059382
1662138274729212160.000000 -0.068305306 -0.026515339 0.111588731 0.718743324 0.113102399 -0.632739604 0.265059382
1662138274729212160.000000 -0.068305306 -0.026515339 0.111588731 0.718743324 0.113102399 -0.632739604 0.265059382
1662138274729212160.000000 -0.068305306 -0.026515339 0.111588731 0.718743324 0.113102399 -0.632739604 0.265059382
1662138274729212160.000000 -0.068305306 -0.026515339 0.111588731 0.718743324 0.113102399 -0.632739604 0.265059382
1662138274729212160.000000 -0.068305306 -0.026515339 0.111588731 0.718743324 0.113102399 -0.632739604 0.265059382
1662138274729212160.000000 -0.068305306 -0.026515339 0.111588731 0.718743324 0.113102399 -0.632739604 0.265059382
1662138274729212160.000000 -0.068305306 -0.026515339 0.111588731 0.718743324 0.113102399 -0.632739604 0.265059382
1662138274729212160.000000 -0.068305306 -0.026515339 0.111588731 0.718743324 0.113102399 -0.632739604 0.265059382
1662138274729212160.000000 -0.068305306 -0.026515339 0.111588731 0.718743324 0.113102399 -0.632739604 0.265059382
1662138274729212160.000000 -0.068305306 -0.026515339 0.111588731 0.718743324 0.113102399 -0.632739604 0.265059382
1662138274729212160.000000 -0.068305306 -0.026515339 0.111588731 0.718743324 0.113102399 -0.632739604 0.265059382
1662138274729212160.000000 -0.068305306 -0.026515339 0.111588731 0.718743324 0.113102399 -0.632739604 0.265059382
1662138274729212160.000000 -0.068305306 -0.026515339 0.111588731 0.718743324 0.113102399 -0.632739604 0.265059382
1662138274729212160.000000 -0.068305306 -0.026515339 0.111588731 0.718743324 0.113102399 -0.632739604 0.265059382
1662138274729212160.000000 -0.068305306 -0.026515339 0.111588731 0.718743324 0.113102399 -0.632739604 0.265059382
1662138274729212160.000000 -0.068305306 -0.026515339 0.111588731 0.718743324 0.113102399 -0.632739604 0.265059382
1662138274729212160.000000 -0.068305306 -0.026515339 0.111588731 0.718743324 0.113102399 -0.632739604 0.265059382
1662138274729212160.000000 -0.068305306 -0.026515339 0.111588731 0.718743324 0.113102399 -0.632739604 0.265059382
1662138274729212160.000000 -0.068305306 -0.026515339 0.111588731 0.718743324 0.113102399 -0.632739604 0.265059382
1662138274729212160.000000 -0.068305306 -0.026515339 0.111588731 0.718743324 0.113102399 -0.632739604 0.265059382
1662138274729212160.000000 -0.068305306 -0.026515339 0.111588731 0.718743324 0.113102399 -0.632739604 0.265059382
1662138274729212160.000000 -0.068305306 -0.026515339 0.111588731 0.718743324 0.113102399 -0.632739604 0.265059382
1662138274729212160.000000 -0.068305306 -0.026515339 0.111588731 0.718743324 0.113102399 -0.632739604 0.265059382
1662138274729212160.000000 -0.068305306 -0.026515339 0.111588731 0.718743324 0.113102399 -0.632739604 0.265059382
1662138274729212160.000000 -0.068305306 -0.026515339 0.111588731 0.718743324 0.113102399 -0.632739604 0.265059382
1662138274729212160.000000 -0.068305306 -0.026515339 0.111588731 0.718743324 0.113102399 -0.632739604 0.265059382
1662138274729212160.000000 -0.068305306 -0.026515339 0.111588731 0.718743324 0.113102399 -0.632739604 0.265059382
1662138274729212160.000000 -0.068305306 -0.026515339 0.111588731 0.718743324 0.113102399 -0.632739604 0.265059382
1662138274729212160.000000 -0.068305306 -0.026515339 0.111588731 0.718743324 0.113102399 -0.632739604 0.265059382
1662138274729212160.000000 -0.068305306 -0.026515339 0.111588731 0.718743324 0.113102399 -0.632739604 0.265059382
1662138274729212160.000000 -0.068305306 -0.026515339 0.111588731 0.718743324 0.113102399 -0.632739604 0.265059382
1662138274729212160.000000 -0.068305306 -0.026515339 0.111588731 0.718743324 0.113102399 -0.632739604 0.265059382
1662138274729212160.000000 -0.068305306 -0.026515339 0.111588731 0.718743324 0.113102399 -0.632739604 0.265059382
1662138274729212160.000000 -0.068305306 -0.026515339 0.111588731 0.718743324 0.113102399 -0.632739604 0.265059382
1662138274729212160.000000 -0.068305306 -0.026515339 0.111588731 0.718743324 0.113102399 -0.632739604 0.265059382
1662138274729212160.000000 -0.068305306 -0.026515339 0.111588731 0.718743324 0.113102399 -0.632739604 0.265059382
1662138274729212160.000000 -0.068305306 -0.026515339 0.111588731 0.718743324 0.113102399 -0.632739604 0.265059382
1662138274729212160.000000 -0.068305306 -0.026515339 0.111588731 0.718743324 0.113102399 -0.632739604 0.265059382
1662138274729212160.000000 -0.068305306 -0.026515339 0.111588731 0.718743324 0.113102399 -0.632739604 0.265059382
1662138274729212160.000000 -0.068305306 -0.026515339 0.111588731 0.718743324 0.113102399 -0.632739604 0.265059382
1662138274729212160.000000 -0.068305306 -0.026515339 0.111588731 0.718743324 0.113102399 -0.632739604 0.265059382
1662138274729212160.000000 -0.068305306 -0.026515339 0.111588731 0.718743324 0.113102399 -0.632739604 0.265059382
1662138274729212160.000000 -0.068305306 -0.026515339 0.111588731 0.718743324 0.113102399 -0.632739604 0.265059382
1662138274729212160.000000 -0.068305306 -0.026515339 0.111588731 0.718743324 0.113102399 -0.632739604 0.265059382
1662138274729212160.000000 -0.068305306 -0.026515339 0.111588731 0.718743324 0.113102399 -0.632739604 0.265059382
1662138274729212160.000000 -0.068305306 -0.026515339 0.111588731 0.718743324 0.113102399 -0.632739604 0.265059382
1662138274729212160.000000 -0.068305306 -0.026515339 0.111588731 0.718743324 0.113102399 -0.632739604 0.265059382
1662138274729212160.000000 -0.068305306 -0.026515339 0.111588731 0.718743324 0.113102399 -0.632739604 0.265059382
1662138274729212160.000000 -0.068305306 -0.026515339 0.111588731 0.718743324 0.113102399 -0.632739604 0.265059382
1662138274729212160.000000 -0.068305306 -0.026515339 0.111588731 0.718743324 0.113102399 -0.632739604 0.265059382
1662138274729212160.000000 -0.068305306 -0.026515339 0.111588731 0.718743324 0.113102399 -0.632739604 0.265059382
1662138274729212160.000000 -0.068305306 -0.026515339 0.111588731 0.718743324 0.113102399 -0.632739604 0.265059382
1662138274729212160.000000 -0.068305306 -0.026515339 0.111588731 0.718743324 0.113102399 -0.632739604 0.265059382
1662138274729212160.000000 -0.068305306 -0.026515339 0.111588731 0.718743324 0.113102399 -0.632739604 0.265059382
1662138274729212160.000000 -0.068305306 -0.026515339 0.111588731 0.718743324 0.113102399 -0.632739604 0.265059382
