1662138256464822528.000000 -0.007917446 0.024959169 -0.029966017 0.023029827 0.020077722 0.005994475 0.999515176
1662138256506823424.000000 -0.012341158 0.031410776 -0.019214673 0.041351277 0.038983122 0.009561932 0.998338103
1662138256554824704.000000 -0.012884025 0.032916445 -0.015045056 0.048547760 0.044606540 0.010643564 0.997767568
1662138256596825344.000000 -0.014298294 0.037278563 -0.015955592 0.055873502 0.063923948 0.014727849 0.996280611
1662138256638826496.000000 -0.015939891 0.037598293 -0.011982530 0.066410854 0.079142176 0.014897497 0.994537175
1662138256683827456.000000 -0.015395565 0.034944028 -0.006713135 0.073961750 0.096172206 0.024076153 0.992321014
1662138256725828096.000000 -0.015481863 0.034046933 -0.002414186 0.078754917 0.105988979 0.023071121 0.990975142
1662138256770829312.000000 -0.014261681 0.031368002 0.000160257 0.080552936 0.116017587 0.022914516 0.989710093
1662138256812829952.000000 -0.014099039 0.031287331 0.001258819 0.086878017 0.123572923 0.026070803 0.988181293
1662138256860830976.000000 -0.013478545 0.029304437 0.002456717 0.095455170 0.137945920 0.024491521 0.985524952
1662138256911832064.000000 -0.013375061 0.028544523 0.004681740 0.099090144 0.151429698 0.023324827 0.983212173
1662138256956833024.000000 -0.013567386 0.029285721 0.005467767 0.119256377 0.166768014 0.031025907 0.978265703
1662138257001834240.000000 -0.013342144 0.029005509 0.006150869 0.128662437 0.175359890 0.032719962 0.975512326
1662138257052835328.000000 -0.013619934 0.029872147 0.006875246 0.149915069 0.192632064 0.037744235 0.969016910
1662138257094835968.000000 -0.014127265 0.029791210 0.006990245 0.154285282 0.209102750 0.046564877 0.964522600
1662138257139836928.000000 -0.013668037 0.029808940 0.007337896 0.163325846 0.213939324 0.043402281 0.962117910
1662138257184838144.000000 -0.013701069 0.029810825 0.007510960 0.172066286 0.224671036 0.041546151 0.958222330
1662138257235839232.000000 -0.013705648 0.029750673 0.007570141 0.182196751 0.236212686 0.039272666 0.953659058
1662138257277839872.000000 -0.013556110 0.029710151 0.007842575 0.181266144 0.238995388 0.039821379 0.953120172
1662138257328840960.000000 -0.013175158 0.029914575 0.007618085 0.198299736 0.247263595 0.030377025 0.947953165
1662138257370841856.000000 -0.013321553 0.029986732 0.008269330 0.212088034 0.259774536 0.036107186 0.941399097
1662138257412842752.000000 -0.013329034 0.030358016 0.008845115 0.227812022 0.268175095 0.037427999 0.935298324
1662138257454843648.000000 -0.012946483 0.030375125 0.009251084 0.237280458 0.272694409 0.042627834 0.931406856
1662138257496844544.000000 -0.012934774 0.030456197 0.009661461 0.242894903 0.279664606 0.042753432 0.927880406
1662138257544845568.000000 -0.012994088 0.030341452 0.010091437 0.252553821 0.289407194 0.048685141 0.922003210
1662138257586846464.000000 -0.012993661 0.030295279 0.010356824 0.257348001 0.294335037 0.051466804 0.918961465
1662138257628847360.000000 -0.012811717 0.030461669 0.010730818 0.263530701 0.299375325 0.049506702 0.915682852
1662138257670848256.000000 -0.012800165 0.030064937 0.011033010 0.260706246 0.307600796 0.057031378 0.913324416
1662138257724849408.000000 -0.012731187 0.029843900 0.011285703 0.258562624 0.313342452 0.058365174 0.911896646
1662138257769850368.000000 -0.012666817 0.029667761 0.011348128 0.251661927 0.315290451 0.057954788 0.913181007
1662138257811851264.000000 -0.012566416 0.029546436 0.011504039 0.251675993 0.318851918 0.060132843 0.911798656
1662138257853852160.000000 -0.012498607 0.029424081 0.011711199 0.252789676 0.323022604 0.062904723 0.909833372
1662138257895853056.000000 -0.012416556 0.029274145 0.011837569 0.251130283 0.325887233 0.064988911 0.909124672
1662138257937853952.000000 -0.012341041 0.029228657 0.011902048 0.255959749 0.327008486 0.069341801 0.907051146
1662138257979855104.000000 -0.012270141 0.029167736 0.011960220 0.256027192 0.328092963 0.070699409 0.906535566
1662138258021855744.000000 -0.012244442 0.029117126 0.011947444 0.249458939 0.328205347 0.067713432 0.908551812
1662138258069856768.000000 -0.012179723 0.029023584 0.011995894 0.248331383 0.329197645 0.069096476 0.908397555
1662138258117858048.000000 -0.012132645 0.028932342 0.012017174 0.244796365 0.330177933 0.069108568 0.909000158
1662138258156858624.000000 -0.012096375 0.028907936 0.012046875 0.247166276 0.330857754 0.071528681 0.907923818
1662138258201859840.000000 -0.012032288 0.028884817 0.012132170 0.249694049 0.332368314 0.073342063 0.906534731
1662138258246860800.000000 -0.011983587 0.028779313 0.012176685 0.242478848 0.333811730 0.071165435 0.908134997
1662138258294861568.000000 -0.011926213 0.028728174 0.012248121 0.242125809 0.334943175 0.071816169 0.907761335
1662138258342862592.000000 -0.011881566 0.028712716 0.012302561 0.244975865 0.336121768 0.073769391 0.906403422
1662138258387863552.000000 -0.011848118 0.028641474 0.012352698 0.244531468 0.337242097 0.075483039 0.905966043
1662138258429864704.000000 -0.011804193 0.028579701 0.012435294 0.243250296 0.339107633 0.076010481 0.905570388
1662138258471865344.000000 -0.011799678 0.028544657 0.012420338 0.241572931 0.339072168 0.075998962 0.906033516
1662138258516866560.000000 -0.011764890 0.028454233 0.012475893 0.235749304 0.340477854 0.074079774 0.907198608
1662138258567867392.000000 -0.011734852 0.028445039 0.012514063 0.237114012 0.340946853 0.075091571 0.906583428
1662138258609868288.000000 -0.011703838 0.028363079 0.012565179 0.238346145 0.342398316 0.077686459 0.905494034
1662138258654869248.000000 -0.011678061 0.028313581 0.012634741 0.235072866 0.344082355 0.076731570 0.905792713
1662138258696870400.000000 -0.011661813 0.028306033 0.012653851 0.234680519 0.344277173 0.076074749 0.905875802
1662138258741871104.000000 -0.011652946 0.028222242 0.012645506 0.233042046 0.344636440 0.078058600 0.905993402
1662138258786872064.000000 -0.011621913 0.028232547 0.012752063 0.239085913 0.346731335 0.081541181 0.903308570
1662138258825872896.000000 -0.011604001 0.028186785 0.012758551 0.239046648 0.347093284 0.082485735 0.903094172
1662138258867873792.000000 -0.011588291 0.028158929 0.012806810 0.237157002 0.348202437 0.081868343 0.903221607
1662138258912875008.000000 -0.011587853 0.028097371 0.012791196 0.232215732 0.348295748 0.079860672 0.904648125
1662138258957875712.000000 -0.011567527 0.028028706 0.012834060 0.231071562 0.349346220 0.080948748 0.904439390
1662138259005876736.000000 -0.011563630 0.028001046 0.012826050 0.231404111 0.349480808 0.082179017 0.904191315
1662138259047877888.000000 -0.011548314 0.027958464 0.012869958 0.229634002 0.350341380 0.081516504 0.904369533
1662138259095878912.000000 -0.011541836 0.027940234 0.012918645 0.228572205 0.351573557 0.081042811 0.904202878
1662138259149879808.000000 -0.011524505 0.027868196 0.012935285 0.227019593 0.352079242 0.082339562 0.904280186
1662138259200880896.000000 -0.011519435 0.027821328 0.012893996 0.224540651 0.351759315 0.082456961 0.905012608
1662138259242882048.000000 -0.011515120 0.027809666 0.012972157 0.224537179 0.353282630 0.082142681 0.904448569
1662138259287882752.000000 -0.011504330 0.027800485 0.012923235 0.223022327 0.351969808 0.081615143 0.905382395
1662138259335883776.000000 -0.011496370 0.027792461 0.012961352 0.226195499 0.352622896 0.083686382 0.904151142
1662138259386884864.000000 -0.011490799 0.027787441 0.012999932 0.225924730 0.353607684 0.083463542 0.903854787
1662138259428886016.000000 -0.011484912 0.027778473 0.013040892 0.225047663 0.354672551 0.082952820 0.903703392
1662138259470886656.000000 -0.011479719 0.027773622 0.013084745 0.229705423 0.355680645 0.085568227 0.901889563
1662138259512887808.000000 -0.011466229 0.027762588 0.013154745 0.233372137 0.356978655 0.088069730 0.900193036
1662138259560888832.000000 -0.011459324 0.027760066 0.013202536 0.238999337 0.358004689 0.092166409 0.897896111
1662138259602889472.000000 -0.011456908 0.027749818 0.013191411 0.232931972 0.357693672 0.087602146 0.900068820
1662138259647890688.000000 -0.011460649 0.027755706 0.013194978 0.236322060 0.358214855 0.089613162 0.898778915
1662138259689891328.000000 -0.011477351 0.027775526 0.013086805 0.230818346 0.355801851 0.085975438 0.901518881
1662138259734892288.000000 -0.011495279 0.027796436 0.012988624 0.226331219 0.353365898 0.083659470 0.903829634
1662138259776893440.000000 -0.011516109 0.027839504 0.012861324 0.225021929 0.350805283 0.082302265 0.905277431
1662138259824894464.000000 -0.011543398 0.027912432 0.012753086 0.228110522 0.348481625 0.083113432 0.905327737
1662138259866895104.000000 -0.011527854 0.027857699 0.012858965 0.227542371 0.350924671 0.083268374 0.904512405
1662138259911896320.000000 -0.011502971 0.027808569 0.012925738 0.226061776 0.352235734 0.083791099 0.904325843
1662138259956897024.000000 -0.011504035 0.027810171 0.012917047 0.225224987 0.351963848 0.082522348 0.904757082
1662138259998897920.000000 -0.011503508 0.027831135 0.012872536 0.225675181 0.350922525 0.083016261 0.905004144
1662138260040899072.000000 -0.011505356 0.027823946 0.012878549 0.225069389 0.351027191 0.082729936 0.905140579
1662138260088899840.000000 -0.011508485 0.027820323 0.012877062 0.224952132 0.351065189 0.082809813 0.905147731
1662138260133900800.000000 -0.011505093 0.027820995 0.012910249 0.227198943 0.351855725 0.084195003 0.904151261
1662138260175901952.000000 -0.011506915 0.027815739 0.012954520 0.227240384 0.352849931 0.083700858 0.903799176
1662138260226903040.000000 -0.011503747 0.027809527 0.012953928 0.228092119 0.352918923 0.084598675 0.903474033
1662138260268903680.000000 -0.011507373 0.027809139 0.012937888 0.226910055 0.352476358 0.083903782 0.904009104
1662138260316904704.000000 -0.011507292 0.027805354 0.012951060 0.226892561 0.353191614 0.083910793 0.903733671
1662138260364905728.000000 -0.011496205 0.027790308 0.013010131 0.227542475 0.353936970 0.084526777 0.903221071
1662138260406906880.000000 -0.011499666 0.027788254 0.013010411 0.227136001 0.354174078 0.084187262 0.903262138
1662138260448907520.000000 -0.011497497 0.027786180 0.013022317 0.227072492 0.354158044 0.084080085 0.903294384
1662138260490908672.000000 -0.011504784 0.027781477 0.012996022 0.225236133 0.353492945 0.083331645 0.904083729
1662138260529909248.000000 -0.011497946 0.027785845 0.013018784 0.227585539 0.354330152 0.084607176 0.903048575
1662138260574910464.000000 -0.011498054 0.027785441 0.013030253 0.227583483 0.354648978 0.084376134 0.902945459
1662138260616911104.000000 -0.011504384 0.027779568 0.013025249 0.227645487 0.354213953 0.084522203 0.903086960
1662138260667912192.000000 -0.011504935 0.027779583 0.013004737 0.226199806 0.354392052 0.083738126 0.903453290
1662138260721913344.000000 -0.011508323 0.027776083 0.013001766 0.226188764 0.354116410 0.083963901 0.903543234
1662138260769914368.000000 -0.011508383 0.027776340 0.013006413 0.225858241 0.354409367 0.083706319 0.903534949
1662138260814915328.000000 -0.011504561 0.027775100 0.013034692 0.227307662 0.354535788 0.084462360 0.903051317
1662138260856916480.000000 -0.011501748 0.027772626 0.013040941 0.226707757 0.354829252 0.083891772 0.903140068
1662138260898917120.000000 -0.011503214 0.027770791 0.013040544 0.225711063 0.354628831 0.083204567 0.903531969
1662138260937917952.000000 -0.011506295 0.027771963 0.013033239 0.226681173 0.354524493 0.084356420 0.903223157
1662138260985918976.000000 -0.011505935 0.027769236 0.013030365 0.226474747 0.354543865 0.084074438 0.903293610
1662138261036920064.000000 -0.011504043 0.027767804 0.013043668 0.225942835 0.354809821 0.083587110 0.903367698
1662138261081921024.000000 -0.011501749 0.027774589 0.013037097 0.226974443 0.354749650 0.084321082 0.903064430
1662138261120921856.000000 -0.011497383 0.027777422 0.013055196 0.227048695 0.354944944 0.083974384 0.903001249
1662138261165922816.000000 -0.011509936 0.027767323 0.013039323 0.227796376 0.354645967 0.085304305 0.902805865
1662138261207923968.000000 -0.011502364 0.027773049 0.013043538 0.226225078 0.354944438 0.083588690 0.903243959
1662138261252924672.000000 -0.011508539 0.027768563 0.013031688 0.225960940 0.354463995 0.083685897 0.903489709
1662138261300925696.000000 -0.011502620 0.027781077 0.013035135 0.227365449 0.354630679 0.084261358 0.903018355
1662138261342926848.000000 -0.011508679 0.027800921 0.012987345 0.227993146 0.353838474 0.084253930 0.903171539
1662138261384927488.000000 -0.011516149 0.027810244 0.012927637 0.226180583 0.352194697 0.083454557 0.904343247
1662138261441928960.000000 -0.011550105 0.027837409 0.012887575 0.226604715 0.351559818 0.083143361 0.904512763
1662138261483929600.000000 -0.011502914 0.027802644 0.012940784 0.226740062 0.352558017 0.083740309 0.904035091
1662138261528930560.000000 -0.011496612 0.027762283 0.013033756 0.225814462 0.354678780 0.083759055 0.903435290
1662138261573931776.000000 -0.011492293 0.027784202 0.013021833 0.228479058 0.354384482 0.084767997 0.902786493
1662138261618932480.000000 -0.011520602 0.027809877 0.012938149 0.227072656 0.352435946 0.083806910 0.903993011
1662138261666933504.000000 -0.011543270 0.027801149 0.012987554 0.227241725 0.353690892 0.083987266 0.903443515
1662138261708934656.000000 -0.011561057 0.027769372 0.012986629 0.225416005 0.353911966 0.083593376 0.903850734
1662138261753935616.000000 -0.011560775 0.027774874 0.013043681 0.227755755 0.355177462 0.084527634 0.902680159
1662138261801936384.000000 -0.011537623 0.027779855 0.013114464 0.228649139 0.356460422 0.085108526 0.901893616
1662138261849937408.000000 -0.011551592 0.027768739 0.013059282 0.227819666 0.355544120 0.084513739 0.902520955
1662138261900938496.000000 -0.011609359 0.027787924 0.012975486 0.226484060 0.353845626 0.083617926 0.903607428
1662138261945939456.000000 -0.011641026 0.027783221 0.012963392 0.226685271 0.353437334 0.083638236 0.903714895
1662138261987940608.000000 -0.011639636 0.027768465 0.012972247 0.226325363 0.354013026 0.083977170 0.903548300
1662138262026941184.000000 -0.011453029 0.027740225 0.012949919 0.224412963 0.352840304 0.084447838 0.904439688
1662138262074942464.000000 -0.011390086 0.027791712 0.012547782 0.222690210 0.344231546 0.084556691 0.908165157
1662138262116943104.000000 -0.011455175 0.027806763 0.012789479 0.225871965 0.349058807 0.084572859 0.905531466
1662138262164944128.000000 -0.011409322 0.027428111 0.012560055 0.214511842 0.345801264 0.088788174 0.909133077
1662138262209945088.000000 -0.011796844 0.028278623 0.012898277 0.242313892 0.350475252 0.080401279 0.901103079
1662138262254946304.000000 -0.012075009 0.028994458 0.013208449 0.258181989 0.353653669 0.068461813 0.896428585
1662138262296946944.000000 -0.012036787 0.028878685 0.012611180 0.247348115 0.342124015 0.068661265 0.903911352
1662138262350948096.000000 -0.012129366 0.029000606 0.012387054 0.251077443 0.337408453 0.069377981 0.904600739
1662138262395949056.000000 -0.012104386 0.029060893 0.012156913 0.253114760 0.332328588 0.070782758 0.905803740
1662138262437950208.000000 -0.012059711 0.029011430 0.012385882 0.249897480 0.336627722 0.068535142 0.905282259
1662138262482950912.000000 -0.012099888 0.029022649 0.012346305 0.250273585 0.336266249 0.068184465 0.905339181
1662138262533952000.000000 -0.012229803 0.028992107 0.012040686 0.244727165 0.330807209 0.067508906 0.908910275
1662138262575952896.000000 -0.012583925 0.029077958 0.011389645 0.233581468 0.319225550 0.060426388 0.916451573
1662138262617953792.000000 -0.012379201 0.029435780 0.011273397 0.248497844 0.313173056 0.063394338 0.914413810
1662138262668955136.000000 -0.012457949 0.029047355 0.011364611 0.242453337 0.318007618 0.068693668 0.913985133
1662138262716955904.000000 -0.012533171 0.029116957 0.011084637 0.239074394 0.312105566 0.065880030 0.917111456
1662138262767957248.000000 -0.012580903 0.029159404 0.011308806 0.243731037 0.316736102 0.066439748 0.914253354
1662138262815958016.000000 -0.012643892 0.029292475 0.011359498 0.249233738 0.317733198 0.066791579 0.912396371
1662138262857958912.000000 -0.012638466 0.029440278 0.011236837 0.251217723 0.314049721 0.064522773 0.913290322
1662138262905960192.000000 -0.012738750 0.029424030 0.011243391 0.251114219 0.314626276 0.064727902 0.913105845
1662138262950961152.000000 -0.012903446 0.029535238 0.011090808 0.253871232 0.312772036 0.064370096 0.913005769
1662138262992961792.000000 -0.012922147 0.029540883 0.011161620 0.255761504 0.313678831 0.066266850 0.912030876
1662138263043962880.000000 -0.013015592 0.029504122 0.011204123 0.254729360 0.315424949 0.065851741 0.911747575
1662138263088964096.000000 -0.013020544 0.029506691 0.011172792 0.253886431 0.314188361 0.064581893 0.912500203
1662138263130964736.000000 -0.013097202 0.029481698 0.011301842 0.253992885 0.316525161 0.064954795 0.911636055
1662138263178965760.000000 -0.013090135 0.029478803 0.011327016 0.253468812 0.314913839 0.064534254 0.912369549
1662138263220966912.000000 -0.013098206 0.029479614 0.011379298 0.255783528 0.310930163 0.060872708 0.913341045
1662138263265967616.000000 -0.013096718 0.029464476 0.011401526 0.255621195 0.310448766 0.062391575 0.913447678
1662138263304968704.000000 -0.013092244 0.029456884 0.011521889 0.258556426 0.307215035 0.061009333 0.913808227
1662138263355969792.000000 -0.013068814 0.029445432 0.011589842 0.255910397 0.302760273 0.058989465 0.916169405
1662138263400970752.000000 -0.013054622 0.029387141 0.011636633 0.251250714 0.296933502 0.056949943 0.919489205
1662138263451971840.000000 -0.013049009 0.029405398 0.011710797 0.255838275 0.295184284 0.058648083 0.918680251
1662138263493972480.000000 -0.013062350 0.029385924 0.011767486 0.255041748 0.294210881 0.058589242 0.919217587
1662138263544973568.000000 -0.013053019 0.029375363 0.011812026 0.255087584 0.290774256 0.058391497 0.920310318
1662138263592974592.000000 -0.013069244 0.029337652 0.011863355 0.253807336 0.290926188 0.062409312 0.920352578
1662138263634975744.000000 -0.013037577 0.029324243 0.011912545 0.251930863 0.285801768 0.061171584 0.922554255
1662138263673976320.000000 -0.013050176 0.029306659 0.011943050 0.249366626 0.284639567 0.058364801 0.923791230
1662138263718977536.000000 -0.013056465 0.029296100 0.011984069 0.248466298 0.282264471 0.058203217 0.924772263
1662138263763978240.000000 -0.013044070 0.029275924 0.012010308 0.247066006 0.278532416 0.057755906 0.926305771
1662138263811979264.000000 -0.013042601 0.029273989 0.012068697 0.247772366 0.276235074 0.059037361 0.926724136
1662138263859980288.000000 -0.013028298 0.029255979 0.012109598 0.245827928 0.272167832 0.059170339 0.928435326
1662138263901981440.000000 -0.013068965 0.029255709 0.012137082 0.247849613 0.275133103 0.057411980 0.927133381
1662138263949982464.000000 -0.013058114 0.029233241 0.012189675 0.247038081 0.270080835 0.058768809 0.928749084
1662138263991983104.000000 -0.013061512 0.029228108 0.012219732 0.247355625 0.266277134 0.057685964 0.929830074
1662138264036984320.000000 -0.013069358 0.029209960 0.012257708 0.245371804 0.265632451 0.059196606 0.930444956
1662138264087985152.000000 -0.013063470 0.029202048 0.012307649 0.245471090 0.261747003 0.059623174 0.931492090
1662138264129986048.000000 -0.013044305 0.029190168 0.012339393 0.244421095 0.258094609 0.062103104 0.932624698
1662138264174987008.000000 -0.013043859 0.029178506 0.012364720 0.243790925 0.256616175 0.062278319 0.933185697
1662138264219988224.000000 -0.013061689 0.029173104 0.012408542 0.243989944 0.256908745 0.061333667 0.933115780
1662138264258988800.000000 -0.013076568 0.029161837 0.012452711 0.242749885 0.255805939 0.061382730 0.933738768
1662138264303989760.000000 -0.013067374 0.029153530 0.012477956 0.243015960 0.251488060 0.063518897 0.934699118
1662138264354990848.000000 -0.013091151 0.029138895 0.012520106 0.244284362 0.250722080 0.064007245 0.934540868
1662138264399992064.000000 -0.013077605 0.029122718 0.012552632 0.242573172 0.246884719 0.066938564 0.935802042
1662138264444992768.000000 -0.013078691 0.029111836 0.012586340 0.243265912 0.245475307 0.067514174 0.935951591
1662138264483993856.000000 -0.013062706 0.029098336 0.012613616 0.242093623 0.240759939 0.070099406 0.937289417
1662138264525994496.000000 -0.013077449 0.029113891 0.012645621 0.247478679 0.240023434 0.069036976 0.936150134
1662138264573995520.000000 -0.013107728 0.029115781 0.012658905 0.246692240 0.240992740 0.066055216 0.936323762
1662138264618996736.000000 -0.013084786 0.029099368 0.012671703 0.244007692 0.232985958 0.069670953 0.938788474
1662138264660997376.000000 -0.013098488 0.029098729 0.012713771 0.247530580 0.232458070 0.071283393 0.937875569
1662138264702998272.000000 -0.013095085 0.029099219 0.012714589 0.249334306 0.227603689 0.073372610 0.938427091
1662138264762999808.000000 -0.013095904 0.029094815 0.012729696 0.249384522 0.223631144 0.074846134 0.939252138
1662138264808000512.000000 -0.013097590 0.029089220 0.012751086 0.249913216 0.218705133 0.077874012 0.940025091
1662138264850001664.000000 -0.013098288 0.029081687 0.012777371 0.250777125 0.216845483 0.079869710 0.940058351
1662138264898002688.000000 -0.013098169 0.029075678 0.012797115 0.249918401 0.214237034 0.081208877 0.940770209
1662138264943003392.000000 -0.013092514 0.029068768 0.012810336 0.252070099 0.209827110 0.084393449 0.940909684
1662138264985004544.000000 -0.013085898 0.029059837 0.012823566 0.250452638 0.206585914 0.085291542 0.941977262
1662138265030005504.000000 -0.013081372 0.029065993 0.012831219 0.251968920 0.201478228 0.085935056 0.942620456
1662138265072006144.000000 -0.013080116 0.029067297 0.012829794 0.252273083 0.199363649 0.086315095 0.942953944
1662138265114007296.000000 -0.013089822 0.029058229 0.012853034 0.253743589 0.197158128 0.088799633 0.942792416
1662138265159008000.000000 -0.013082172 0.029055415 0.012866875 0.253265977 0.194593474 0.089996293 0.943340063
1662138265207009024.000000 -0.013074217 0.029049603 0.012883120 0.255308628 0.188050702 0.094378799 0.943688095
1662138265249010176.000000 -0.013071725 0.029050374 0.012883519 0.255300552 0.183962747 0.095341340 0.944398999
1662138265300011264.000000 -0.013073302 0.029048406 0.012899848 0.256021470 0.181140289 0.096119776 0.944670439
1662138265348012288.000000 -0.013073610 0.029047180 0.012913852 0.257948071 0.178789347 0.097511321 0.944451571
1662138265390012928.000000 -0.013073424 0.029046740 0.012920119 0.258898824 0.176009014 0.100937076 0.944353700
1662138265432014080.000000 -0.013073618 0.029046435 0.012925200 0.259245962 0.171876013 0.101462752 0.944963217
1662138265477014784.000000 -0.013073717 0.029046454 0.012926074 0.261652559 0.168397516 0.104033068 0.944646716
1662138265522015744.000000 -0.013073614 0.029046262 0.012926431 0.260414720 0.165277839 0.103290237 0.945620716
1662138265564016896.000000 -0.013073517 0.029045714 0.012936420 0.262677550 0.162481025 0.106639676 0.945107639
1662138265606017536.000000 -0.013073621 0.029045315 0.012942469 0.264968634 0.160233438 0.108477034 0.944642603
1662138265651018496.000000 -0.013073518 0.029044736 0.012948612 0.264512062 0.157634512 0.109357201 0.945106268
1662138265696019712.000000 -0.013071667 0.029039180 0.012958908 0.264757812 0.156013340 0.110719740 0.945147753
1662138265744020736.000000 -0.013072051 0.029039808 0.012957640 0.265360087 0.150573209 0.110998265 0.945828319
1662138265786021376.000000 -0.013071481 0.029039383 0.012958579 0.266720563 0.148076311 0.113026045 0.945599616
1662138265831022592.000000 -0.013070098 0.029039601 0.012959650 0.266941339 0.143868297 0.113000475 0.946189821
1662138265873023232.000000 -0.013069953 0.029038155 0.012961323 0.267360181 0.142414063 0.113497652 0.946232080
1662138265918024192.000000 -0.013069303 0.029037492 0.012962583 0.267572284 0.139513791 0.115420505 0.946371615
1662138265966025472.000000 -0.013068956 0.029038372 0.012962352 0.269215882 0.135310143 0.116900809 0.946334124
1662138266008026112.000000 -0.013068101 0.029041022 0.012959726 0.267524928 0.131350935 0.115893893 0.947494566
1662138266050027008.000000 -0.013068302 0.029039703 0.012960485 0.269952416 0.128354445 0.117831834 0.946977556
1662138266095028224.000000 -0.013065619 0.029041018 0.012960305 0.271064907 0.123580307 0.118902862 0.947160959
1662138266146029312.000000 -0.013066992 0.029040504 0.012958991 0.271900803 0.120586298 0.120039538 0.947163939
1662138266188029952.000000 -0.013065265 0.029041002 0.012960053 0.272130728 0.117419854 0.120619193 0.947421968
1662138266239031040.000000 -0.013064441 0.029040998 0.012962172 0.272009671 0.115769908 0.120961420 0.947616220
1662138266284032000.000000 -0.013064248 0.029039003 0.012966948 0.273503482 0.111380361 0.121943802 0.947586417
1662138266332033280.000000 -0.013063930 0.029038027 0.012967272 0.273653060 0.108385064 0.121161036 0.947990894
1662138266371033856.000000 -0.013064621 0.029036593 0.012970176 0.274048686 0.108642481 0.121109530 0.947853684
1662138266413035008.000000 -0.013064299 0.029034844 0.012972222 0.272982061 0.107347466 0.127018541 0.947535574
1662138266455035648.000000 -0.013064177 0.029034507 0.012972632 0.273693562 0.104919285 0.123503111 0.948066890
1662138266497036800.000000 -0.013065095 0.029034205 0.012976265 0.277990013 0.100542828 0.124963120 0.947099209
1662138266542037760.000000 -0.013065668 0.029034298 0.012978308 0.280164182 0.098815478 0.127594218 0.946289241
1662138266587038464.000000 -0.013065738 0.029034061 0.012979174 0.282670557 0.095999941 0.129372433 0.945591986
1662138266629039616.000000 -0.013065973 0.029033782 0.012980241 0.284206599 0.093745984 0.131282926 0.945094287
1662138266674040320.000000 -0.013065949 0.029033771 0.012980266 0.286689252 0.090943024 0.133057550 0.944369853
1662138266725041664.000000 -0.013066341 0.029033417 0.012981875 0.288152546 0.089127131 0.135062158 0.943812847
1662138266770042368.000000 -0.013066366 0.029033242 0.012982111 0.286435038 0.088372707 0.137721017 0.944022357
1662138266821043456.000000 -0.013066596 0.029032592 0.012983399 0.287478656 0.085635148 0.139732629 0.943661749
1662138266863044608.000000 -0.013066736 0.029032443 0.012983449 0.288692564 0.086032018 0.140950903 0.943073750
1662138266908045568.000000 -0.013067107 0.029031917 0.012984104 0.289693415 0.085486457 0.141627103 0.942714989
1662138266950046208.000000 -0.013067309 0.029031765 0.012984651 0.290904254 0.085879020 0.142844215 0.942122698
1662138266992047360.000000 -0.013067944 0.029031159 0.012985738 0.292046607 0.086540259 0.143845960 0.941556156
1662138267037048064.000000 -0.013068157 0.029030975 0.012986093 0.293254942 0.086925805 0.145057529 0.940959036
1662138267079049216.000000 -0.013068526 0.029030666 0.012987006 0.294322103 0.086748756 0.146222800 0.940461636
1662138267121049856.000000 -0.013068721 0.029030286 0.012987301 0.295529872 0.087128639 0.147432894 0.939858675
1662138267166050816.000000 -0.013069035 0.029029854 0.012987755 0.296696842 0.087056190 0.148000553 0.939408362
1662138267208051968.000000 -0.013069255 0.029029611 0.012988242 0.297903389 0.087421924 0.149203315 0.938802123
1662138267253052672.000000 -0.013069220 0.029028995 0.012988704 0.298699081 0.084669389 0.148816571 0.938862920
1662138267298053632.000000 -0.013069062 0.029028999 0.012988787 0.299405754 0.081975058 0.148619547 0.938908219
1662138267343054848.000000 -0.013069057 0.029028310 0.012989066 0.299805015 0.079604909 0.148645118 0.938980639
1662138267391055872.000000 -0.013069065 0.029027924 0.012989437 0.300506830 0.076910891 0.148449719 0.939011753
1662138267433056512.000000 -0.013069164 0.029027322 0.012989373 0.301160455 0.074683614 0.148393437 0.938991070
1662138267475057664.000000 -0.013069210 0.029027190 0.012989515 0.301862180 0.071996689 0.148196220 0.939006746
1662138267520058368.000000 -0.013069096 0.029027104 0.012989640 0.302891076 0.069622330 0.148066655 0.938874900
1662138267568059392.000000 -0.013068727 0.029027071 0.012989989 0.303589672 0.066936493 0.147865832 0.938876271
1662138267610060544.000000 -0.013068856 0.029026523 0.012990190 0.304252833 0.064234868 0.147858620 0.938851357
1662138267649061120.000000 -0.013068763 0.029025786 0.012990749 0.304955691 0.061562799 0.147652954 0.938834786
1662138267694062336.000000 -0.013068728 0.029025618 0.012990851 0.308184326 0.058904137 0.147172481 0.938026130
1662138267739063040.000000 -0.013068680 0.029025400 0.012991144 0.311267942 0.056536239 0.146827340 0.937207401
1662138267778064128.000000 -0.013068623 0.029025158 0.012991820 0.314345866 0.054168388 0.146479607 0.936374009
1662138267820064768.000000 -0.013068360 0.029025018 0.012992563 0.317157865 0.051685147 0.145903066 0.935655832
1662138267862065920.000000 -0.013068351 0.029024811 0.012992844 0.316921681 0.049341843 0.145442456 0.935934067
1662138267907066880.000000 -0.013068331 0.029024860 0.012992697 0.316797137 0.047118448 0.144854233 0.936182022
1662138267952067584.000000 -0.013068314 0.029024782 0.012992735 0.316557646 0.044776231 0.144389600 0.936449707
1662138267994068736.000000 -0.013068297 0.029024698 0.012992900 0.316316456 0.042434182 0.143923759 0.936711967
1662138268039069696.000000 -0.013068283 0.029024599 0.012992959 0.316134661 0.040176123 0.143561840 0.936928391
1662138268078070528.000000 -0.013068235 0.029024556 0.012993024 0.315890044 0.037836421 0.143094480 0.937179804
1662138268117071104.000000 -0.013068266 0.029024512 0.012993081 0.315643579 0.035496682 0.142626211 0.937425733
1662138268165072128.000000 -0.013068235 0.029024391 0.012993200 0.315413237 0.033217989 0.142165795 0.937656641
1662138268210073344.000000 -0.013068222 0.029024333 0.012993223 0.315163434 0.030878210 0.141695902 0.937891722
1662138268264074240.000000 -0.013068215 0.029024307 0.012993283 0.314917117 0.028493706 0.141202211 0.938124359
1662138268306075392.000000 -0.013068201 0.029024266 0.012993359 0.314663738 0.026153646 0.140730634 0.938348353
1662138268348076032.000000 -0.013068195 0.029024240 0.012993376 0.314386010 0.023841852 0.140253484 0.938574433
1662138268387076864.000000 -0.013068197 0.029024210 0.012993351 0.314128995 0.021501528 0.139780298 0.938787699
1662138268429077760.000000 -0.013068188 0.029024191 0.012993386 0.313870221 0.019161079 0.139306322 0.938995302
1662138268471078912.000000 -0.013068205 0.029024221 0.012993324 0.313619584 0.016839238 0.138845801 0.939191759
1662138268519079680.000000 -0.013068210 0.029024230 0.012993283 0.313357115 0.014498620 0.138370141 0.939388573
1662138268564080640.000000 -0.013068227 0.029024273 0.012993222 0.313106716 0.012173420 0.137920991 0.939571083
1662138268606081792.000000 -0.013068211 0.029024223 0.012993281 0.312840730 0.009832708 0.137443721 0.939757049
1662138268657082880.000000 -0.013068203 0.029024167 0.012993335 0.312560946 0.007489255 0.136951059 0.939943612
1662138268696083456.000000 -0.013068196 0.029024137 0.012993375 0.312291294 0.005148436 0.136472195 0.940118670
1662138268744084480.000000 -0.013068192 0.029024111 0.012993372 0.312026829 0.002791612 0.135978401 0.940287888
1662138268792085760.000000 -0.013068204 0.029024135 0.012993343 0.311753571 0.000450790 0.135497972 0.940451920
1662138268831086336.000000 -0.013068197 0.029024109 0.012993373 0.311481982 -0.001887502 0.135024846 0.940608144
1662138268879087360.000000 -0.013068196 0.029024100 0.012993370 0.311205178 -0.004228315 0.134542868 0.940761209
1662138268924088576.000000 -0.013068195 0.029024087 0.012993381 0.310928524 -0.006564399 0.134055987 0.940908790
1662138268972089600.000000 -0.013068196 0.029024070 0.012993398 0.310648203 -0.008905153 0.133572474 0.941050947
1662138269017090304.000000 -0.013068203 0.029024066 0.012993383 0.310361952 -0.011255469 0.133077726 0.941190302
1662138269068091392.000000 -0.013068204 0.029024053 0.012993386 0.310077995 -0.013596113 0.132592663 0.941321433
1662138269107092480.000000 -0.013068199 0.029024042 0.012993393 0.309789896 -0.015936976 0.132103652 0.941448331
1662138269152093184.000000 -0.013068197 0.029024027 0.012993412 0.309502453 -0.018277459 0.131617114 0.941568434
1662138269194094080.000000 -0.013068206 0.029024024 0.012993399 0.309210181 -0.020603767 0.131135151 0.941683650
1662138269236095232.000000 -0.013068209 0.029024018 0.012993409 0.308919221 -0.022944054 0.130647123 0.941792905
1662138269290096384.000000 -0.013068209 0.029024003 0.012993401 0.308633029 -0.025303997 0.130153477 0.941894591
1662138269335097088.000000 -0.013068205 0.029023988 0.012993412 0.308338463 -0.027644003 0.129663900 0.941992819
1662138269377097984.000000 -0.013068210 0.029023973 0.012993412 0.308042109 -0.029983852 0.129173577 0.942085564
1662138269419099136.000000 -0.013068211 0.029023955 0.012993421 0.307743311 -0.032316539 0.128681600 0.942173421
1662138269464099840.000000 -0.013068209 0.029023945 0.012993434 0.307443440 -0.034656025 0.128189772 0.942255259
1662138269506100992.000000 -0.013068209 0.029023938 0.012993433 0.307141781 -0.036995314 0.127697214 0.942331553
1662138269548101632.000000 -0.013068209 0.029023930 0.012993449 0.306839049 -0.039332636 0.127202854 0.942402363
1662138269590102784.000000 -0.013068214 0.029023925 0.012993442 0.306533813 -0.041671481 0.126708791 0.942467690
1662138269632103424.000000 -0.013068208 0.029023901 0.012993451 0.306226850 -0.044010092 0.126214027 0.942527652
1662138269680104448.000000 -0.013068208 0.029023884 0.012993465 0.305918068 -0.046350837 0.125717506 0.942582011
1662138269731105536.000000 -0.013068209 0.029023871 0.012993473 0.305607498 -0.048688922 0.125221238 0.942631006
1662138269776106496.000000 -0.013068208 0.029023852 0.012993477 0.305291742 -0.051027983 0.124723345 0.942675591
1662138269818107648.000000 -0.013068204 0.029023841 0.012993483 0.304977536 -0.053365473 0.124225579 0.942713618
1662138269863108352.000000 -0.013068201 0.029023828 0.012993493 0.304663628 -0.055697873 0.123726748 0.942745745
1662138269905109504.000000 -0.013068200 0.029023813 0.012993498 0.304345936 -0.058034737 0.123227566 0.942772806
1662138269956110592.000000 -0.013068193 0.029023800 0.012993507 0.304026693 -0.060374852 0.122729607 0.942793787
1662138269998111232.000000 -0.013068193 0.029023783 0.012993506 0.303705484 -0.062711030 0.122228988 0.942809820
1662138270040112384.000000 -0.013068192 0.029023776 0.012993531 0.303384125 -0.065051176 0.121726736 0.942819715
1662138270085113344.000000 -0.013068188 0.029023767 0.012993541 0.303059429 -0.067386620 0.121224694 0.942824781
1662138270130114048.000000 -0.013068184 0.029023752 0.012993552 0.302732974 -0.069721676 0.120721951 0.942824423
1662138270172115200.000000 -0.013068173 0.029023733 0.012993570 0.302401543 -0.072054312 0.120216578 0.942819953
1662138270217116160.000000 -0.013068171 0.029023722 0.012993587 0.302071691 -0.074388556 0.119712465 0.942808568
1662138270262116864.000000 -0.013068165 0.029023711 0.012993588 0.301740050 -0.076722376 0.119207658 0.942791700
1662138270304118016.000000 -0.013068157 0.029023692 0.012993603 0.301405609 -0.079054043 0.118702546 0.942769766
1662138270352119040.000000 -0.013068154 0.029023679 0.012993619 0.301070541 -0.081386961 0.118196361 0.942741930
1662138270394119680.000000 -0.013068144 0.029023670 0.012993619 0.300734520 -0.083720990 0.117688872 0.942708254
1662138270442120704.000000 -0.013068141 0.029023662 0.012993634 0.300398439 -0.086051352 0.117182732 0.942668617
1662138270484121856.000000 -0.013068145 0.029023653 0.012993639 0.300058186 -0.088382795 0.116674505 0.942624390
1662138270529122560.000000 -0.013068140 0.029023647 0.012993650 0.299716204 -0.090713739 0.116165586 0.942574561
1662138270571123712.000000 -0.013068129 0.029023634 0.012993656 0.299374014 -0.093042240 0.115655422 0.942519069
1662138270613124352.000000 -0.013068122 0.029023621 0.012993673 0.299028575 -0.095372088 0.115145154 0.942458332
1662138270661125376.000000 -0.013068119 0.029023610 0.012993677 0.298681378 -0.097701386 0.114634208 0.942392111
1662138270703126528.000000 -0.013068115 0.029023603 0.012993682 0.298328400 -0.100030139 0.114121102 0.942321897
1662138270745127168.000000 -0.013068109 0.029023593 0.012993696 0.297977805 -0.102358304 0.113608859 0.942244709
1662138270790128128.000000 -0.013068099 0.029023578 0.012993702 0.297625482 -0.104685873 0.113095947 0.942162037
1662138270841129216.000000 -0.013068087 0.029023575 0.012993715 0.297275305 -0.107015051 0.112584904 0.942072093
1662138270886130432.000000 -0.013068084 0.029023556 0.012993739 0.296919554 -0.109341361 0.112070672 0.941978514
1662138270928131072.000000 -0.013068074 0.029023554 0.012993729 0.296559811 -0.111665875 0.111554936 0.941880286
1662138270973132032.000000 -0.013068066 0.029023547 0.012993742 0.296200633 -0.113990910 0.111039415 0.941775739
1662138271015133184.000000 -0.013068050 0.029023539 0.012993744 0.295840859 -0.116317794 0.110522628 0.941665113
1662138271063133952.000000 -0.013068045 0.029023536 0.012993749 0.295478225 -0.118641473 0.110005803 0.941549599
1662138271108134912.000000 -0.013068036 0.029023526 0.012993761 0.295114875 -0.120961741 0.109488577 0.941428602
1662138271156135936.000000 -0.013068012 0.029023532 0.012993753 0.294748873 -0.123284027 0.108970501 0.941302121
1662138271201137152.000000 -0.013067993 0.029023536 0.012993746 0.294378638 -0.125606075 0.108451590 0.941170871
1662138271243137792.000000 -0.013067993 0.029023519 0.012993759 0.294009179 -0.127926901 0.107932247 0.941033483
1662138271294138880.000000 -0.013067980 0.029023513 0.012993765 0.293638051 -0.130246982 0.107412279 0.940890610
1662138271336140032.000000 -0.013067964 0.029023511 0.012993769 0.293265611 -0.132566452 0.106890969 0.940742135
1662138271384141056.000000 -0.013067960 0.029023498 0.012993781 0.292891055 -0.134885013 0.106369741 0.940588355
1662138271426141696.000000 -0.013067947 0.029023491 0.012993792 0.292514741 -0.137202784 0.105847880 0.940429032
1662138271477142784.000000 -0.013067935 0.029023480 0.012993800 0.292137802 -0.139519244 0.105325639 0.940263987
1662138271519143936.000000 -0.013067922 0.029023465 0.012993811 0.291758150 -0.141835436 0.104802556 0.940093815
1662138271558144512.000000 -0.013067914 0.029023463 0.012993827 0.291374981 -0.144150794 0.104278795 0.939918697
1662138271600145664.000000 -0.013067900 0.029023454 0.012993831 0.290991962 -0.146465316 0.103754491 0.939737558
1662138271645146368.000000 -0.013067890 0.029023444 0.012993842 0.290608764 -0.148778901 0.103229597 0.939550459
1662138271690147328.000000 -0.013067877 0.029023435 0.012993862 0.290222436 -0.151091725 0.102704093 0.939358413
1662138271729148160.000000 -0.013067867 0.029023428 0.012993865 0.289833844 -0.153402343 0.102178425 0.939161122
1662138271777149184.000000 -0.013067854 0.029023418 0.012993880 0.289444149 -0.155713409 0.101651736 0.938958168
1662138271819150336.000000 -0.013067841 0.029023414 0.012993887 0.289053470 -0.158023745 0.101124711 0.938749433
1662138271864151296.000000 -0.013067821 0.029023414 0.012993890 0.288660377 -0.160332978 0.100596845 0.938535511
1662138271912152064.000000 -0.013067814 0.029023400 0.012993915 0.288263738 -0.162642062 0.100067288 0.938316643
1662138271954152960.000000 -0.013067798 0.029023394 0.012993922 0.287867188 -0.164949417 0.099538274 0.938091874
1662138271996154112.000000 -0.013067789 0.029023387 0.012993938 0.287468284 -0.167254224 0.099009670 0.937862039
1662138272038154752.000000 -0.013067774 0.029023383 0.012993944 0.287068456 -0.169559628 0.098479494 0.937626302
1662138272080155904.000000 -0.013067772 0.029023375 0.012993953 0.286668509 -0.171864584 0.097948022 0.937384605
1662138272125156608.000000 -0.013067748 0.029023364 0.012993969 0.286265343 -0.174168006 0.097416699 0.937138081
1662138272173157632.000000 -0.013067736 0.029023353 0.012993983 0.285861760 -0.176469043 0.096886680 0.936885655
1662138272215158784.000000 -0.013067730 0.029023340 0.012994004 0.285455316 -0.178770408 0.096354231 0.936628163
1662138272260159488.000000 -0.013067710 0.029023333 0.012994009 0.285048962 -0.181071728 0.095819980 0.936364591
1662138272305160448.000000 -0.013067687 0.029023329 0.012994014 0.284639180 -0.183370978 0.095286407 0.936096191
1662138272347161600.000000 -0.013067685 0.029023305 0.012994035 0.284225047 -0.185668677 0.094752483 0.935823262
1662138272389162240.000000 -0.013067679 0.029023293 0.012994057 0.283811957 -0.187965810 0.094217807 0.935544074
1662138272434163456.000000 -0.013067661 0.029023286 0.012994063 0.283397168 -0.190261826 0.093682580 0.935259402
1662138272485164288.000000 -0.013067648 0.029023271 0.012994069 0.282983243 -0.192556918 0.093144841 0.934968650
1662138272530165504.000000 -0.013067647 0.029023260 0.012994089 0.282565296 -0.194850728 0.092608549 0.934673071
1662138272572166144.000000 -0.013067630 0.029023249 0.012994096 0.282145083 -0.197144076 0.092072591 0.934372008
1662138272614167296.000000 -0.013067620 0.029023241 0.012994109 0.281723887 -0.199435592 0.091535218 0.934065580
1662138272659168000.000000 -0.013067609 0.029023230 0.012994122 0.281301320 -0.201725364 0.090998083 0.933753669
1662138272716169472.000000 -0.013067596 0.029023219 0.012994132 0.280876935 -0.204014540 0.090459652 0.933436334
1662138272758170112.000000 -0.013067582 0.029023204 0.012994134 0.280450672 -0.206300765 0.089920484 0.933114052
1662138272803171072.000000 -0.013067571 0.029023197 0.012994143 0.280023038 -0.208587587 0.089381017 0.932785869
1662138272848172288.000000 -0.013067559 0.029023189 0.012994157 0.279594481 -0.210876375 0.088840336 0.932451308
1662138272893172992.000000 -0.013067543 0.029023172 0.012994160 0.279163569 -0.213160738 0.088299833 0.932112277
1662138272935173888.000000 -0.013067532 0.029023172 0.012994165 0.278731525 -0.215443626 0.087758809 0.931767821
1662138272983174912.000000 -0.013067525 0.029023165 0.012994173 0.278297365 -0.217725486 0.087217286 0.931418002
1662138273028176128.000000 -0.013067508 0.029023146 0.012994185 0.277859867 -0.220005214 0.086676128 0.931063294
1662138273070176768.000000 -0.013067495 0.029023133 0.012994196 0.277422547 -0.222284555 0.086133599 0.930702627
1662138273118177792.000000 -0.013067482 0.029023122 0.012994207 0.276983619 -0.224562585 0.085590571 0.930336535
1662138273172178944.000000 -0.013067464 0.029023111 0.012994216 0.276545972 -0.226840228 0.085046150 0.929964006
1662138273217179904.000000 -0.013067454 0.029023098 0.012994232 0.276103884 -0.229115620 0.084502116 0.929587066
1662138273265181184.000000 -0.013067436 0.029023090 0.012994235 0.275660187 -0.231389686 0.083957590 0.929204702
1662138273313182208.000000 -0.013067421 0.029023081 0.012994250 0.275215149 -0.233662158 0.083413884 0.928816855
1662138273358182912.000000 -0.013067407 0.029023068 0.012994262 0.274768323 -0.235933542 0.082868382 0.928423762
1662138273406183936.000000 -0.013067389 0.029023059 0.012994274 0.274319381 -0.238202006 0.082321681 0.928025782
1662138273448185088.000000 -0.013067378 0.029023044 0.012994280 0.273869395 -0.240470603 0.081775226 0.927621841
1662138273490185728.000000 -0.013067363 0.029023029 0.012994289 0.273417860 -0.242737800 0.081228308 0.927212477
1662138273538186752.000000 -0.013067348 0.029023018 0.012994303 0.272964507 -0.245005310 0.080680452 0.926797390
1662138273583187712.000000 -0.013067342 0.029023005 0.012994329 0.272509903 -0.247269675 0.080132596 0.926377296
1662138273634188800.000000 -0.013067316 0.029022988 0.012994337 0.272053301 -0.249531671 0.079584844 0.925952077
1662138273676189952.000000 -0.013067293 0.029022980 0.012994332 0.271595448 -0.251793087 0.079036057 0.925521195
1662138273721190656.000000 -0.013067295 0.029022964 0.012994366 0.271136105 -0.254053205 0.078486823 0.925084949
1662138273766191616.000000 -0.013067279 0.029022947 0.012994378 0.270674884 -0.256311595 0.077936776 0.924643338
1662138273808192768.000000 -0.013067272 0.029022936 0.012994399 0.270212382 -0.258568764 0.077386625 0.924196303
1662138273850193408.000000 -0.013067259 0.029022925 0.012994407 0.269749105 -0.260824323 0.076837093 0.923743546
1662138273892194560.000000 -0.013067247 0.029022913 0.012994421 0.269283533 -0.263078511 0.076286048 0.923285782
1662138273931195136.000000 -0.013067229 0.029022899 0.012994434 0.268816352 -0.265331119 0.075734556 0.922822595
1662138273970195968.000000 -0.013067222 0.029022884 0.012994451 0.268347085 -0.267582268 0.075183019 0.922354102
1662138274012197120.000000 -0.013067206 0.029022874 0.012994451 0.267876804 -0.269831806 0.074630648 0.921880186
1662138274057197824.000000 -0.013067195 0.029022858 0.012994472 0.267404944 -0.272079796 0.074077845 0.921400964
1662138274099198720.000000 -0.013067181 0.029022850 0.012994486 0.266931802 -0.274327010 0.073524021 0.920916080
1662138274141199872.000000 -0.013067170 0.029022828 0.012994491 0.266456902 -0.276571840 0.072970368 0.920426071
1662138274183200512.000000 -0.013067154 0.029022815 0.012994505 0.265980393 -0.278814226 0.072416849 0.919930875
1662138274231201536.000000 -0.013067134 0.029022813 0.012994511 0.265502453 -0.281055897 0.071862370 0.919430196
1662138274279202816.000000 -0.013067110 0.029022804 0.012994505 0.265023708 -0.283296436 0.071307488 0.918923736
1662138274324203776.000000 -0.013067096 0.029022794 0.012994516 0.264542639 -0.285534829 0.070752181 0.918412328
1662138274372204544.000000 -0.013067080 0.029022790 0.012994508 0.264059931 -0.287771642 0.070196211 0.917895615
1662138274414205440.000000 -0.013067061 0.029022776 0.012994509 0.263575822 -0.290006727 0.069640100 0.917373538
1662138274459206656.000000 -0.013067049 0.029022755 0.012994516 0.263090581 -0.292240530 0.069083527 0.916845858
1662138274501207296.000000 -0.013067037 0.029022742 0.012994529 0.262603462 -0.294472218 0.068526603 0.916313112
1662138274549208320.000000 -0.013067024 0.029022727 0.012994547 0.262114882 -0.296701521 0.067969956 0.915775120
1662138274591209472.000000 -0.013067017 0.029022722 0.012994545 0.262114882 -0.296701521 0.067969956 0.915775120
1662138274633210112.000000 -0.013067007 0.029022709 0.012994534 0.262114882 -0.296701521 0.067969963 0.915775120
1662138274633210112.000000 -0.013067007 0.029022709 0.012994534 0.262114882 -0.296701521 0.067969963 0.915775120
1662138274633210112.000000 -0.013067007 0.029022709 0.012994534 0.262114882 -0.296701521 0.067969963 0.915775120
1662138274633210112.000000 -0.013067007 0.029022709 0.012994534 0.262114882 -0.296701521 0.067969963 0.915775120
1662138274633210112.000000 -0.013067007 0.029022709 0.012994534 0.262114882 -0.296701521 0.067969963 0.915775120
1662138274633210112.000000 -0.013067007 0.029022709 0.012994534 0.262114882 -0.296701521 0.067969963 0.915775120
1662138274633210112.000000 -0.013067007 0.029022709 0.012994534 0.262114882 -0.296701521 0.067969963 0.915775120
1662138274633210112.000000 -0.013067007 0.029022709 0.012994534 0.262114882 -0.296701521 0.067969963 0.915775120
1662138274633210112.000000 -0.013067007 0.029022709 0.012994534 0.262114882 -0.296701521 0.067969963 0.915775120
1662138274633210112.000000 -0.013067007 0.029022709 0.012994534 0.262114882 -0.296701521 0.067969963 0.915775120
1662138274633210112.000000 -0.013067007 0.029022709 0.012994534 0.262114882 -0.296701521 0.067969963 0.915775120
1662138274633210112.000000 -0.013067007 0.029022709 0.012994534 0.262114882 -0.296701521 0.067969963 0.915775120
1662138274633210112.000000 -0.013067007 0.029022709 0.012994534 0.262114882 -0.296701521 0.067969963 0.915775120
1662138274633210112.000000 -0.013067007 0.029022709 0.012994534 0.262114882 -0.296701521 0.067969963 0.915775120
1662138274633210112.000000 -0.013067007 0.029022709 0.012994534 0.262114882 -0.296701521 0.067969963 0.915775120
1662138274633210112.000000 -0.013067007 0.029022709 0.012994534 0.262114882 -0.296701521 0.067969963 0.915775120
1662138274633210112.000000 -0.013067007 0.029022709 0.012994534 0.262114882 -0.296701521 0.067969963 0.915775120
1662138274633210112.000000 -0.013067007 0.029022709 0.012994534 0.262114882 -0.296701521 0.067969963 0.915775120
1662138274633210112.000000 -0.013067007 0.029022709 0.012994534 0.262114882 -0.296701521 0.067969963 0.915775120
1662138274633210112.000000 -0.013067007 0.029022709 0.012994534 0.262114882 -0.296701521 0.067969963 0.915775120
1662138274633210112.000000 -0.013067007 0.029022709 0.012994534 0.262114882 -0.296701521 0.067969963 0.915775120
1662138274633210112.000000 -0.013067007 0.029022709 0.012994534 0.262114882 -0.296701521 0.067969963 0.915775120
1662138274633210112.000000 -0.013067007 0.029022709 0.012994534 0.262114882 -0.296701521 0.067969963 0.915775120
1662138274633210112.000000 -0.013067007 0.029022709 0.012994534 0.262114882 -0.296701521 0.067969963 0.915775120
1662138274633210112.000000 -0.013067007 0.029022709 0.012994534 0.262114882 -0.296701521 0.067969963 0.915775120
1662138274633210112.000000 -0.013067007 0.029022709 0.012994534 0.262114882 -0.296701521 0.067969963 0.915775120
1662138274633210112.000000 -0.013067007 0.029022709 0.012994534 0.262114882 -0.296701521 0.067969963 0.915775120
1662138274633210112.000000 -0.013067007 0.029022709 0.012994534 0.262114882 -0.296701521 0.067969963 0.915775120
1662138274633210112.000000 -0.013067007 0.029022709 0.012994534 0.262114882 -0.296701521 0.067969963 0.915775120
1662138274633210112.000000 -0.013067007 0.029022709 0.012994534 0.262114882 -0.296701521 0.067969963 0.915775120
1662138274633210112.000000 -0.013067007 0.029022709 0.012994534 0.262114882 -0.296701521 0.067969963 0.915775120
1662138274633210112.000000 -0.013067007 0.029022709 0.012994534 0.262114882 -0.296701521 0.067969963 0.915775120
1662138274633210112.000000 -0.013067007 0.029022709 0.012994534 0.262114882 -0.296701521 0.067969963 0.915775120
1662138274633210112.000000 -0.013067007 0.029022709 0.012994534 0.262114882 -0.296701521 0.067969963 0.915775120
1662138274633210112.000000 -0.013067007 0.029022709 0.012994534 0.262114882 -0.296701521 0.067969963 0.915775120
1662138274633210112.000000 -0.013067007 0.029022709 0.012994534 0.262114882 -0.296701521 0.067969963 0.915775120
1662138274633210112.000000 -0.013067007 0.029022709 0.012994534 0.262114882 -0.296701521 0.067969963 0.915775120
1662138274633210112.000000 -0.013067007 0.029022709 0.012994534 0.262114882 -0.296701521 0.067969963 0.915775120
1662138274633210112.000000 -0.013067007 0.029022709 0.012994534 0.262114882 -0.296701521 0.067969963 0.915775120
1662138274633210112.000000 -0.013067007 0.029022709 0.012994534 0.262114882 -0.296701521 0.067969963 0.915775120
1662138274633210112.000000 -0.013067007 0.029022709 0.012994534 0.262114882 -0.296701521 0.067969963 0.915775120
1662138274633210112.000000 -0.013067007 0.029022709 0.012994534 0.262114882 -0.296701521 0.067969963 0.915775120
1662138274633210112.000000 -0.013067007 0.029022709 0.012994534 0.262114882 -0.296701521 0.067969963 0.915775120
1662138274633210112.000000 -0.013067007 0.029022709 0.012994534 0.262114882 -0.296701521 0.067969963 0.915775120
1662138274633210112.000000 -0.013067007 0.029022709 0.012994534 0.262114882 -0.296701521 0.067969963 0.915775120
1662138274633210112.000000 -0.013067007 0.029022709 0.012994534 0.262114882 -0.296701521 0.067969963 0.915775120
1662138274633210112.000000 -0.013067007 0.029022709 0.012994534 0.262114882 -0.296701521 0.067969963 0.915775120
1662138274633210112.000000 -0.013067007 0.029022709 0.012994534 0.262114882 -0.296701521 0.067969963 0.915775120
1662138274633210112.000000 -0.013067007 0.029022709 0.012994534 0.262114882 -0.296701521 0.067969963 0.915775120
1662138274633210112.000000 -0.013067007 0.029022709 0.012994534 0.262114882 -0.296701521 0.067969963 0.915775120
1662138274633210112.000000 -0.013067007 0.029022709 0.012994534 0.262114882 -0.296701521 0.067969963 0.915775120
1662138274633210112.000000 -0.013067007 0.029022709 0.012994534 0.262114882 -0.296701521 0.067969963 0.915775120
1662138274633210112.000000 -0.013067007 0.029022709 0.012994534 0.262114882 -0.296701521 0.067969963 0.915775120
1662138274633210112.000000 -0.013067007 0.029022709 0.012994534 0.262114882 -0.296701521 0.067969963 0.915775120
1662138274633210112.000000 -0.013067007 0.029022709 0.012994534 0.262114882 -0.296701521 0.067969963 0.915775120
1662138274633210112.000000 -0.013067007 0.029022709 0.012994534 0.262114882 -0.296701521 0.067969963 0.915775120
1662138274633210112.000000 -0.013067007 0.029022709 0.012994534 0.262114882 -0.296701521 0.067969963 0.915775120
1662138274633210112.000000 -0.013067007 0.029022709 0.012994534 0.262114882 -0.296701521 0.067969963 0.915775120
1662138274633210112.000000 -0.013067007 0.029022709 0.012994534 0.262114882 -0.296701521 0.067969963 0.915775120
1662138274633210112.000000 -0.013067007 0.029022709 0.012994534 0.262114882 -0.296701521 0.067969963 0.915775120
1662138274633210112.000000 -0.013067007 0.029022709 0.012994534 0.262114882 -0.296701521 0.067969963 0.915775120
1662138274633210112.000000 -0.013067007 0.029022709 0.012994534 0.262114882 -0.296701521 0.067969963 0.915775120
1662138274633210112.000000 -0.013067007 0.029022709 0.012994534 0.262114882 -0.296701521 0.067969963 0.915775120
1662138274633210112.000000 -0.013067007 0.029022709 0.012994534 0.262114882 -0.296701521 0.067969963 0.915775120
1662138274633210112.000000 -0.013067007 0.029022709 0.012994534 0.262114882 -0.296701521 0.067969963 0.915775120
1662138274633210112.000000 -0.013067007 0.029022709 0.012994534 0.262114882 -0.296701521 0.067969963 0.915775120
1662138274633210112.000000 -0.013067007 0.029022709 0.012994534 0.262114882 -0.296701521 0.067969963 0.915775120
1662138274633210112.000000 -0.013067007 0.029022709 0.012994534 0.262114882 -0.296701521 0.067969963 0.915775120
