1662138234408352256.000000 0.001933237 -0.003843583 0.016719498 0.002517049 0.000368196 -0.000177681 0.999996781
1662138234453353216.000000 0.000347522 -0.003408306 0.021829637 0.005927823 0.003273530 -0.002360927 0.999974310
1662138234504354304.000000 -0.001211494 -0.002120214 0.026528109 0.008912728 0.004863016 -0.004665499 0.999937594
1662138234549355008.000000 -0.002058041 -0.001596253 0.029183000 0.013543103 0.005341045 -0.006384222 0.999873638
1662138234591356160.000000 -0.002602748 -0.001003276 0.033738803 0.016981138 0.006064794 -0.009328179 0.999793887
1662138234645357056.000000 -0.002764472 -0.001672474 0.040523175 0.019774297 0.007262493 -0.010654217 0.999721348
1662138234690358272.000000 -0.003534307 -0.001836061 0.045721788 0.024253512 0.009251450 -0.011147268 0.999600887
1662138234735359232.000000 -0.004010925 -0.001713061 0.049871873 0.027804960 0.010395262 -0.013070720 0.999473870
1662138234780359936.000000 -0.004885484 -0.001463153 0.054820199 0.032307558 0.011936141 -0.015770853 0.999282241
1662138234828360960.000000 -0.005108759 -0.001363784 0.058234256 0.034904521 0.012093008 -0.019226903 0.999132514
1662138234870362112.000000 -0.006074580 -0.000680451 0.062133655 0.038051195 0.013848335 -0.020528594 0.998968959
1662138234912362752.000000 -0.006390464 -0.000421204 0.063960038 0.041598674 0.011268739 -0.025197325 0.998753071
1662138234957363968.000000 -0.006250069 -0.000501188 0.066290893 0.044138886 0.009532749 -0.028039638 0.998586357
1662138235002364928.000000 -0.007652305 0.000832820 0.069849074 0.050811525 0.010295090 -0.030472392 0.998190224
1662138235050365696.000000 -0.007683609 0.000673506 0.070919566 0.052839272 0.009206926 -0.037419520 0.997859240
1662138235095366656.000000 -0.007701110 0.000597644 0.070950270 0.052474085 0.009040169 -0.038034055 0.997856796
1662138235143367680.000000 -0.007403849 0.000323182 0.069868766 0.053832527 0.009705012 -0.035466477 0.997872770
1662138235194368768.000000 -0.007316437 0.000250711 0.068358339 0.054719288 0.012868155 -0.028312922 0.998017371
1662138235236369920.000000 -0.007345291 0.000230058 0.067885458 0.055719655 0.011840324 -0.028977720 0.997955620
1662138235275370496.000000 -0.007213791 0.000000750 0.067277491 0.054130841 0.013856576 -0.028250733 0.998037934
1662138235317371648.000000 -0.007345840 0.000015647 0.067542240 0.057577699 0.013056421 -0.030507341 0.997789383
1662138235359372288.000000 -0.007366055 0.000005175 0.067615204 0.061580926 0.013384389 -0.030327130 0.997551441
1662138235407373312.000000 -0.007398898 -0.000019933 0.067715004 0.063571364 0.017365942 -0.031524420 0.997328103
1662138235452374528.000000 -0.007487864 0.000023731 0.067162253 0.063722193 0.016453192 -0.027051605 0.997465312
1662138235497375232.000000 -0.007418278 0.000044488 0.067329116 0.068891495 0.020792091 -0.032445472 0.996879637
1662138235545376256.000000 -0.007455040 0.000039384 0.067349173 0.073024593 0.021373047 -0.033596259 0.996534944
1662138235596377344.000000 -0.007448895 0.000060778 0.067210920 0.074261427 0.021242578 -0.030776480 0.996537387
1662138235644378368.000000 -0.007473736 0.000095314 0.067221083 0.073876962 0.021760926 -0.033161014 0.996478319
1662138235686379520.000000 -0.007407959 0.000071741 0.067035466 0.079963289 0.013218191 -0.040387396 0.995891571
1662138235728380160.000000 -0.008214798 0.000364275 0.067824908 0.089125887 0.023958214 -0.040814906 0.994895339
1662138235773381120.000000 -0.008171408 0.000363964 0.067949444 0.093394548 0.021173803 -0.044854265 0.994392931
1662138235812381952.000000 -0.008115645 0.000409160 0.068194255 0.099329323 0.020886805 -0.043935169 0.993864775
1662138235854383104.000000 -0.008165195 0.000241436 0.068663187 0.099925086 0.023673920 -0.044792820 0.993704259
1662138235905383936.000000 -0.008059683 0.000234753 0.068737336 0.103139311 0.018776413 -0.047508795 0.993354261
1662138235947384832.000000 -0.008073553 0.000197050 0.068927526 0.100707546 0.017761970 -0.050256908 0.993487179
1662138235989385728.000000 -0.008070960 0.000163224 0.068846434 0.101164222 0.019313719 -0.049278509 0.993460834
1662138236037387008.000000 -0.008057980 0.000155224 0.068825841 0.102686428 0.023172630 -0.045397192 0.993407071
1662138236079387648.000000 -0.008144833 0.000239216 0.069000319 0.108118355 0.029580178 -0.044441596 0.992703617
1662138236121388800.000000 -0.008178384 0.000192059 0.069127820 0.106203757 0.034328084 -0.039398272 0.992970347
1662138236163389440.000000 -0.008157681 0.000181925 0.069077455 0.108705923 0.035407837 -0.039035708 0.992675960
1662138236211390464.000000 -0.008196305 0.000216825 0.068958215 0.108642943 0.044579137 -0.033473264 0.992516518
1662138236256391424.000000 -0.008263885 0.000296285 0.069041461 0.110191740 0.051627874 -0.028225334 0.992167175
1662138236298392576.000000 -0.008288031 0.000268424 0.068955041 0.109941021 0.054924838 -0.031613462 0.991915762
1662138236340393216.000000 -0.008278264 0.000232678 0.068929806 0.114183761 0.056905989 -0.033766437 0.991253555
1662138236388394240.000000 -0.008254871 0.000252524 0.068897925 0.122538663 0.055557348 -0.032809719 0.990364194
1662138236430395136.000000 -0.008245829 0.000249722 0.068887733 0.121095099 0.059211161 -0.036059890 0.990217030
1662138236475396096.000000 -0.008233457 0.000268098 0.068894409 0.125356987 0.056372676 -0.037365902 0.989803791
1662138236520397312.000000 -0.008248491 0.000231021 0.068954475 0.123071723 0.061703246 -0.035170093 0.989853084
1662138236565398272.000000 -0.008247762 0.000230139 0.068968289 0.127528816 0.062019583 -0.033778001 0.989317477
1662138236607398912.000000 -0.008242700 0.000229865 0.068961814 0.125390410 0.055898059 -0.041343164 0.989668310
1662138236652400128.000000 -0.008241243 0.000230251 0.068965018 0.130654648 0.055129789 -0.039185088 0.989118099
1662138236706401024.000000 -0.008237991 0.000228972 0.068970181 0.131451651 0.052843310 -0.039381184 0.989129484
1662138236748402176.000000 -0.008237587 0.000227669 0.068973556 0.134417608 0.052313112 -0.037396401 0.988836050
1662138236796402944.000000 -0.008236157 0.000227869 0.068982378 0.137256637 0.052086562 -0.042827543 0.988237560
1662138236844403968.000000 -0.008235783 0.000225422 0.068989955 0.140185893 0.052482527 -0.041851550 0.987847149
1662138236886404864.000000 -0.008238094 0.000219115 0.068998151 0.137030616 0.055246104 -0.041368525 0.988159478
1662138236931406080.000000 -0.008233725 0.000219519 0.069000967 0.138461292 0.050652482 -0.041862577 0.988185406
1662138236976406784.000000 -0.008233109 0.000218060 0.069008015 0.141838670 0.051621802 -0.041303080 0.987679601
1662138237018407936.000000 -0.008233093 0.000218558 0.069008581 0.142972276 0.052428149 -0.040965520 0.987487793
1662138237066408960.000000 -0.008228973 0.000215121 0.069011465 0.141793832 0.046488330 -0.041774977 0.987921178
1662138237108409600.000000 -0.008226912 0.000214648 0.069015957 0.142553464 0.045439579 -0.040953614 0.987895012
1662138237150410752.000000 -0.008227342 0.000212999 0.069016486 0.141211748 0.044883393 -0.041949034 0.988071382
1662138237201411840.000000 -0.008223606 0.000209776 0.069022000 0.143005416 0.041249286 -0.042856768 0.987932861
1662138237246412800.000000 -0.008224449 0.000209560 0.069027223 0.148049802 0.042245876 -0.042895276 0.987145662
1662138237288413440.000000 -0.008222444 0.000209231 0.069033369 0.151524305 0.040635630 -0.042296328 0.986711800
1662138237336414464.000000 -0.008224661 0.000203086 0.069035202 0.146669284 0.043152444 -0.043095846 0.987303793
1662138237378415360.000000 -0.008223958 0.000202833 0.069034912 0.147148967 0.041625392 -0.043982182 0.987258911
1662138237423416320.000000 -0.008224933 0.000200391 0.069039121 0.146575645 0.043825943 -0.041052241 0.987375140
1662138237471417344.000000 -0.008225246 0.000198994 0.069041602 0.148230150 0.045702551 -0.040544759 0.987064004
1662138237513418496.000000 -0.008225096 0.000196092 0.069044866 0.143109754 0.045118339 -0.040949393 0.987829506
1662138237555419136.000000 -0.008224837 0.000193276 0.069048479 0.144536093 0.044678949 -0.038812991 0.987728059
1662138237597420288.000000 -0.008225003 0.000192179 0.069051251 0.146130174 0.044863310 -0.037506159 0.987535596
1662138237642420992.000000 -0.008225953 0.000191449 0.069053076 0.147494659 0.048195843 -0.037767708 0.987165749
1662138237687421952.000000 -0.008225872 0.000189684 0.069055557 0.148370698 0.047475331 -0.033238411 0.987232208
1662138237729423104.000000 -0.008224714 0.000185855 0.069059208 0.144534752 0.045593757 -0.035538059 0.987809718
1662138237771423744.000000 -0.008225958 0.000186233 0.069063105 0.148063838 0.047548309 -0.034569528 0.987229109
1662138237813424896.000000 -0.008226339 0.000184725 0.069067501 0.149305940 0.048769470 -0.031626321 0.987081110
1662138237852425472.000000 -0.008226141 0.000184023 0.069068246 0.149344563 0.049951117 -0.031145690 0.987031460
1662138237894426624.000000 -0.008225806 0.000183017 0.069068789 0.147090793 0.048671331 -0.030153267 0.987464547
1662138237939427328.000000 -0.008228297 0.000180268 0.069075197 0.147742838 0.052998878 -0.029296143 0.987170160
1662138237981428480.000000 -0.008229421 0.000179988 0.069080211 0.150310099 0.054672748 -0.029417977 0.986687601
1662138238023429120.000000 -0.008228891 0.000178857 0.069079868 0.148015440 0.055501763 -0.026263755 0.987077117
1662138238065430272.000000 -0.008229677 0.000176602 0.069083579 0.146849409 0.056018781 -0.025801644 0.987234235
1662138238110431232.000000 -0.008229638 0.000176099 0.069084369 0.146370709 0.056604899 -0.025090616 0.987290263
1662138238152431872.000000 -0.008231905 0.000174772 0.069087371 0.147586182 0.060386341 -0.023191333 0.986931622
1662138238197433088.000000 -0.008232133 0.000174023 0.069089979 0.148469985 0.061462697 -0.021162173 0.986778200
1662138238248434176.000000 -0.008233142 0.000171889 0.069092110 0.148086205 0.062368117 -0.019065266 0.986821771
1662138238299435264.000000 -0.008233481 0.000170523 0.069094650 0.146043643 0.063871108 -0.017734831 0.987054825
1662138238350436096.000000 -0.008234539 0.000169639 0.069098838 0.145534113 0.065678403 -0.016657690 0.987030268
1662138238392436992.000000 -0.008234220 0.000167286 0.069099344 0.142728746 0.065186940 -0.016266029 0.987478912
1662138238434437888.000000 -0.008235312 0.000166599 0.069102645 0.141960546 0.067414857 -0.015424689 0.987453640
1662138238476439040.000000 -0.008235767 0.000165622 0.069104977 0.143217534 0.068039514 -0.013407090 0.987258613
1662138238515439872.000000 -0.008236567 0.000165434 0.069107413 0.144248351 0.069577053 -0.012840870 0.987008929
1662138238563440896.000000 -0.008236682 0.000164544 0.069109052 0.144062400 0.070242874 -0.008027803 0.987039804
1662138238608441600.000000 -0.008237825 0.000162700 0.069111258 0.142457739 0.071741901 -0.008036608 0.987164795
1662138238653442560.000000 -0.008238866 0.000161690 0.069113061 0.141068891 0.074494861 -0.006569647 0.987171233
1662138238695443712.000000 -0.008238486 0.000161938 0.069113575 0.142482266 0.073110059 -0.005852144 0.987076283
1662138238737444352.000000 -0.008240134 0.000160345 0.069118537 0.140875205 0.076284029 -0.004390283 0.987074316
1662138238779445504.000000 -0.008240644 0.000159499 0.069121182 0.141479179 0.077141702 -0.003618314 0.986924410
1662138238821446144.000000 -0.008241055 0.000159392 0.069122642 0.142091006 0.077982649 -0.002819111 0.986773074
1662138238863447296.000000 -0.008242803 0.000159294 0.069125429 0.145046234 0.080814429 -0.000189757 0.986118972
1662138238905447936.000000 -0.008243617 0.000158684 0.069127135 0.144850597 0.082713775 0.000596199 0.985990107
1662138238956449024.000000 -0.008244812 0.000157526 0.069129489 0.143567860 0.083744034 0.002537846 0.986087620
1662138239001449984.000000 -0.008246026 0.000156204 0.069130860 0.139851004 0.086805031 0.002136788 0.986358047
1662138239049451008.000000 -0.008247089 0.000155678 0.069133945 0.141488940 0.087910391 0.005800084 0.986011684
1662138239091452160.000000 -0.008247522 0.000154915 0.069134660 0.140005186 0.088173687 0.007373275 0.986189485
1662138239130452992.000000 -0.008248118 0.000154193 0.069136493 0.138737559 0.088550784 0.008496250 0.986325741
1662138239169453568.000000 -0.008249082 0.000153675 0.069139607 0.140166521 0.090570115 0.010011380 0.985926032
1662138239211454720.000000 -0.008249433 0.000153039 0.069141105 0.140726432 0.091208175 0.009048960 0.985796750
1662138239259455744.000000 -0.008249961 0.000152207 0.069144160 0.140605882 0.090653792 0.012061958 0.985832930
1662138239304456448.000000 -0.008251745 0.000151722 0.069146819 0.140310496 0.094416738 0.012756989 0.985512912
1662138239349457408.000000 -0.008252978 0.000151693 0.069147617 0.140745863 0.096475586 0.012900483 0.985249579
1662138239400458496.000000 -0.008253581 0.000150622 0.069151342 0.138947219 0.096341133 0.015299001 0.985483646
1662138239451459584.000000 -0.008253925 0.000149996 0.069153331 0.137185633 0.096253969 0.016291093 0.985723019
1662138239499460608.000000 -0.008254779 0.000149540 0.069155782 0.138810337 0.097055025 0.018333033 0.985381126
1662138239541461760.000000 -0.008254932 0.000149805 0.069157131 0.141311675 0.096634515 0.020373536 0.985026777
1662138239586462464.000000 -0.008256412 0.000148796 0.069158942 0.137170598 0.099318132 0.021355782 0.985324383
1662138239640463872.000000 -0.008257549 0.000145390 0.069161840 0.131135628 0.099870510 0.020323165 0.986111701
1662138239682464512.000000 -0.008258641 0.000145291 0.069163464 0.131524876 0.099630795 0.023199691 0.986020684
1662138239733465600.000000 -0.008259168 0.000144183 0.069163628 0.128258720 0.101343982 0.024873538 0.986235499
1662138239778466816.000000 -0.008260271 0.000142465 0.069167271 0.126325935 0.101636983 0.025541900 0.986437678
1662138239823467776.000000 -0.008259843 0.000141816 0.069169499 0.123953454 0.097952619 0.027530512 0.987057745
1662138239865468416.000000 -0.008261152 0.000142320 0.069171965 0.128654897 0.100685231 0.025863500 0.986225903
1662138239910469632.000000 -0.008262848 0.000140994 0.069173969 0.126605213 0.103708588 0.026635610 0.986157298
1662138239961470720.000000 -0.008263539 0.000140518 0.069173582 0.123587959 0.104172662 0.025886577 0.986511052
1662138240006471680.000000 -0.008263128 0.000140443 0.069174722 0.122397304 0.101482376 0.029583173 0.986835897
1662138240048472320.000000 -0.008263467 0.000139852 0.069175869 0.120161489 0.100494117 0.029233618 0.987222195
1662138240096473344.000000 -0.008265148 0.000137871 0.069178760 0.118566759 0.103031889 0.029076684 0.987158060
1662138240141474560.000000 -0.008265840 0.000137451 0.069180295 0.116741993 0.102143332 0.030632904 0.987420738
1662138240183475200.000000 -0.008266197 0.000136469 0.069181621 0.112780005 0.101361901 0.029080398 0.988008499
1662138240225476352.000000 -0.008266840 0.000135997 0.069182135 0.110283978 0.102087975 0.031200750 0.988150835
1662138240270477056.000000 -0.008267624 0.000134689 0.069183819 0.107105523 0.101826139 0.033123009 0.988464832
1662138240315478016.000000 -0.008268157 0.000133873 0.069184944 0.104378760 0.100584306 0.033821817 0.988860011
1662138240357479168.000000 -0.008268811 0.000132857 0.069186583 0.102288730 0.100243956 0.033399127 0.989127219
1662138240402479872.000000 -0.008269069 0.000132503 0.069187388 0.099565707 0.099007718 0.034096856 0.989505708
1662138240447480832.000000 -0.008269663 0.000131612 0.069188416 0.097147763 0.099574603 0.033645365 0.989704609
1662138240492482048.000000 -0.008270644 0.000130646 0.069189645 0.094421811 0.100618251 0.032450277 0.989902735
1662138240534482688.000000 -0.008271343 0.000129737 0.069190413 0.092002667 0.101150647 0.032003000 0.990090847
1662138240576483840.000000 -0.008271320 0.000129446 0.069191106 0.090935446 0.099268727 0.031590316 0.990393162
1662138240618484480.000000 -0.008272175 0.000128538 0.069192782 0.087288506 0.099588588 0.031591583 0.990689099
1662138240663485440.000000 -0.008273013 0.000127989 0.069193795 0.086320542 0.100034028 0.031187946 0.990741849
1662138240717486592.000000 -0.008273195 0.000127260 0.069194958 0.084283128 0.098503843 0.029786719 0.991113663
1662138240762487552.000000 -0.008273698 0.000126557 0.069196992 0.083429232 0.096900240 0.029238196 0.991360247
1662138240810488576.000000 -0.008274025 0.000126474 0.069198228 0.083653666 0.096080251 0.028932296 0.991430163
1662138240849489408.000000 -0.008274588 0.000126235 0.069198810 0.080839224 0.096373826 0.030156102 0.991598666
1662138240897490432.000000 -0.008275430 0.000125179 0.069200262 0.078036614 0.096380278 0.028997105 0.991857052
1662138240945491456.000000 -0.008275939 0.000124532 0.069201224 0.075363554 0.096570581 0.027796250 0.992079556
1662138240987492608.000000 -0.008276311 0.000124030 0.069202006 0.072696865 0.096752852 0.026598437 0.992293656
1662138241032493312.000000 -0.008276486 0.000123722 0.069202252 0.072635956 0.095168695 0.027600430 0.992423892
1662138241077494272.000000 -0.008276827 0.000122905 0.069203392 0.065969795 0.091533326 0.027323382 0.993238747
1662138241122495488.000000 -0.008277185 0.000122713 0.069203638 0.062195167 0.089917488 0.031089248 0.993519068
1662138241167496192.000000 -0.008277336 0.000122017 0.069204055 0.057370115 0.087209597 0.031858101 0.994026303
1662138241209497088.000000 -0.008278008 0.000120737 0.069205381 0.052826695 0.085947797 0.031788073 0.994390190
1662138241257498368.000000 -0.008278191 0.000120214 0.069205917 0.049876161 0.085226282 0.030425400 0.994647264
1662138241299499008.000000 -0.008278362 0.000119781 0.069206245 0.046927497 0.084512964 0.029060526 0.994892418
1662138241344499968.000000 -0.008278802 0.000118889 0.069207124 0.043982305 0.083805211 0.027714681 0.995125234
1662138241389501184.000000 -0.008279299 0.000118467 0.069207981 0.042975262 0.083768658 0.029726401 0.995114207
1662138241434501888.000000 -0.008279681 0.000118259 0.069208860 0.042165916 0.083506666 0.031353489 0.995121002
1662138241479502848.000000 -0.008280021 0.000118018 0.069209576 0.041359786 0.083245449 0.032977715 0.995124161
1662138241527503872.000000 -0.008280524 0.000117664 0.069210678 0.040740620 0.082798965 0.034194998 0.995145857
1662138241569505024.000000 -0.008280803 0.000117325 0.069211267 0.039938442 0.082542464 0.035813615 0.995142758
1662138241608505600.000000 -0.008280924 0.000117199 0.069211476 0.039135855 0.082285605 0.037431866 0.995136380
1662138241650506496.000000 -0.008281130 0.000117043 0.069211878 0.038333178 0.082028463 0.039049122 0.995126724
1662138241695507456.000000 -0.008281551 0.000116568 0.069212839 0.037755616 0.081757344 0.039840922 0.995139718
1662138241743508480.000000 -0.008281779 0.000116309 0.069213279 0.036950111 0.081504211 0.041452762 0.995124876
1662138241785509632.000000 -0.008281913 0.000116172 0.069213562 0.036144275 0.081251375 0.043063972 0.995106697
1662138241830510336.000000 -0.008282058 0.000115934 0.069213867 0.035339404 0.080999285 0.044674583 0.995085180
1662138241878511360.000000 -0.008282396 0.000115358 0.069214404 0.034145616 0.080905929 0.046215814 0.995064020
1662138241923512576.000000 -0.008282520 0.000115109 0.069214702 0.033341095 0.080654852 0.047825389 0.995035648
1662138241974513408.000000 -0.008282632 0.000115060 0.069215074 0.032537751 0.080405056 0.049433790 0.995003819
1662138242019514624.000000 -0.008282835 0.000114864 0.069215663 0.031905845 0.080378972 0.050944280 0.994950235
1662138242061515264.000000 -0.008282907 0.000114690 0.069215886 0.031103931 0.080128923 0.052551959 0.994912207
1662138242106516480.000000 -0.008283040 0.000114499 0.069216147 0.030302271 0.079878904 0.054159377 0.994870842
1662138242151517440.000000 -0.008283108 0.000114345 0.069216371 0.029500641 0.079628721 0.055766560 0.994826138
1662138242193518080.000000 -0.008283118 0.000114308 0.069216676 0.028870644 0.079151995 0.057651184 0.994775236
1662138242235519232.000000 -0.008283120 0.000114284 0.069216795 0.028068248 0.078901246 0.059257593 0.994723797
1662138242277519872.000000 -0.008283167 0.000114179 0.069216967 0.027265646 0.078650430 0.060863722 0.994668961
1662138242319521024.000000 -0.008283171 0.000114052 0.069217302 0.026370361 0.078391083 0.062339447 0.994622171
1662138242361521664.000000 -0.008283202 0.000113944 0.069217473 0.025567710 0.078140929 0.063945100 0.994560897
1662138242406522624.000000 -0.008283197 0.000113890 0.069217637 0.024764983 0.077890672 0.065550581 0.994496286
1662138242454523904.000000 -0.008283226 0.000113743 0.069217868 0.023962138 0.077640206 0.067155987 0.994428456
1662138242499524608.000000 -0.008283121 0.000113634 0.069218092 0.023140360 0.077516414 0.068878464 0.994339705
1662138242538525696.000000 -0.008283076 0.000113609 0.069218203 0.022337964 0.077265352 0.070483439 0.994265199
1662138242580526336.000000 -0.008283049 0.000113534 0.069218308 0.021535505 0.077013992 0.072088160 0.994187295
1662138242622527488.000000 -0.008283022 0.000113355 0.069218658 0.020746196 0.076643705 0.073728345 0.994112372
1662138242667528448.000000 -0.008282985 0.000113296 0.069218799 0.019943569 0.076391950 0.075332411 0.994027972
1662138242712529152.000000 -0.008282937 0.000113230 0.069218837 0.019128192 0.076259047 0.076900676 0.993934095
1662138242754530304.000000 -0.008282878 0.000113073 0.069219150 0.018355072 0.075968578 0.078532681 0.993843317
1662138242796530944.000000 -0.008282807 0.000112966 0.069219381 0.017442495 0.075813770 0.080069944 0.993748903
1662138242844531968.000000 -0.008282703 0.000112827 0.069219567 0.016640246 0.075561814 0.081673093 0.993651390
1662138242889532928.000000 -0.008282677 0.000112798 0.069219746 0.015837986 0.075309657 0.083275914 0.993550599
1662138242931533824.000000 -0.008282556 0.000112623 0.069219954 0.014908732 0.075174868 0.084799163 0.993446350
1662138242982535168.000000 -0.008282460 0.000112516 0.069220118 0.014106576 0.074922562 0.086401500 0.993339062
1662138243030535936.000000 -0.008282341 0.000112387 0.069220342 0.013304382 0.074669980 0.088003553 0.993228495
1662138243072536832.000000 -0.008282269 0.000112327 0.069220416 0.012502193 0.074417263 0.089605242 0.993114710
1662138243114537728.000000 -0.008282100 0.000112085 0.069220610 0.011562799 0.074087001 0.091149271 0.993010223
1662138243159538688.000000 -0.008281989 0.000111955 0.069220707 0.010760456 0.073834166 0.092750184 0.992889822
1662138243204539648.000000 -0.008281879 0.000111883 0.069220833 0.009958212 0.073581040 0.094350830 0.992766142
1662138243249540864.000000 -0.008281724 0.000111756 0.069221072 0.009252421 0.073005319 0.096034907 0.992653966
1662138243294541568.000000 -0.008281511 0.000111561 0.069221213 0.008450196 0.072751999 0.097634234 0.992523789
1662138243336542720.000000 -0.008281529 0.000111559 0.069221400 0.008096641 0.072865911 0.099126548 0.992370367
1662138243381543680.000000 -0.008281272 0.000111354 0.069221780 0.007295625 0.072611697 0.100725174 0.992234290
1662138243423544320.000000 -0.008281162 0.000111292 0.069222033 0.006494753 0.072357483 0.102323346 0.992094874
1662138243465545472.000000 -0.008281034 0.000111167 0.069222130 0.005517060 0.071744174 0.103899084 0.991981506
1662138243510546176.000000 -0.008280897 0.000111029 0.069222286 0.004715774 0.071489997 0.105496414 0.991835415
1662138243552547328.000000 -0.008280813 0.000111023 0.069222391 0.003846449 0.071251124 0.107139200 0.991680264
1662138243594547968.000000 -0.008280683 0.000110912 0.069222607 0.003045426 0.070996590 0.108735591 0.991527498
1662138243639548928.000000 -0.008280578 0.000110773 0.069222607 0.002244526 0.070741810 0.110331543 0.991371572
1662138243681550080.000000 -0.008280484 0.000110650 0.069222644 0.001573299 0.070751227 0.111968108 0.991188645
1662138243723550720.000000 -0.008280402 0.000110523 0.069222599 0.000773029 0.070495933 0.113563158 0.991026342
1662138243765551872.000000 -0.008280329 0.000110498 0.069222711 0.000264154 0.070290066 0.115020812 0.990873098
1662138243810552576.000000 -0.008280089 0.000110331 0.069222882 -0.000535864 0.070033848 0.116614930 0.990704775
1662138243861553664.000000 -0.008279953 0.000110246 0.069222979 -0.001481960 0.069720417 0.118261568 0.990530729
1662138243900554752.000000 -0.008279820 0.000110131 0.069223031 -0.002281860 0.069464058 0.119854763 0.990355730
1662138243948555776.000000 -0.008279759 0.000110079 0.069223106 -0.003102660 0.069328539 0.121447474 0.990168869
1662138243996556800.000000 -0.008279608 0.000109967 0.069223151 -0.003902304 0.069071844 0.123039804 0.989987433
1662138244044557568.000000 -0.008279487 0.000109849 0.069223225 -0.004523412 0.068968780 0.124527290 0.989805996
1662138244086558464.000000 -0.008279485 0.000109842 0.069223233 -0.005322629 0.068711549 0.126118645 0.989618421
1662138244131559680.000000 -0.008279202 0.000109710 0.069223374 -0.006199087 0.068470806 0.127836123 0.989409566
1662138244173560320.000000 -0.008279078 0.000109655 0.069223449 -0.006998293 0.068213135 0.129426315 0.989215255
1662138244218561536.000000 -0.008278992 0.000109584 0.069223464 -0.007740796 0.067773804 0.130805597 0.989058495
1662138244260562176.000000 -0.008279005 0.000109489 0.069223411 -0.008540221 0.067515619 0.132394448 0.988858163
1662138244308563200.000000 -0.008279186 0.000109460 0.069223292 -0.009376560 0.067265011 0.133919314 0.988662302
1662138244350564352.000000 -0.008279570 0.000109436 0.069223024 -0.010175886 0.067006476 0.135507122 0.988455594
1662138244392564992.000000 -0.008280486 0.000109498 0.069222406 -0.010982645 0.066798665 0.137120530 0.988238513
1662138244431566080.000000 -0.008280569 0.000109396 0.069222331 -0.011781837 0.066539586 0.138707459 0.988025308
1662138244473566720.000000 -0.008280504 0.000109297 0.069222324 -0.012599567 0.066190548 0.140312895 0.987811923
1662138244515567872.000000 -0.008280402 0.000109261 0.069222376 -0.013398989 0.065931231 0.141898587 0.987592220
1662138244557568512.000000 -0.008280342 0.000109179 0.069222391 -0.014184978 0.065707408 0.143529087 0.987360537
1662138244599569664.000000 -0.008280309 0.000109164 0.069222398 -0.014984209 0.065447636 0.145113856 0.987134337
1662138244641570304.000000 -0.008280254 0.000109137 0.069222406 -0.015744301 0.065199092 0.146672025 0.986908555
1662138244689571328.000000 -0.008280231 0.000109111 0.069222413 -0.016543271 0.064938866 0.148255661 0.986676037
1662138244737572352.000000 -0.008280190 0.000109096 0.069222413 -0.017397843 0.064570427 0.149762020 0.986457944
1662138244782573568.000000 -0.008280093 0.000109000 0.069222420 -0.018196706 0.064309917 0.151344270 0.986219049
1662138244824574208.000000 -0.008280033 0.000109018 0.069222488 -0.018954139 0.064167947 0.152873173 0.985978186
1662138244866575360.000000 -0.008280019 0.000109001 0.069222480 -0.018954193 0.064167909 0.152873069 0.985978186
1662138244914576384.000000 -0.008279996 0.000108954 0.069222473 -0.018971479 0.064201020 0.152907044 0.985970497
1662138244965577472.000000 -0.008279940 0.000108909 0.069222495 -0.018971553 0.064201042 0.152906910 0.985970497
1662138245010578432.000000 -0.008279856 0.000108913 0.069222525 -0.018963229 0.064189032 0.152875975 0.985976219
1662138245058579200.000000 -0.008279839 0.000108900 0.069222532 -0.018963423 0.064189017 0.152875841 0.985976219
1662138245106580224.000000 -0.008279765 0.000108886 0.069222562 -0.018958321 0.064240277 0.152873978 0.985973299
1662138245151581184.000000 -0.008279723 0.000108881 0.069222577 -0.018958516 0.064240314 0.152873844 0.985973299
1662138245196582400.000000 -0.008279801 0.000108861 0.069222525 -0.018964525 0.064244427 0.152862445 0.985974729
1662138245244583424.000000 -0.008279736 0.000108877 0.069222614 -0.018964533 0.064244375 0.152862415 0.985974729
1662138245292584192.000000 -0.008279977 0.000108822 0.069222406 -0.018964455 0.064244293 0.152862325 0.985974729
1662138245292584192.000000 -0.008279977 0.000108822 0.069222406 -0.018964455 0.064244293 0.152862325 0.985974729
1662138245292584192.000000 -0.008279977 0.000108822 0.069222406 -0.018964455 0.064244293 0.152862325 0.985974729
1662138245292584192.000000 -0.008279977 0.000108822 0.069222406 -0.018964455 0.064244293 0.152862325 0.985974729
1662138245292584192.000000 -0.008279977 0.000108822 0.069222406 -0.018964455 0.064244293 0.152862325 0.985974729
1662138245292584192.000000 -0.008279977 0.000108822 0.069222406 -0.018964455 0.064244293 0.152862325 0.985974729
1662138245292584192.000000 -0.008279977 0.000108822 0.069222406 -0.018964455 0.064244293 0.152862325 0.985974729
1662138245292584192.000000 -0.008279977 0.000108822 0.069222406 -0.018964455 0.064244293 0.152862325 0.985974729
1662138245292584192.000000 -0.008279977 0.000108822 0.069222406 -0.018964455 0.064244293 0.152862325 0.985974729
1662138245292584192.000000 -0.008279977 0.000108822 0.069222406 -0.018964455 0.064244293 0.152862325 0.985974729
1662138245292584192.000000 -0.008279977 0.000108822 0.069222406 -0.018964455 0.064244293 0.152862325 0.985974729
1662138245292584192.000000 -0.008279977 0.000108822 0.069222406 -0.018964455 0.064244293 0.152862325 0.985974729
1662138245292584192.000000 -0.008279977 0.000108822 0.069222406 -0.018964455 0.064244293 0.152862325 0.985974729
1662138245292584192.000000 -0.008279977 0.000108822 0.069222406 -0.018964455 0.064244293 0.152862325 0.985974729
1662138245292584192.000000 -0.008279977 0.000108822 0.069222406 -0.018964455 0.064244293 0.152862325 0.985974729
1662138245292584192.000000 -0.008279977 0.000108822 0.069222406 -0.018964455 0.064244293 0.152862325 0.985974729
1662138245292584192.000000 -0.008279977 0.000108822 0.069222406 -0.018964455 0.064244293 0.152862325 0.985974729
1662138245292584192.000000 -0.008279977 0.000108822 0.069222406 -0.018964455 0.064244293 0.152862325 0.985974729
1662138245292584192.000000 -0.008279977 0.000108822 0.069222406 -0.018964455 0.064244293 0.152862325 0.985974729
1662138245292584192.000000 -0.008279977 0.000108822 0.069222406 -0.018964455 0.064244293 0.152862325 0.985974729
1662138245292584192.000000 -0.008279977 0.000108822 0.069222406 -0.018964455 0.064244293 0.152862325 0.985974729
1662138245292584192.000000 -0.008279977 0.000108822 0.069222406 -0.018964455 0.064244293 0.152862325 0.985974729
1662138245292584192.000000 -0.008279977 0.000108822 0.069222406 -0.018964455 0.064244293 0.152862325 0.985974729
1662138245292584192.000000 -0.008279977 0.000108822 0.069222406 -0.018964455 0.064244293 0.152862325 0.985974729
1662138245292584192.000000 -0.008279977 0.000108822 0.069222406 -0.018964455 0.064244293 0.152862325 0.985974729
1662138245292584192.000000 -0.008279977 0.000108822 0.069222406 -0.018964455 0.064244293 0.152862325 0.985974729
1662138245292584192.000000 -0.008279977 0.000108822 0.069222406 -0.018964455 0.064244293 0.152862325 0.985974729
1662138245292584192.000000 -0.008279977 0.000108822 0.069222406 -0.018964455 0.064244293 0.152862325 0.985974729
1662138245292584192.000000 -0.008279977 0.000108822 0.069222406 -0.018964455 0.064244293 0.152862325 0.985974729
1662138245292584192.000000 -0.008279977 0.000108822 0.069222406 -0.018964455 0.064244293 0.152862325 0.985974729
1662138245292584192.000000 -0.008279977 0.000108822 0.069222406 -0.018964455 0.064244293 0.152862325 0.985974729
1662138245292584192.000000 -0.008279977 0.000108822 0.069222406 -0.018964455 0.064244293 0.152862325 0.985974729
1662138245292584192.000000 -0.008279977 0.000108822 0.069222406 -0.018964455 0.064244293 0.152862325 0.985974729
1662138245292584192.000000 -0.008279977 0.000108822 0.069222406 -0.018964455 0.064244293 0.152862325 0.985974729
1662138245292584192.000000 -0.008279977 0.000108822 0.069222406 -0.018964455 0.064244293 0.152862325 0.985974729
1662138245292584192.000000 -0.008279977 0.000108822 0.069222406 -0.018964455 0.064244293 0.152862325 0.985974729
1662138245292584192.000000 -0.008279977 0.000108822 0.069222406 -0.018964455 0.064244293 0.152862325 0.985974729
1662138245292584192.000000 -0.008279977 0.000108822 0.069222406 -0.018964455 0.064244293 0.152862325 0.985974729
1662138245292584192.000000 -0.008279977 0.000108822 0.069222406 -0.018964455 0.064244293 0.152862325 0.985974729
1662138245292584192.000000 -0.008279977 0.000108822 0.069222406 -0.018964455 0.064244293 0.152862325 0.985974729
1662138245292584192.000000 -0.008279977 0.000108822 0.069222406 -0.018964455 0.064244293 0.152862325 0.985974729
1662138245292584192.000000 -0.008279977 0.000108822 0.069222406 -0.018964455 0.064244293 0.152862325 0.985974729
1662138245292584192.000000 -0.008279977 0.000108822 0.069222406 -0.018964455 0.064244293 0.152862325 0.985974729
1662138245292584192.000000 -0.008279977 0.000108822 0.069222406 -0.018964455 0.064244293 0.152862325 0.985974729
1662138245292584192.000000 -0.008279977 0.000108822 0.069222406 -0.018964455 0.064244293 0.152862325 0.985974729
1662138245292584192.000000 -0.008279977 0.000108822 0.069222406 -0.018964455 0.064244293 0.152862325 0.985974729
1662138245292584192.000000 -0.008279977 0.000108822 0.069222406 -0.018964455 0.064244293 0.152862325 0.985974729
1662138245292584192.000000 -0.008279977 0.000108822 0.069222406 -0.018964455 0.064244293 0.152862325 0.985974729
1662138245292584192.000000 -0.008279977 0.000108822 0.069222406 -0.018964455 0.064244293 0.152862325 0.985974729
1662138245292584192.000000 -0.008279977 0.000108822 0.069222406 -0.018964455 0.064244293 0.152862325 0.985974729
1662138245292584192.000000 -0.008279977 0.000108822 0.069222406 -0.018964455 0.064244293 0.152862325 0.985974729
1662138245292584192.000000 -0.008279977 0.000108822 0.069222406 -0.018964455 0.064244293 0.152862325 0.985974729
1662138245292584192.000000 -0.008279977 0.000108822 0.069222406 -0.018964455 0.064244293 0.152862325 0.985974729
1662138245292584192.000000 -0.008279977 0.000108822 0.069222406 -0.018964455 0.064244293 0.152862325 0.985974729
1662138245292584192.000000 -0.008279977 0.000108822 0.069222406 -0.018964455 0.064244293 0.152862325 0.985974729
1662138245292584192.000000 -0.008279977 0.000108822 0.069222406 -0.018964455 0.064244293 0.152862325 0.985974729
1662138245292584192.000000 -0.008279977 0.000108822 0.069222406 -0.018964455 0.064244293 0.152862325 0.985974729
1662138245292584192.000000 -0.008279977 0.000108822 0.069222406 -0.018964455 0.064244293 0.152862325 0.985974729
1662138245292584192.000000 -0.008279977 0.000108822 0.069222406 -0.018964455 0.064244293 0.152862325 0.985974729
1662138245292584192.000000 -0.008279977 0.000108822 0.069222406 -0.018964455 0.064244293 0.152862325 0.985974729
1662138245292584192.000000 -0.008279977 0.000108822 0.069222406 -0.018964455 0.064244293 0.152862325 0.985974729
1662138245292584192.000000 -0.008279977 0.000108822 0.069222406 -0.018964455 0.064244293 0.152862325 0.985974729
1662138245292584192.000000 -0.008279977 0.000108822 0.069222406 -0.018964455 0.064244293 0.152862325 0.985974729
1662138245292584192.000000 -0.008279977 0.000108822 0.069222406 -0.018964455 0.064244293 0.152862325 0.985974729
1662138245292584192.000000 -0.008279977 0.000108822 0.069222406 -0.018964455 0.064244293 0.152862325 0.985974729
1662138245292584192.000000 -0.008279977 0.000108822 0.069222406 -0.018964455 0.064244293 0.152862325 0.985974729
1662138245292584192.000000 -0.008279977 0.000108822 0.069222406 -0.018964455 0.064244293 0.152862325 0.985974729
