1662138264525994496.000000 -0.020304406 0.008203070 0.013601284 0.001655174 -0.000767894 0.000902066 0.999997914
1662138264573995520.000000 -0.019654820 0.008922943 0.016087418 0.001039976 -0.002523251 0.001788793 0.999994695
1662138264618996736.000000 -0.018338207 0.010230035 0.024543628 0.000291212 -0.007287233 0.006795252 0.999950349
1662138264660997376.000000 -0.022949411 0.011769827 0.033363789 -0.001233293 -0.011147110 0.009818943 0.999888897
1662138264702998272.000000 -0.024339527 0.012370028 0.038511340 -0.001963003 -0.013393197 0.012196183 0.999834061
1662138264762999808.000000 -0.028904576 0.015433341 0.042719353 -0.000906346 -0.015243397 0.014469730 0.999778748
1662138264808000512.000000 -0.034440957 0.018486345 0.048294663 -0.000643826 -0.018961038 0.017562430 0.999665737
1662138264850001664.000000 -0.040771890 0.020378990 0.053839136 -0.000850691 -0.019600853 0.018772552 0.999631286
1662138264898002688.000000 -0.043022882 0.021295356 0.059101339 -0.002144610 -0.022540500 0.020660914 0.999530137
1662138264943003392.000000 -0.045751121 0.022841973 0.063650690 -0.002189712 -0.025478814 0.022448931 0.999420881
1662138264985004544.000000 -0.047303654 0.024030300 0.065499164 -0.001877343 -0.028001860 0.024556320 0.999304473
1662138265030005504.000000 -0.048975311 0.025263300 0.072362363 -0.002937793 -0.030235792 0.026843080 0.999177992
1662138265072006144.000000 -0.050737258 0.025053725 0.077409133 -0.004912826 -0.030535931 0.026613334 0.999167204
1662138265114007296.000000 -0.054070398 0.026447605 0.082786374 -0.005108407 -0.033313714 0.028819526 0.999016345
1662138265159008000.000000 -0.054050319 0.027201654 0.084335305 -0.005363522 -0.035684381 0.030529937 0.998882294
1662138265207009024.000000 -0.055471033 0.028585631 0.087974921 -0.005034159 -0.041315395 0.034965549 0.998521447
1662138265249010176.000000 -0.055443883 0.028652221 0.089367069 -0.004673157 -0.044041727 0.037351370 0.998320282
1662138265300011264.000000 -0.058139544 0.031169945 0.093010865 -0.003967365 -0.046350498 0.039542664 0.998134434
1662138265348012288.000000 -0.059603542 0.032213796 0.096507400 -0.003914913 -0.048918597 0.042456239 0.997892320
1662138265390012928.000000 -0.060946483 0.032626711 0.098778948 -0.005457730 -0.051941518 0.043496918 0.997687459
1662138265432014080.000000 -0.062320400 0.033753064 0.100464433 -0.004391850 -0.053426035 0.045433108 0.997528017
1662138265477014784.000000 -0.062891044 0.034657110 0.101328246 -0.003625473 -0.056401487 0.050551590 0.997121036
1662138265522015744.000000 -0.062301472 0.033975761 0.100874342 -0.004637132 -0.059858084 0.050863449 0.996899486
1662138265564016896.000000 -0.064089224 0.035447720 0.103163227 -0.003282758 -0.061718717 0.054872796 0.996578693
1662138265606017536.000000 -0.064504616 0.035860751 0.104019396 -0.002611033 -0.063713148 0.057793573 0.996290028
1662138265651018496.000000 -0.066850133 0.037926123 0.108518399 -0.003885814 -0.066168047 0.057745662 0.996128619
1662138265696019712.000000 -0.067170210 0.038275916 0.108952589 -0.002702103 -0.067226529 0.061389543 0.995843709
1662138265744020736.000000 -0.067880094 0.038752120 0.109808460 -0.001673200 -0.070840217 0.063856184 0.995440245
1662138265786021376.000000 -0.067785367 0.038577989 0.109682009 -0.002193520 -0.074107885 0.064663723 0.995149195
1662138265831022592.000000 -0.068039753 0.038539585 0.109901950 -0.002080917 -0.076439090 0.066602014 0.994845152
1662138265873023232.000000 -0.068248607 0.038653586 0.110165842 -0.002067540 -0.079287983 0.068924569 0.994464040
1662138265918024192.000000 -0.068349212 0.038669087 0.110281162 -0.000873555 -0.081897438 0.071560860 0.994067967
1662138265966025472.000000 -0.068338968 0.038578868 0.110167503 -0.000580501 -0.084626608 0.071608283 0.993836164
1662138266008026112.000000 -0.068593398 0.038734026 0.110899702 -0.002035487 -0.086633280 0.073621206 0.993514240
1662138266050027008.000000 -0.068958275 0.038740300 0.111854486 -0.002296282 -0.088642083 0.075314261 0.993209541
1662138266095028224.000000 -0.069472224 0.038681429 0.113195732 -0.003463660 -0.091283076 0.076328568 0.992889404
1662138266146029312.000000 -0.070091009 0.038679469 0.114620537 -0.004966252 -0.093419671 0.077454239 0.992597103
1662138266188029952.000000 -0.070341907 0.038683254 0.115009867 -0.003401455 -0.097392313 0.077858329 0.992190182
1662138266239031040.000000 -0.070544004 0.038816623 0.115281180 -0.002163913 -0.100822039 0.080317654 0.991654873
1662138266284032000.000000 -0.070815466 0.038913500 0.115594506 -0.001348452 -0.102371834 0.082859300 0.991288364
1662138266332033280.000000 -0.070894890 0.039015438 0.115563042 -0.001033689 -0.101000085 0.088901907 0.990905881
1662138266371033856.000000 -0.071120627 0.039209709 0.115775183 -0.000794696 -0.101907551 0.091563925 0.990570664
1662138266413035008.000000 -0.071346983 0.039402220 0.116001904 -0.000502955 -0.101932928 0.100318991 0.989719927
1662138266455035648.000000 -0.071356423 0.039289933 0.116073452 -0.004419528 -0.101256467 0.103686556 0.989432514
1662138266497036800.000000 -0.071738370 0.039616693 0.116685443 -0.005668777 -0.103158928 0.118118592 0.987610340
1662138266542037760.000000 -0.071890786 0.039674819 0.116835013 -0.004925141 -0.103413440 0.120843016 0.987258017
1662138266587038464.000000 -0.071975611 0.039760288 0.117002830 -0.003502513 -0.106130876 0.123066515 0.986700952
1662138266629039616.000000 -0.072297059 0.039885383 0.117361315 -0.005304356 -0.104977302 0.129035637 0.986053467
1662138266674040320.000000 -0.072364844 0.039936021 0.117496639 -0.003447143 -0.107818082 0.131669715 0.985406756
1662138266725041664.000000 -0.072652765 0.040085740 0.117820822 -0.003186269 -0.107707575 0.138507351 0.984481931
1662138266770042368.000000 -0.072736435 0.040125418 0.117963091 -0.004107320 -0.109663256 0.141725287 0.983804405
1662138266821043456.000000 -0.073002264 0.040275309 0.118300021 -0.000761787 -0.110650703 0.145019099 0.983221889
1662138266863044608.000000 -0.073113486 0.040318921 0.118436404 0.000809230 -0.110963829 0.149985582 0.982441187
1662138266908045568.000000 -0.073185273 0.040325198 0.118505590 0.002698019 -0.111853115 0.149420142 0.982423127
1662138266950046208.000000 -0.073373146 0.040429674 0.118847571 0.003593272 -0.114930563 0.151027024 0.981819153
1662138266992047360.000000 -0.073434681 0.040384289 0.118930757 0.000829857 -0.115456171 0.151398569 0.981706500
1662138267037048064.000000 -0.073568515 0.040437490 0.119151376 0.002753050 -0.118312754 0.153691098 0.981006384
1662138267079049216.000000 -0.073613815 0.040457286 0.119211353 0.003085963 -0.118457600 0.155259863 0.980740905
1662138267121049856.000000 -0.073763363 0.040506110 0.119410798 0.004504320 -0.120803483 0.157072619 0.980160415
1662138267166050816.000000 -0.073852301 0.040563747 0.119521469 0.009452513 -0.122595936 0.157466590 0.979839385
1662138267208051968.000000 -0.073969550 0.040611923 0.119673476 0.006958910 -0.122686103 0.162091181 0.979094565
1662138267253052672.000000 -0.074162744 0.040727690 0.119939454 0.011737256 -0.124920599 0.163517624 0.978529036
1662138267298053632.000000 -0.074199289 0.040748898 0.119989991 0.011813055 -0.126074567 0.164909840 0.978146493
1662138267343054848.000000 -0.074255437 0.040774006 0.120061256 0.012208099 -0.128380343 0.169620022 0.977035582
1662138267391055872.000000 -0.074404053 0.040885117 0.120224923 0.012852616 -0.130477563 0.173111603 0.976136684
1662138267433056512.000000 -0.074505977 0.040960595 0.120247759 0.017142007 -0.127248034 0.170401633 0.976973653
1662138267475057664.000000 -0.074655570 0.041079208 0.120389260 0.021642199 -0.129036307 0.172075018 0.976356208
1662138267520058368.000000 -0.074678078 0.041052200 0.120427147 0.021609252 -0.129179299 0.172175258 0.976320386
1662138267568059392.000000 -0.074752085 0.041080024 0.120521173 0.022499340 -0.131439149 0.171087056 0.976189971
1662138267610060544.000000 -0.074761756 0.041020259 0.120568812 0.021532176 -0.131438062 0.170838580 0.976255417
1662138267649061120.000000 -0.074821420 0.040997259 0.120630428 0.024054220 -0.132060885 0.169543967 0.976338208
1662138267694062336.000000 -0.074811928 0.040965687 0.120643750 0.024893411 -0.135215446 0.169328973 0.975922585
1662138267739063040.000000 -0.074858680 0.040940963 0.120746650 0.025011070 -0.136503369 0.167384818 0.976075590
1662138267778064128.000000 -0.074849956 0.040949352 0.120858550 0.026434261 -0.138889804 0.168990627 0.975424528
1662138267820064768.000000 -0.074887104 0.040953942 0.120858505 0.027905088 -0.139430851 0.166747794 0.975692332
1662138267862065920.000000 -0.074934453 0.040923730 0.120952919 0.028981773 -0.143126920 0.165234312 0.975383162
1662138267907066880.000000 -0.074968249 0.040918890 0.120995991 0.030752612 -0.143597662 0.163199723 0.975602329
1662138267952067584.000000 -0.074982233 0.040905088 0.121028557 0.032157678 -0.145402461 0.160984531 0.975657761
1662138267994068736.000000 -0.074987993 0.040897679 0.121044531 0.032828219 -0.150919497 0.159211665 0.975088358
1662138268039069696.000000 -0.075017437 0.040886167 0.121086627 0.035740830 -0.154221371 0.157206938 0.974794507
1662138268078070528.000000 -0.075018078 0.040880930 0.121107846 0.035402961 -0.157472149 0.157308549 0.974270642
1662138268117071104.000000 -0.075028434 0.040855762 0.121109821 0.034598727 -0.157620162 0.154868290 0.974666476
1662138268165072128.000000 -0.075038038 0.040877596 0.121114105 0.039297476 -0.160156533 0.152931392 0.974380612
1662138268210073344.000000 -0.075032406 0.040879287 0.121123195 0.040830377 -0.162331656 0.152535394 0.974019706
1662138268264074240.000000 -0.075048625 0.040872015 0.121128038 0.040304713 -0.164430559 0.150681019 0.973978102
1662138268306075392.000000 -0.075036287 0.040872451 0.121117428 0.040508889 -0.169748515 0.149461955 0.973244905
1662138268348076032.000000 -0.075045265 0.040867843 0.121140815 0.041433543 -0.171950176 0.147686973 0.973090410
1662138268387076864.000000 -0.075046048 0.040855512 0.121161893 0.043750830 -0.175227582 0.147175670 0.972481608
1662138268429077760.000000 -0.075037427 0.040862016 0.121164903 0.045920819 -0.180807412 0.145142779 0.971665382
1662138268471078912.000000 -0.075053081 0.040851772 0.121194497 0.049968660 -0.183278769 0.142870575 0.971339345
1662138268519079680.000000 -0.075065240 0.040849339 0.121201083 0.055887222 -0.181951791 0.141953275 0.971400797
1662138268564080640.000000 -0.075066298 0.040844601 0.121178932 0.050189912 -0.181397736 0.143590376 0.971574843
1662138268606081792.000000 -0.075075671 0.040844925 0.121182688 0.053004358 -0.180425510 0.143450052 0.971627116
1662138268657082880.000000 -0.075091839 0.040839173 0.121182665 0.053807866 -0.179782048 0.140332997 0.972157300
1662138268696083456.000000 -0.075086765 0.040836334 0.121194892 0.057579748 -0.186034545 0.138127342 0.971080124
1662138268744084480.000000 -0.075093813 0.040831044 0.121206582 0.056411993 -0.188646570 0.138651103 0.970569968
1662138268792085760.000000 -0.075092688 0.040829726 0.121205717 0.056301743 -0.191423699 0.138104379 0.970110476
1662138268831086336.000000 -0.075097948 0.040823493 0.121210895 0.054702569 -0.192603976 0.137404487 0.970067739
1662138268879087360.000000 -0.075099856 0.040838566 0.121228725 0.063671716 -0.199220255 0.137945130 0.968105555
1662138268924088576.000000 -0.075108096 0.040850796 0.121248573 0.073589243 -0.201864079 0.135676205 0.967175066
1662138268972089600.000000 -0.075109929 0.040850803 0.121252880 0.077690318 -0.204957247 0.133166656 0.966552377
1662138269017090304.000000 -0.075111449 0.040848996 0.121261671 0.078843422 -0.208670914 0.132188365 0.965798318
1662138269068091392.000000 -0.075115725 0.040843945 0.121259362 0.080377646 -0.210623950 0.126871064 0.965961039
1662138269107092480.000000 -0.075114496 0.040844593 0.121263601 0.083538778 -0.213138133 0.126880109 0.965139806
1662138269152093184.000000 -0.075116396 0.040844359 0.121270791 0.089295901 -0.216376677 0.123375162 0.964357793
1662138269194094080.000000 -0.075117253 0.040843222 0.121276066 0.091721073 -0.219174266 0.121326275 0.963758230
1662138269236095232.000000 -0.075119503 0.040842511 0.121279113 0.093665816 -0.220554471 0.117827892 0.963690400
1662138269290096384.000000 -0.075120009 0.040840942 0.121284530 0.098581359 -0.225105986 0.115132250 0.962472677
1662138269335097088.000000 -0.075119875 0.040838502 0.121289760 0.097608842 -0.228914931 0.115698546 0.961605132
1662138269377097984.000000 -0.075121239 0.040837567 0.121294267 0.101758830 -0.231757358 0.112989239 0.960815847
1662138269419099136.000000 -0.075122416 0.040837016 0.121296920 0.101937689 -0.233879253 0.111036591 0.960510373
1662138269464099840.000000 -0.075123392 0.040836383 0.121300675 0.106557116 -0.235964209 0.108537011 0.959784448
1662138269506100992.000000 -0.075125061 0.040835500 0.121303320 0.107182719 -0.237584293 0.107265420 0.959458053
1662138269548101632.000000 -0.075125515 0.040835515 0.121305689 0.110681333 -0.240430102 0.103364430 0.958779871
1662138269590102784.000000 -0.075126298 0.040834714 0.121308506 0.115756229 -0.242284328 0.099762194 0.958095133
1662138269632103424.000000 -0.075127080 0.040835127 0.121310197 0.119498938 -0.243682519 0.097576343 0.957506001
1662138269680104448.000000 -0.075128503 0.040834837 0.121314622 0.127504915 -0.246215299 0.091297656 0.956444085
1662138269731105536.000000 -0.075130090 0.040833965 0.121318765 0.131634980 -0.250126332 0.087340072 0.955238581
1662138269776106496.000000 -0.075130269 0.040833913 0.121319979 0.135727018 -0.253979921 0.084979765 0.953861058
1662138269818107648.000000 -0.075131103 0.040833641 0.121321589 0.139464438 -0.255180985 0.081840619 0.953275681
1662138269863108352.000000 -0.075131834 0.040833555 0.121322706 0.144307271 -0.255538315 0.079165123 0.952684939
1662138269905109504.000000 -0.075133391 0.040833734 0.121327057 0.151429117 -0.257852048 0.073864743 0.951380908
1662138269956110592.000000 -0.075134002 0.040834006 0.121328168 0.156214714 -0.259243608 0.067917317 0.950671911
1662138269998111232.000000 -0.075134955 0.040833525 0.121331625 0.162675008 -0.262049675 0.064345434 0.949066162
1662138270040112384.000000 -0.075135700 0.040833790 0.121333197 0.165059701 -0.264720380 0.061379302 0.948109210
1662138270085113344.000000 -0.075136147 0.040833339 0.121334828 0.167004511 -0.267235607 0.058698926 0.947232366
1662138270130114048.000000 -0.075136520 0.040832389 0.121336341 0.169421464 -0.269895524 0.055726182 0.946228027
1662138270172115200.000000 -0.075137205 0.040831551 0.121339574 0.175246209 -0.272261947 0.051853750 0.944708109
1662138270217116160.000000 -0.075136974 0.040830858 0.121342361 0.177849427 -0.276971996 0.050817028 0.942907095
1662138270262116864.000000 -0.075138383 0.040830187 0.121343888 0.182008743 -0.275074869 0.046593525 0.942886889
1662138270304118016.000000 -0.075138889 0.040829711 0.121345669 0.186160758 -0.276597679 0.043134887 0.941794753
1662138270352119040.000000 -0.075139642 0.040829107 0.121348023 0.189854473 -0.278525591 0.039874587 0.940632105
1662138270394119680.000000 -0.075140081 0.040828474 0.121349864 0.193984628 -0.280039251 0.036412556 0.939479709
1662138270442120704.000000 -0.075140148 0.040828314 0.121352203 0.199500158 -0.283319026 0.032726713 0.937474787
1662138270484121856.000000 -0.075140499 0.040828012 0.121353917 0.203536987 -0.285833508 0.028299905 0.935986638
1662138270529122560.000000 -0.075140819 0.040827051 0.121356711 0.206664175 -0.287832856 0.024230829 0.934802115
1662138270571123712.000000 -0.075141057 0.040826708 0.121357709 0.211029410 -0.288854808 0.019942785 0.933612227
1662138270613124352.000000 -0.075141303 0.040826347 0.121359006 0.214948505 -0.290274233 0.016705288 0.932340622
1662138270661125376.000000 -0.075141698 0.040826108 0.121359639 0.219297767 -0.291270494 0.012417611 0.931083202
1662138270703126528.000000 -0.075142235 0.040825423 0.121362478 0.223532453 -0.292973965 0.007642991 0.929591894
1662138270745127168.000000 -0.075142510 0.040825196 0.121362865 0.227875918 -0.293937206 0.003357773 0.928257704
1662138270790128128.000000 -0.075143024 0.040824663 0.121364675 0.234369054 -0.292167783 0.000139010 0.927205026
1662138270841129216.000000 -0.075143419 0.040824417 0.121365830 0.240109503 -0.291271001 -0.002812539 0.926013410
1662138270886130432.000000 -0.075143807 0.040823996 0.121367574 0.242569953 -0.291383862 -0.006542067 0.925317526
1662138270928131072.000000 -0.075143963 0.040823791 0.121368341 0.246790797 -0.290817589 -0.010197877 0.924345970
1662138270973132032.000000 -0.075144388 0.040823273 0.121369258 0.251853108 -0.290112585 -0.013593195 0.923157573
1662138271015133184.000000 -0.075144440 0.040822849 0.121370621 0.256054163 -0.289521962 -0.017249197 0.922125697
1662138271063133952.000000 -0.075144701 0.040822607 0.121371642 0.260319531 -0.288916498 -0.020914689 0.921044827
1662138271108134912.000000 -0.075144090 0.040822897 0.121369839 0.262235820 -0.285798252 -0.025609810 0.921355426
1662138271156135936.000000 -0.075142980 0.040823516 0.121367969 0.267472118 -0.281650871 -0.030059876 0.920992851
1662138271201137152.000000 -0.075142890 0.040823735 0.121367157 0.272425294 -0.277626693 -0.036471460 0.920531273
1662138271243137792.000000 -0.075142518 0.040823802 0.121367648 0.279217750 -0.277517110 -0.043113157 0.918239117
1662138271294138880.000000 -0.075142346 0.040823817 0.121367864 0.286059737 -0.277422547 -0.049742173 0.915823281
1662138271336140032.000000 -0.075142287 0.040823717 0.121368282 0.292905509 -0.277134120 -0.056376833 0.913359046
1662138271384141056.000000 -0.075142063 0.040823802 0.121368438 0.299692959 -0.276982427 -0.062995046 0.910766959
1662138271426141696.000000 -0.075141825 0.040823776 0.121368356 0.306458652 -0.276819646 -0.069517754 0.908086598
1662138271477142784.000000 -0.075142123 0.040823553 0.121368900 0.313190132 -0.276610613 -0.076120637 0.905319929
1662138271519143936.000000 -0.075142294 0.040823318 0.121369384 0.319816500 -0.276585132 -0.082729600 0.902426660
1662138271558144512.000000 -0.075142428 0.040823229 0.121369645 0.326487720 -0.276321948 -0.089315228 0.899485826
1662138271600145664.000000 -0.075142413 0.040823117 0.121369883 0.333105475 -0.275936365 -0.095958531 0.896488607
1662138271645146368.000000 -0.075142488 0.040823020 0.121370107 0.339712352 -0.275619924 -0.102526747 0.893374264
1662138271690147328.000000 -0.075142503 0.040822871 0.121370390 0.346347421 -0.275242358 -0.109054171 0.890164196
1662138271729148160.000000 -0.075142540 0.040822774 0.121370651 0.352887720 -0.274871677 -0.115602136 0.886877716
1662138271777149184.000000 -0.075142585 0.040822633 0.121370889 0.359371305 -0.274332702 -0.122131422 0.883559704
1662138271819150336.000000 -0.075142659 0.040822513 0.121371061 0.365865469 -0.274050415 -0.128663749 0.880048037
1662138271864151296.000000 -0.075142756 0.040822294 0.121371426 0.372403979 -0.273566186 -0.135094166 0.876485229
1662138271912152064.000000 -0.075142778 0.040822256 0.121371493 0.378702193 -0.273123294 -0.141675249 0.872878313
1662138271954152960.000000 -0.075142875 0.040822022 0.121371880 0.385111362 -0.272596717 -0.148130134 0.869159222
1662138271996154112.000000 -0.075142905 0.040821932 0.121371999 0.391437829 -0.272066683 -0.154601291 0.865363836
1662138272038154752.000000 -0.075142920 0.040821847 0.121372215 0.397749424 -0.271504641 -0.161006793 0.861485600
1662138272080155904.000000 -0.075142920 0.040821828 0.121372312 0.403985590 -0.270893306 -0.167394787 0.857549727
1662138272125156608.000000 -0.075142905 0.040821679 0.121372484 0.410236478 -0.270257443 -0.173801705 0.853498638
1662138272173157632.000000 -0.075142950 0.040821567 0.121372633 0.416393816 -0.269610792 -0.180209711 0.849382520
1662138272215158784.000000 -0.075142965 0.040821474 0.121372782 0.422525227 -0.268949151 -0.186600387 0.845174074
1662138272260159488.000000 -0.075142972 0.040821441 0.121372893 0.428606272 -0.268281996 -0.193012968 0.840873003
1662138272305160448.000000 -0.075142995 0.040821318 0.121373035 0.434655398 -0.267568737 -0.199366823 0.836501420
1662138272347161600.000000 -0.075143009 0.040821258 0.121373154 0.440653503 -0.266817063 -0.205682293 0.832062483
1662138272389162240.000000 -0.075143047 0.040821150 0.121373296 0.446617961 -0.266052097 -0.211997241 0.827529967
1662138272434163456.000000 -0.075143039 0.040821079 0.121373400 0.452534258 -0.265253544 -0.218303859 0.822919607
1662138272485164288.000000 -0.075143047 0.040820971 0.121373512 0.458411813 -0.264437407 -0.224577308 0.818227649
1662138272530165504.000000 -0.075143129 0.040820822 0.121373676 0.464240819 -0.263616323 -0.230806187 0.813458979
1662138272572166144.000000 -0.075143121 0.040820781 0.121373735 0.470029444 -0.262749106 -0.237035498 0.808609605
1662138272614167296.000000 -0.075143121 0.040820695 0.121373817 0.475781560 -0.261831731 -0.243264765 0.803677976
1662138272659168000.000000 -0.075143151 0.040820591 0.121373899 0.481478631 -0.260913938 -0.249447763 0.798672736
1662138272716169472.000000 -0.075143188 0.040820494 0.121374041 0.487129360 -0.259985268 -0.255584180 0.793592691
1662138272758170112.000000 -0.075143188 0.040820394 0.121374130 0.492733091 -0.259017050 -0.261718422 0.788433790
1662138272803171072.000000 -0.075143173 0.040820356 0.121374168 0.498300582 -0.258001804 -0.267828345 0.783198297
1662138272848172288.000000 -0.075143196 0.040820308 0.121374249 0.503808498 -0.256983548 -0.273911446 0.777887523
1662138272893172992.000000 -0.075143166 0.040820278 0.121374272 0.509250700 -0.255960196 -0.279980302 0.772501945
1662138272935173888.000000 -0.075143188 0.040820215 0.121374317 0.514660835 -0.254892617 -0.286009759 0.767041385
1662138272983174912.000000 -0.075143144 0.040820211 0.121374369 0.520026267 -0.253784120 -0.292004377 0.761511505
1662138273028176128.000000 -0.075143144 0.040820140 0.121374413 0.525336385 -0.252667308 -0.297978103 0.755903482
1662138273070176768.000000 -0.075143129 0.040820103 0.121374428 0.530593276 -0.251512170 -0.303933650 0.750224471
1662138273118177792.000000 -0.075143121 0.040820051 0.121374466 0.535801351 -0.250346720 -0.309849292 0.744470954
1662138273172178944.000000 -0.075143129 0.040819969 0.121374488 0.540962100 -0.249174625 -0.315724820 0.738640547
1662138273217179904.000000 -0.075143114 0.040819917 0.121374547 0.546066344 -0.247960806 -0.321579963 0.732743800
1662138273265181184.000000 -0.075143106 0.040819857 0.121374570 0.551124275 -0.246722639 -0.327392936 0.726776361
1662138273313182208.000000 -0.075143136 0.040819742 0.121374622 0.556122541 -0.245460868 -0.333185285 0.720738709
1662138273358182912.000000 -0.075143114 0.040819716 0.121374637 0.561057329 -0.244180337 -0.338954151 0.714633286
1662138273406183936.000000 -0.075143069 0.040819701 0.121374637 0.565947711 -0.242871404 -0.344681472 0.708457053
1662138273448185088.000000 -0.075143106 0.040819634 0.121374682 0.570775449 -0.241531938 -0.350382298 0.702217877
1662138273490185728.000000 -0.075143106 0.040819522 0.121374726 0.575556099 -0.240176320 -0.356042594 0.695905387
1662138273538186752.000000 -0.075143136 0.040819481 0.121374741 0.580295324 -0.238799900 -0.361656368 0.689519107
1662138273583187712.000000 -0.075143114 0.040819481 0.121374749 0.584964275 -0.237397820 -0.367247313 0.683072865
1662138273634188800.000000 -0.075143173 0.040819317 0.121374764 0.589585364 -0.235987142 -0.372794062 0.676552832
1662138273676189952.000000 -0.075143203 0.040819265 0.121374808 0.594140947 -0.234539136 -0.378313363 0.669975281
1662138273721190656.000000 -0.075143173 0.040819265 0.121374816 0.598635137 -0.233063132 -0.383798152 0.663337409
1662138273766191616.000000 -0.075143188 0.040819190 0.121374831 0.603075564 -0.231570005 -0.389243871 0.656631112
1662138273808192768.000000 -0.075143211 0.040819116 0.121374860 0.607460618 -0.230057672 -0.394652188 0.649857461
1662138273850193408.000000 -0.075143218 0.040819079 0.121374890 0.611784101 -0.228519946 -0.400022119 0.643025041
1662138273892194560.000000 -0.075143218 0.040819041 0.121374883 0.616047978 -0.226952970 -0.405352861 0.636133850
1662138273931195136.000000 -0.075143248 0.040818989 0.121374898 0.620252788 -0.225371271 -0.410645097 0.629177928
1662138273970195968.000000 -0.075143248 0.040818945 0.121374920 0.624392688 -0.223772511 -0.415902436 0.622161508
1662138274012197120.000000 -0.075143263 0.040818900 0.121374927 0.628477335 -0.222147465 -0.421114773 0.615084708
1662138274057197824.000000 -0.075143278 0.040818878 0.121374920 0.632503927 -0.220504820 -0.426283360 0.607946455
1662138274099198720.000000 -0.075143315 0.040818810 0.121374950 0.636466861 -0.218837008 -0.431413859 0.600751579
1662138274141199872.000000 -0.075143322 0.040818781 0.121374942 0.640371263 -0.217147484 -0.436499000 0.593498409
1662138274183200512.000000 -0.075143337 0.040818743 0.121374890 0.640370369 -0.217150360 -0.436499804 0.593497634
1662138274231201536.000000 -0.075143360 0.040818706 0.121374875 0.640370369 -0.217150360 -0.436499804 0.593497634
1662138274279202816.000000 -0.075143315 0.040818736 0.121374816 0.640369058 -0.217153043 -0.436502010 0.593496442
1662138274324203776.000000 -0.075143307 0.040818736 0.121374771 0.640369058 -0.217153043 -0.436502010 0.593496442
1662138274372204544.000000 -0.075143307 0.040818706 0.121374756 0.640368879 -0.217153162 -0.436502308 0.593496382
1662138274414205440.000000 -0.075143337 0.040818669 0.121374696 0.640369952 -0.217153475 -0.436501682 0.593495548
1662138274459206656.000000 -0.075143345 0.040818609 0.121374652 0.640369534 -0.217153639 -0.436501592 0.593496025
1662138274501207296.000000 -0.075143352 0.040818565 0.121374637 0.640369713 -0.217153266 -0.436501235 0.593496323
1662138274549208320.000000 -0.075143367 0.040818542 0.121374600 0.640369773 -0.217153221 -0.436501056 0.593496263
1662138274591209472.000000 -0.075143360 0.040818490 0.121374577 0.640369654 -0.217153832 -0.436501175 0.593496144
1662138274633210112.000000 -0.075143389 0.040818416 0.121374562 0.640369952 -0.217153609 -0.436500907 0.593496084
1662138274681211136.000000 -0.075143404 0.040818371 0.121374503 0.640370071 -0.217153639 -0.436500758 0.593496025
1662138274729212160.000000 -0.075143434 0.040818289 0.121374451 0.640370131 -0.217153743 -0.436500758 0.593495965
1662138274771213056.000000 -0.075143427 0.040818244 0.121374458 0.640370131 -0.217153758 -0.436500609 0.593496084
1662138274813213952.000000 -0.075143456 0.040818200 0.121374421 0.640370250 -0.217153847 -0.436500579 0.593495905
1662138274855214848.000000 -0.075143479 0.040818125 0.121374413 0.640370309 -0.217153892 -0.436500520 0.593495846
1662138274897215744.000000 -0.075143501 0.040818058 0.121374376 0.640370429 -0.217153937 -0.436500460 0.593495905
1662138274939216896.000000 -0.075143486 0.040818073 0.121374339 0.640370488 -0.217153952 -0.436500430 0.593495846
1662138274939216896.000000 -0.075143486 0.040818073 0.121374339 0.640370488 -0.217153952 -0.436500430 0.593495846
1662138274939216896.000000 -0.075143486 0.040818073 0.121374339 0.640370488 -0.217153952 -0.436500430 0.593495846
1662138274939216896.000000 -0.075143486 0.040818073 0.121374339 0.640370488 -0.217153952 -0.436500430 0.593495846
1662138274939216896.000000 -0.075143486 0.040818073 0.121374339 0.640370488 -0.217153952 -0.436500430 0.593495846
1662138274939216896.000000 -0.075143486 0.040818073 0.121374339 0.640370488 -0.217153952 -0.436500430 0.593495846
1662138274939216896.000000 -0.075143486 0.040818073 0.121374339 0.640370488 -0.217153952 -0.436500430 0.593495846
1662138274939216896.000000 -0.075143486 0.040818073 0.121374339 0.640370488 -0.217153952 -0.436500430 0.593495846
1662138274939216896.000000 -0.075143486 0.040818073 0.121374339 0.640370488 -0.217153952 -0.436500430 0.593495846
1662138274939216896.000000 -0.075143486 0.040818073 0.121374339 0.640370488 -0.217153952 -0.436500430 0.593495846
1662138274939216896.000000 -0.075143486 0.040818073 0.121374339 0.640370488 -0.217153952 -0.436500430 0.593495846
1662138274939216896.000000 -0.075143486 0.040818073 0.121374339 0.640370488 -0.217153952 -0.436500430 0.593495846
1662138274939216896.000000 -0.075143486 0.040818073 0.121374339 0.640370488 -0.217153952 -0.436500430 0.593495846
1662138274939216896.000000 -0.075143486 0.040818073 0.121374339 0.640370488 -0.217153952 -0.436500430 0.593495846
1662138274939216896.000000 -0.075143486 0.040818073 0.121374339 0.640370488 -0.217153952 -0.436500430 0.593495846
1662138274939216896.000000 -0.075143486 0.040818073 0.121374339 0.640370488 -0.217153952 -0.436500430 0.593495846
1662138274939216896.000000 -0.075143486 0.040818073 0.121374339 0.640370488 -0.217153952 -0.436500430 0.593495846
1662138274939216896.000000 -0.075143486 0.040818073 0.121374339 0.640370488 -0.217153952 -0.436500430 0.593495846
1662138274939216896.000000 -0.075143486 0.040818073 0.121374339 0.640370488 -0.217153952 -0.436500430 0.593495846
1662138274939216896.000000 -0.075143486 0.040818073 0.121374339 0.640370488 -0.217153952 -0.436500430 0.593495846
1662138274939216896.000000 -0.075143486 0.040818073 0.121374339 0.640370488 -0.217153952 -0.436500430 0.593495846
1662138274939216896.000000 -0.075143486 0.040818073 0.121374339 0.640370488 -0.217153952 -0.436500430 0.593495846
1662138274939216896.000000 -0.075143486 0.040818073 0.121374339 0.640370488 -0.217153952 -0.436500430 0.593495846
1662138274939216896.000000 -0.075143486 0.040818073 0.121374339 0.640370488 -0.217153952 -0.436500430 0.593495846
1662138274939216896.000000 -0.075143486 0.040818073 0.121374339 0.640370488 -0.217153952 -0.436500430 0.593495846
1662138274939216896.000000 -0.075143486 0.040818073 0.121374339 0.640370488 -0.217153952 -0.436500430 0.593495846
1662138274939216896.000000 -0.075143486 0.040818073 0.121374339 0.640370488 -0.217153952 -0.436500430 0.593495846
1662138274939216896.000000 -0.075143486 0.040818073 0.121374339 0.640370488 -0.217153952 -0.436500430 0.593495846
1662138274939216896.000000 -0.075143486 0.040818073 0.121374339 0.640370488 -0.217153952 -0.436500430 0.593495846
1662138274939216896.000000 -0.075143486 0.040818073 0.121374339 0.640370488 -0.217153952 -0.436500430 0.593495846
1662138274939216896.000000 -0.075143486 0.040818073 0.121374339 0.640370488 -0.217153952 -0.436500430 0.593495846
1662138274939216896.000000 -0.075143486 0.040818073 0.121374339 0.640370488 -0.217153952 -0.436500430 0.593495846
1662138274939216896.000000 -0.075143486 0.040818073 0.121374339 0.640370488 -0.217153952 -0.436500430 0.593495846
1662138274939216896.000000 -0.075143486 0.040818073 0.121374339 0.640370488 -0.217153952 -0.436500430 0.593495846
1662138274939216896.000000 -0.075143486 0.040818073 0.121374339 0.640370488 -0.217153952 -0.436500430 0.593495846
1662138274939216896.000000 -0.075143486 0.040818073 0.121374339 0.640370488 -0.217153952 -0.436500430 0.593495846
1662138274939216896.000000 -0.075143486 0.040818073 0.121374339 0.640370488 -0.217153952 -0.436500430 0.593495846
1662138274939216896.000000 -0.075143486 0.040818073 0.121374339 0.640370488 -0.217153952 -0.436500430 0.593495846
1662138274939216896.000000 -0.075143486 0.040818073 0.121374339 0.640370488 -0.217153952 -0.436500430 0.593495846
1662138274939216896.000000 -0.075143486 0.040818073 0.121374339 0.640370488 -0.217153952 -0.436500430 0.593495846
1662138274939216896.000000 -0.075143486 0.040818073 0.121374339 0.640370488 -0.217153952 -0.436500430 0.593495846
1662138274939216896.000000 -0.075143486 0.040818073 0.121374339 0.640370488 -0.217153952 -0.436500430 0.593495846
1662138274939216896.000000 -0.075143486 0.040818073 0.121374339 0.640370488 -0.217153952 -0.436500430 0.593495846
1662138274939216896.000000 -0.075143486 0.040818073 0.121374339 0.640370488 -0.217153952 -0.436500430 0.593495846
1662138274939216896.000000 -0.075143486 0.040818073 0.121374339 0.640370488 -0.217153952 -0.436500430 0.593495846
1662138274939216896.000000 -0.075143486 0.040818073 0.121374339 0.640370488 -0.217153952 -0.436500430 0.593495846
1662138274939216896.000000 -0.075143486 0.040818073 0.121374339 0.640370488 -0.217153952 -0.436500430 0.593495846
1662138274939216896.000000 -0.075143486 0.040818073 0.121374339 0.640370488 -0.217153952 -0.436500430 0.593495846
1662138274939216896.000000 -0.075143486 0.040818073 0.121374339 0.640370488 -0.217153952 -0.436500430 0.593495846
1662138274939216896.000000 -0.075143486 0.040818073 0.121374339 0.640370488 -0.217153952 -0.436500430 0.593495846
1662138274939216896.000000 -0.075143486 0.040818073 0.121374339 0.640370488 -0.217153952 -0.436500430 0.593495846
1662138274939216896.000000 -0.075143486 0.040818073 0.121374339 0.640370488 -0.217153952 -0.436500430 0.593495846
1662138274939216896.000000 -0.075143486 0.040818073 0.121374339 0.640370488 -0.217153952 -0.436500430 0.593495846
1662138274939216896.000000 -0.075143486 0.040818073 0.121374339 0.640370488 -0.217153952 -0.436500430 0.593495846
1662138274939216896.000000 -0.075143486 0.040818073 0.121374339 0.640370488 -0.217153952 -0.436500430 0.593495846
1662138274939216896.000000 -0.075143486 0.040818073 0.121374339 0.640370488 -0.217153952 -0.436500430 0.593495846
1662138274939216896.000000 -0.075143486 0.040818073 0.121374339 0.640370488 -0.217153952 -0.436500430 0.593495846
1662138274939216896.000000 -0.075143486 0.040818073 0.121374339 0.640370488 -0.217153952 -0.436500430 0.593495846
1662138274939216896.000000 -0.075143486 0.040818073 0.121374339 0.640370488 -0.217153952 -0.436500430 0.593495846
1662138274939216896.000000 -0.075143486 0.040818073 0.121374339 0.640370488 -0.217153952 -0.436500430 0.593495846
1662138274939216896.000000 -0.075143486 0.040818073 0.121374339 0.640370488 -0.217153952 -0.436500430 0.593495846
1662138274939216896.000000 -0.075143486 0.040818073 0.121374339 0.640370488 -0.217153952 -0.436500430 0.593495846
1662138274939216896.000000 -0.075143486 0.040818073 0.121374339 0.640370488 -0.217153952 -0.436500430 0.593495846
1662138274939216896.000000 -0.075143486 0.040818073 0.121374339 0.640370488 -0.217153952 -0.436500430 0.593495846
1662138274939216896.000000 -0.075143486 0.040818073 0.121374339 0.640370488 -0.217153952 -0.436500430 0.593495846
1662138274939216896.000000 -0.075143486 0.040818073 0.121374339 0.640370488 -0.217153952 -0.436500430 0.593495846
1662138274939216896.000000 -0.075143486 0.040818073 0.121374339 0.640370488 -0.217153952 -0.436500430 0.593495846
1662138274939216896.000000 -0.075143486 0.040818073 0.121374339 0.640370488 -0.217153952 -0.436500430 0.593495846
