1662138221493076480.000000 0.001956044 -0.011959108 0.019681996 -0.009147390 -0.004593137 -0.007810696 0.999917150
1662138221535077632.000000 0.003774606 -0.001952375 0.015261170 0.003722391 -0.006320846 -0.009657663 0.999926507
1662138221580078336.000000 0.003342743 -0.001782231 0.019330136 0.003746251 -0.005526096 -0.011666389 0.999909699
1662138221628079360.000000 0.004552693 -0.005401818 0.018158803 0.001398913 -0.006587699 -0.013586613 0.999885023
1662138221670080512.000000 0.005491609 -0.003199704 0.025066497 0.002489036 -0.007990045 -0.011921388 0.999893963
1662138221712081152.000000 0.005548472 -0.001972207 0.022146625 0.003002213 -0.007929267 -0.009694721 0.999917090
1662138221757082112.000000 0.005278566 -0.003891455 0.020400634 0.007435308 -0.005585977 -0.007964524 0.999925017
1662138221799083008.000000 0.005284031 -0.003966769 0.020705247 0.006868311 -0.005519079 -0.008898087 0.999921620
1662138221838084096.000000 0.005247978 -0.004064197 0.019245666 0.009062210 -0.005291696 -0.010408292 0.999890804
1662138221880084736.000000 0.004998083 -0.004195490 0.019150048 0.009869460 -0.004506544 -0.009075977 0.999899983
1662138221922085888.000000 0.004856546 -0.003898326 0.018743098 0.013418899 -0.004225074 -0.013174890 0.999814272
1662138221961086464.000000 0.004813213 -0.003884207 0.018592170 0.014686076 -0.004706570 -0.014334667 0.999778330
1662138222009087488.000000 0.005437476 -0.004116190 0.024154987 0.014586818 -0.005633451 -0.014936316 0.999766171
1662138222051088640.000000 0.006719683 -0.001923747 0.021292552 0.021016978 -0.008343934 -0.017043840 0.999599040
1662138222102089728.000000 0.006170206 -0.002222011 0.024419028 0.022450959 -0.007417228 -0.019344727 0.999533236
1662138222150090752.000000 0.006342478 -0.003251100 0.026488509 0.019147042 -0.007798566 -0.013368970 0.999696910
1662138222195091456.000000 0.005837549 -0.003490881 0.025507107 0.018030841 -0.006041274 -0.009102168 0.999777794
1662138222240092416.000000 0.005963696 -0.003239651 0.026139269 0.020068590 -0.008471371 -0.015532290 0.999642074
1662138222288093440.000000 0.005719285 -0.003125045 0.025684401 0.024893284 -0.007630928 -0.018296201 0.999493599
1662138222336094720.000000 0.005491576 -0.002900369 0.026369952 0.027185233 -0.008015799 -0.027190790 0.999228418
1662138222381095424.000000 0.005598868 -0.002947680 0.027465306 0.030325284 -0.009234747 -0.035125900 0.998880029
1662138222429096448.000000 0.005269465 -0.002930342 0.027680134 0.031157469 -0.008820877 -0.030638589 0.999005854
1662138222471097344.000000 0.005090311 -0.002704566 0.028398303 0.034558840 -0.007413380 -0.034662426 0.998773873
1662138222513098240.000000 0.004953425 -0.002794218 0.028336082 0.034196455 -0.009133824 -0.034358911 0.998782575
1662138222558099200.000000 0.004876018 -0.002774870 0.028612481 0.038072370 -0.009759234 -0.038002130 0.998504400
1662138222600100352.000000 0.004832045 -0.002769914 0.029005187 0.040088456 -0.011162688 -0.040578861 0.998309433
1662138222648101376.000000 0.004775876 -0.002738102 0.028996907 0.042006992 -0.012916161 -0.045436200 0.998000085
1662138222687101952.000000 0.004449655 -0.002553412 0.029559363 0.045928232 -0.011280043 -0.050045013 0.997626603
1662138222732103168.000000 0.004359814 -0.002434453 0.029841008 0.047743034 -0.012409891 -0.052062567 0.997424781
1662138222777103872.000000 0.004151900 -0.002329313 0.030136904 0.052509561 -0.012708722 -0.054830745 0.997033000
1662138222822104832.000000 0.004230976 -0.002374883 0.030225379 0.056439687 -0.016464986 -0.053814597 0.996818721
1662138222870105856.000000 0.004109458 -0.002380366 0.030671084 0.056998100 -0.019130867 -0.059773307 0.996399760
1662138222912106752.000000 0.003905508 -0.002375826 0.030837126 0.057557572 -0.018030075 -0.062119730 0.996244609
1662138222960107776.000000 0.004079649 -0.002383308 0.030970415 0.060015768 -0.023298614 -0.063587524 0.995897591
1662138223002108928.000000 0.004110852 -0.002367694 0.031083792 0.062882423 -0.028600084 -0.068347894 0.995267034
1662138223044109568.000000 0.004158865 -0.002359725 0.031175576 0.063956052 -0.033643492 -0.068859182 0.995005667
1662138223086110464.000000 0.004145953 -0.002346987 0.031192487 0.067635842 -0.035552148 -0.073708139 0.994348347
1662138223131111680.000000 0.004164299 -0.002337208 0.031313051 0.068324581 -0.036280040 -0.072076708 0.994394541
1662138223173112320.000000 0.004183062 -0.002342717 0.031389683 0.072344705 -0.043284431 -0.077141210 0.993449569
1662138223221113344.000000 0.004172990 -0.002331019 0.031389799 0.074033134 -0.040487979 -0.075924613 0.993536770
1662138223266114560.000000 0.004168531 -0.002320141 0.031389475 0.078762986 -0.044135217 -0.080502100 0.992657006
1662138223311115264.000000 0.004165635 -0.002359793 0.031372197 0.077558890 -0.046225797 -0.086908273 0.992116332
1662138223359116288.000000 0.004260205 -0.002374924 0.031320617 0.081145965 -0.052819181 -0.088828973 0.991329908
1662138223401117440.000000 0.004327996 -0.002370258 0.031252641 0.084237218 -0.056995455 -0.093990594 0.990364313
1662138223437117952.000000 0.004352789 -0.002354760 0.031226257 0.086407796 -0.059710726 -0.096339807 0.989791393
1662138223479119104.000000 0.004334268 -0.002379586 0.031238422 0.085954823 -0.061450511 -0.095403902 0.989814997
1662138223527119872.000000 0.004328560 -0.002379455 0.031251442 0.088653013 -0.063956007 -0.098482735 0.989116490
1662138223569120768.000000 0.004326750 -0.002378881 0.031248422 0.090822525 -0.064864680 -0.098297507 0.988878906
1662138223611121664.000000 0.004324909 -0.002379327 0.031258147 0.091777489 -0.069931947 -0.100850813 0.988188028
1662138223656122624.000000 0.004327238 -0.002379411 0.031241216 0.095329233 -0.072170652 -0.102714233 0.987498641
1662138223701123840.000000 0.004348347 -0.002379610 0.031187925 0.098199248 -0.076347731 -0.104442775 0.986721694
1662138223749124864.000000 0.004407098 -0.002373127 0.031027505 0.100457162 -0.077295013 -0.110279858 0.985785067
1662138223791125504.000000 0.004335396 -0.002362482 0.031173257 0.103370517 -0.073024817 -0.109868661 0.985855401
1662138223839126528.000000 0.004365190 -0.002372680 0.031065227 0.104909830 -0.072632208 -0.119965516 0.984543979
1662138223881127680.000000 0.004363266 -0.002373593 0.031076863 0.105918244 -0.073985711 -0.119535945 0.984387398
1662138223926128384.000000 0.004392908 -0.002372050 0.030991510 0.109084763 -0.079027228 -0.124705717 0.983007491
1662138223968129280.000000 0.004395250 -0.002365702 0.030989196 0.112757385 -0.083891802 -0.130240381 0.981471062
1662138224019130368.000000 0.004398908 -0.002368642 0.030972114 0.113433696 -0.084888376 -0.139688388 0.980007112
1662138224058131200.000000 0.004404063 -0.002369769 0.030961869 0.116737798 -0.091290146 -0.146165341 0.978097200
1662138224112132608.000000 0.004405907 -0.002369994 0.030945107 0.117198043 -0.094966449 -0.142222732 0.978273332
1662138224160133376.000000 0.004405872 -0.002370003 0.030949442 0.121284373 -0.103064828 -0.142888144 0.976857662
1662138224208134400.000000 0.004414785 -0.002370654 0.030929897 0.124220602 -0.108379334 -0.151760519 0.974572659
1662138224247135488.000000 0.004414180 -0.002370301 0.030931216 0.126141474 -0.110758059 -0.159702614 0.972787797
1662138224289136128.000000 0.004416951 -0.002371734 0.030920412 0.126419246 -0.117435656 -0.160377711 0.971857011
1662138224334137088.000000 0.004419492 -0.002372201 0.030917758 0.127121046 -0.118105926 -0.160065979 0.971735597
1662138224376137984.000000 0.004431049 -0.002372000 0.030898502 0.131968483 -0.129630014 -0.162415698 0.969227314
1662138224418138880.000000 0.004439240 -0.002365814 0.030880377 0.138369918 -0.133744717 -0.172295332 0.966064394
1662138224463140096.000000 0.004442546 -0.002365211 0.030870140 0.140428796 -0.137744218 -0.179304093 0.963927627
1662138224511141120.000000 0.004447028 -0.002364221 0.030849760 0.146820724 -0.141448081 -0.183937311 0.961562872
1662138224553141760.000000 0.004446017 -0.002365955 0.030849528 0.149445012 -0.147374302 -0.186962873 0.959683239
1662138224598142976.000000 0.004455062 -0.002364471 0.030834941 0.148879424 -0.153672606 -0.189648703 0.958255231
1662138224643143936.000000 0.004458444 -0.002359798 0.030823987 0.160305485 -0.156778485 -0.198877260 0.954028606
1662138224688144640.000000 0.004461501 -0.002360598 0.030812696 0.158571929 -0.160246029 -0.199420825 0.953628600
1662138224733145600.000000 0.004465909 -0.002362120 0.030800048 0.159663871 -0.166558385 -0.203344062 0.951534033
1662138224784146688.000000 0.004481188 -0.002358392 0.030756041 0.161020279 -0.167439371 -0.203978762 0.951014817
1662138224826147840.000000 0.004488791 -0.002353687 0.030734574 0.164028406 -0.168411300 -0.206885606 0.949700296
1662138224868148480.000000 0.004496647 -0.002355313 0.030717907 0.164192840 -0.173042059 -0.210977763 0.947937548
1662138224910149632.000000 0.004499578 -0.002359625 0.030722547 0.165942356 -0.179968581 -0.213051245 0.945877194
1662138224952150272.000000 0.004518308 -0.002358348 0.030686546 0.164834023 -0.182657287 -0.212991610 0.945568919
1662138224994151424.000000 0.004529863 -0.002357031 0.030667413 0.165457249 -0.185192466 -0.214819148 0.944553077
1662138225039152128.000000 0.004550064 -0.002357702 0.030632809 0.166035295 -0.188150793 -0.217033267 0.943360031
1662138225084153088.000000 0.004550293 -0.002358004 0.030632323 0.166328549 -0.188469559 -0.217196926 0.943207085
1662138225132154112.000000 0.004580141 -0.002362877 0.030653590 0.169626415 -0.203281716 -0.220657974 0.938729703
1662138225174155008.000000 0.004588675 -0.002380558 0.030660950 0.162691161 -0.210798055 -0.218254641 0.938861430
1662138225219155968.000000 0.004592379 -0.002372188 0.030565808 0.158912316 -0.204424307 -0.215753213 0.941492498
1662138225267156992.000000 0.004593402 -0.002380250 0.030545086 0.156254172 -0.206346199 -0.216204077 0.941414773
1662138225315158016.000000 0.004591809 -0.002401218 0.030462531 0.144798279 -0.204368740 -0.214225233 0.944126308
1662138225360159232.000000 0.004590889 -0.002398605 0.030481141 0.148494333 -0.210995868 -0.216871560 0.941486537
1662138225405159936.000000 0.004586884 -0.002402140 0.030481625 0.149005726 -0.213602126 -0.218240246 0.940501332
1662138225450160896.000000 0.004584869 -0.002405110 0.030472193 0.146898285 -0.219332278 -0.217731133 0.939631522
1662138225501161984.000000 0.004577409 -0.002413802 0.030451136 0.143515110 -0.221820384 -0.218320414 0.939433515
1662138225546163200.000000 0.004572044 -0.002421713 0.030441215 0.142332003 -0.226475686 -0.218900204 0.938367248
1662138225588163840.000000 0.004569122 -0.002420011 0.030459937 0.144969851 -0.230858058 -0.221679509 0.936240613
1662138225633164800.000000 0.004558245 -0.002426403 0.030477462 0.143694595 -0.237004712 -0.221440271 0.934957147
1662138225678166016.000000 0.004578383 -0.002422835 0.030429244 0.143753335 -0.237858295 -0.221083745 0.934815705
1662138225723166976.000000 0.004577816 -0.002426096 0.030454468 0.146110147 -0.244497970 -0.222005144 0.932516158
1662138225765167616.000000 0.004546312 -0.002403863 0.030492179 0.151763588 -0.249547929 -0.225763574 0.929367781
1662138225810168832.000000 0.004521985 -0.002394525 0.030511675 0.159040511 -0.252732545 -0.226657629 0.927070022
1662138225858169856.000000 0.004519298 -0.002400676 0.030517474 0.157738224 -0.256289423 -0.225571141 0.926580846
1662138225900170496.000000 0.004515847 -0.002405885 0.030503903 0.155399725 -0.257295638 -0.226551473 0.926457942
1662138225948171520.000000 0.004510190 -0.002414573 0.030509848 0.155801877 -0.260220081 -0.225460544 0.925839543
1662138225993172736.000000 0.004504789 -0.002413362 0.030512311 0.157967687 -0.264507413 -0.227516130 0.923752367
1662138226035173376.000000 0.004510923 -0.002414983 0.030510917 0.158590674 -0.268756121 -0.225416914 0.922933578
1662138226077174528.000000 0.004510586 -0.002416944 0.030512871 0.158355251 -0.273857832 -0.230930537 0.920106828
1662138226122175232.000000 0.004505926 -0.002415665 0.030516189 0.163727731 -0.276313812 -0.230357185 0.918574750
1662138226167176192.000000 0.004504598 -0.002412329 0.030516343 0.166219339 -0.276755720 -0.229985729 0.918087184
1662138226212177152.000000 0.004505399 -0.002410340 0.030511688 0.167696193 -0.278053671 -0.230373502 0.917328835
1662138226254178048.000000 0.004504578 -0.002411361 0.030513201 0.167912260 -0.281543911 -0.228877589 0.916598916
1662138226302179072.000000 0.004499286 -0.002405738 0.030513121 0.175706193 -0.281834841 -0.230538502 0.914630234
1662138226344180224.000000 0.004498814 -0.002403090 0.030513432 0.180490762 -0.282095760 -0.232440263 0.913135588
1662138226392181248.000000 0.004497170 -0.002404567 0.030514523 0.179338798 -0.284227252 -0.231132045 0.913033724
1662138226431181824.000000 0.004495887 -0.002404357 0.030516703 0.182143509 -0.286531895 -0.231743589 0.911601961
1662138226473182976.000000 0.004497671 -0.002405640 0.030516312 0.184871003 -0.287695646 -0.230281875 0.911056638
1662138226521183744.000000 0.004492387 -0.002405169 0.030520033 0.186401546 -0.287887961 -0.233687758 0.909815967
1662138226566184704.000000 0.004487535 -0.002404479 0.030523632 0.189805016 -0.289077252 -0.235123083 0.908364236
1662138226608185856.000000 0.004487435 -0.002404508 0.030523701 0.192738444 -0.290023655 -0.237329036 0.906869948
1662138226650186496.000000 0.004486959 -0.002404449 0.030524045 0.194681570 -0.292269140 -0.236840859 0.905861080
1662138226689187584.000000 0.004487312 -0.002404502 0.030524138 0.196617693 -0.294506818 -0.236347869 0.904846370
1662138226743188736.000000 0.004487563 -0.002404482 0.030523606 0.197139695 -0.297087789 -0.232770815 0.904816329
1662138226794189568.000000 0.004487597 -0.002404571 0.030523974 0.200675562 -0.302935481 -0.228878409 0.903091371
1662138226839190784.000000 0.004487529 -0.002404557 0.030524114 0.203530461 -0.304543257 -0.226925403 0.902404368
1662138226881191424.000000 0.004487066 -0.002404521 0.030524570 0.205393538 -0.304395884 -0.226589024 0.902116477
1662138226923192576.000000 0.004487156 -0.002404519 0.030524412 0.207634538 -0.304247588 -0.223950744 0.902312219
1662138226971193600.000000 0.004487150 -0.002404444 0.030524505 0.210881755 -0.304092318 -0.221230090 0.902282715
1662138227013194240.000000 0.004486931 -0.002404639 0.030524909 0.211006969 -0.304085791 -0.221327037 0.902231812
1662138227058195456.000000 0.004486847 -0.002404700 0.030524978 0.214017898 -0.302938163 -0.220605835 0.902085304
1662138227103196416.000000 0.004486765 -0.002404745 0.030525256 0.216688320 -0.302942485 -0.219027713 0.901830912
1662138227148197120.000000 0.004486695 -0.002404652 0.030525267 0.216943413 -0.301266462 -0.219631121 0.902184188
1662138227193198080.000000 0.004486468 -0.002404684 0.030525416 0.221217960 -0.301121771 -0.217290267 0.901761234
1662138227241199360.000000 0.004486291 -0.002404706 0.030525701 0.225352004 -0.300639123 -0.214835420 0.901486754
1662138227286200320.000000 0.004486245 -0.002404659 0.030525796 0.227987945 -0.299963295 -0.213453591 0.901377380
1662138227337201408.000000 0.004486097 -0.002404711 0.030525886 0.230450228 -0.299019367 -0.212081611 0.901388645
1662138227391202560.000000 0.004486050 -0.002404724 0.030525941 0.233088300 -0.298285395 -0.210595906 0.901301861
1662138227433203200.000000 0.004486011 -0.002404712 0.030525986 0.235715911 -0.297513902 -0.209251463 0.901186645
1662138227475204352.000000 0.004485969 -0.002404723 0.030526027 0.238338113 -0.296839327 -0.207881600 0.901036382
1662138227517204992.000000 0.004485927 -0.002404727 0.030526077 0.240961060 -0.296062350 -0.206532896 0.900904596
1662138227559205888.000000 0.004485880 -0.002404727 0.030526137 0.243493482 -0.295165926 -0.205182374 0.900826395
1662138227604207104.000000 0.004485812 -0.002404737 0.030526187 0.246111929 -0.294383228 -0.203830108 0.900677979
1662138227652208128.000000 0.004485796 -0.002404770 0.030526260 0.248741299 -0.293686032 -0.202435166 0.900497794
1662138227694208768.000000 0.004485758 -0.002404771 0.030526321 0.251354933 -0.292897731 -0.201078653 0.900332689
1662138227739209984.000000 0.004485732 -0.002404784 0.030526368 0.253963113 -0.292094290 -0.199703202 0.900167942
1662138227784210688.000000 0.004485711 -0.002404785 0.030526390 0.256572008 -0.291300565 -0.198342890 0.899986088
1662138227826211584.000000 0.004485668 -0.002404812 0.030526455 0.259189099 -0.290520042 -0.196949288 0.899794459
1662138227868212736.000000 0.004485602 -0.002404829 0.030526590 0.261793077 -0.289720803 -0.195585072 0.899595916
1662138227910213376.000000 0.004485584 -0.002404836 0.030526616 0.264390677 -0.288902134 -0.194243804 0.899390042
1662138227955214592.000000 0.004485551 -0.002404848 0.030526673 0.266989648 -0.288097501 -0.192875832 0.899174750
1662138227997215232.000000 0.004485529 -0.002404850 0.030526699 0.269582212 -0.287265748 -0.191508561 0.898959577
1662138228039216384.000000 0.004485495 -0.002404874 0.030526748 0.272176206 -0.286455750 -0.190137029 0.898727536
1662138228084217344.000000 0.004485472 -0.002404878 0.030526772 0.274770856 -0.285641670 -0.188748419 0.898489773
1662138228126217984.000000 0.004485492 -0.002404882 0.030526778 0.277359694 -0.284826279 -0.187373310 0.898241043
1662138228171219200.000000 0.004485457 -0.002404897 0.030526832 0.279942364 -0.284008712 -0.185997099 0.897984624
1662138228225220096.000000 0.004485434 -0.002404900 0.030526856 0.282525122 -0.283183515 -0.184622198 0.897720039
1662138228267221248.000000 0.004485429 -0.002404909 0.030526886 0.285106212 -0.282360196 -0.183241948 0.897446156
1662138228318222336.000000 0.004485400 -0.002404934 0.030526932 0.287685484 -0.281541109 -0.181854039 0.897162616
1662138228363223040.000000 0.004485404 -0.002404924 0.030526929 0.290261209 -0.280712545 -0.180470392 0.896872044
1662138228405224192.000000 0.004485360 -0.002404948 0.030526992 0.292833686 -0.279879451 -0.179084823 0.896573782
1662138228456225280.000000 0.004485340 -0.002404969 0.030527020 0.295403957 -0.279045671 -0.177697808 0.896266520
1662138228504226304.000000 0.004485302 -0.002404981 0.030527070 0.297972947 -0.278213114 -0.176305398 0.895949781
1662138228549227008.000000 0.004485301 -0.002404995 0.030527093 0.300537616 -0.277374089 -0.174915045 0.895625770
1662138228594227968.000000 0.004485284 -0.002404985 0.030527106 0.303098261 -0.276528597 -0.173526689 0.895294309
1662138228642228992.000000 0.004485262 -0.002405010 0.030527152 0.305657327 -0.275684357 -0.172133133 0.894953668
1662138228684230144.000000 0.004485255 -0.002405017 0.030527186 0.308213621 -0.274837464 -0.170739144 0.894604325
1662138228729230848.000000 0.004485240 -0.002405027 0.030527208 0.310766965 -0.273988068 -0.169342369 0.894246995
1662138228783232256.000000 0.004485235 -0.002405045 0.030527245 0.313316762 -0.273138344 -0.167941496 0.893881261
1662138228828232960.000000 0.004485228 -0.002405056 0.030527269 0.315864265 -0.272283792 -0.166541606 0.893507302
1662138228870234112.000000 0.004485223 -0.002405059 0.030527296 0.318409175 -0.271425813 -0.165139392 0.893125176
1662138228918235136.000000 0.004485209 -0.002405068 0.030527322 0.320950776 -0.270566225 -0.163736388 0.892734528
1662138228966236160.000000 0.004485196 -0.002405080 0.030527351 0.323489517 -0.269703567 -0.162331879 0.892335653
1662138229008236800.000000 0.004485181 -0.002405091 0.030527379 0.326025099 -0.268838942 -0.160925865 0.891928375
1662138229056237824.000000 0.004485182 -0.002405098 0.030527402 0.328558087 -0.267971426 -0.159518450 0.891512632
1662138229095238656.000000 0.004485175 -0.002405099 0.030527417 0.331087589 -0.267101854 -0.158109471 0.891088665
1662138229143239680.000000 0.004485170 -0.002405107 0.030527448 0.333613157 -0.266229928 -0.156699538 0.890656590
1662138229185240832.000000 0.004485160 -0.002405119 0.030527463 0.336136550 -0.265355438 -0.155287668 0.890215993
1662138229227241472.000000 0.004485168 -0.002405114 0.030527484 0.338656753 -0.264478564 -0.153874338 0.889767051
1662138229269242624.000000 0.004485165 -0.002405112 0.030527499 0.341173857 -0.263599098 -0.152459577 0.889309883
1662138229317243648.000000 0.004485165 -0.002405112 0.030527517 0.343687981 -0.262716800 -0.151043549 0.888844371
1662138229359244288.000000 0.004485159 -0.002405121 0.030527530 0.346198708 -0.261832476 -0.149625957 0.888370574
1662138229401245440.000000 0.004485162 -0.002405112 0.030527540 0.348706186 -0.260945678 -0.148206845 0.887888551
1662138229449246464.000000 0.004485168 -0.002405110 0.030527549 0.351210356 -0.260056406 -0.146786198 0.887398303
1662138229503247616.000000 0.004485170 -0.002405104 0.030527556 0.353711367 -0.259164810 -0.145364448 0.886899769
1662138229545248256.000000 0.004485176 -0.002405096 0.030527567 0.356208950 -0.258271039 -0.143941656 0.886392713
1662138229590249216.000000 0.004485164 -0.002405103 0.030527595 0.358703345 -0.257374763 -0.142517224 0.885877550
1662138229632250368.000000 0.004485177 -0.002405097 0.030527607 0.361194462 -0.256475955 -0.141091362 0.885354102
1662138229674251008.000000 0.004485180 -0.002405089 0.030527616 0.363682091 -0.255574822 -0.139664382 0.884822428
1662138229716252160.000000 0.004485188 -0.002405086 0.030527622 0.366166353 -0.254671335 -0.138236016 0.884282470
1662138229764253184.000000 0.004485176 -0.002405091 0.030527649 0.368647218 -0.253765553 -0.136806399 0.883734286
1662138229806253824.000000 0.004485177 -0.002405090 0.030527659 0.371124655 -0.252857357 -0.135375470 0.883177876
1662138229851255040.000000 0.004485171 -0.002405086 0.030527683 0.373598635 -0.251946718 -0.133943379 0.882613242
1662138229893255680.000000 0.004485185 -0.002405075 0.030527689 0.376069129 -0.251033843 -0.132509947 0.882040381
1662138229941256704.000000 0.004485187 -0.002405073 0.030527703 0.378536165 -0.250118554 -0.131075159 0.881459236
1662138229986257664.000000 0.004485182 -0.002405072 0.030527715 0.380999625 -0.249200970 -0.129639268 0.880869925
1662138230028258560.000000 0.004485192 -0.002405068 0.030527722 0.383459568 -0.248281047 -0.128202200 0.880272448
1662138230073259520.000000 0.004485196 -0.002405066 0.030527728 0.385915935 -0.247358814 -0.126763999 0.879666686
1662138230127260672.000000 0.004485209 -0.002405061 0.030527748 0.388368726 -0.246434256 -0.125324517 0.879052699
1662138230169261568.000000 0.004485210 -0.002405056 0.030527761 0.390817881 -0.245507434 -0.123883925 0.878430665
1662138230217262848.000000 0.004485232 -0.002405040 0.030527763 0.393263280 -0.244578362 -0.122442231 0.877800286
1662138230262263552.000000 0.004485243 -0.002405041 0.030527782 0.395705104 -0.243646964 -0.120999351 0.877161860
1662138230304264448.000000 0.004485253 -0.002405024 0.030527791 0.398143202 -0.242713124 -0.119555287 0.876515150
1662138230349265664.000000 0.004485251 -0.002405018 0.030527806 0.400577575 -0.241777211 -0.118110158 0.875860333
1662138230394266368.000000 0.004485267 -0.002405012 0.030527802 0.403008223 -0.240839124 -0.116663992 0.875197351
1662138230436267264.000000 0.004485268 -0.002405014 0.030527828 0.405435145 -0.239898726 -0.115216687 0.874526203
1662138230481268480.000000 0.004485290 -0.002404993 0.030527834 0.407858312 -0.238956004 -0.113768272 0.873846889
1662138230526269184.000000 0.004485297 -0.002404992 0.030527849 0.410277694 -0.238011226 -0.112318866 0.873159468
1662138230574270208.000000 0.004485316 -0.002404980 0.030527851 0.412693232 -0.237064108 -0.110868357 0.872463882
1662138230613271296.000000 0.004485332 -0.002404972 0.030527852 0.412693232 -0.237064108 -0.110868357 0.872463882
1662138230658272000.000000 0.004485344 -0.002404968 0.030527864 0.412693232 -0.237064123 -0.110868342 0.872463882
1662138230706273024.000000 0.004485361 -0.002404958 0.030527875 0.412693202 -0.237064108 -0.110868365 0.872463882
1662138230748274176.000000 0.004485387 -0.002404945 0.030527873 0.412693202 -0.237064108 -0.110868365 0.872463882
1662138230790274816.000000 0.004485402 -0.002404938 0.030527882 0.412693202 -0.237064108 -0.110868379 0.872463882
1662138230835275776.000000 0.004485403 -0.002404943 0.030527892 0.412693202 -0.237064108 -0.110868394 0.872463882
1662138230877276672.000000 0.004485419 -0.002404944 0.030527910 0.412693202 -0.237064108 -0.110868402 0.872463882
1662138230877276672.000000 0.004485419 -0.002404944 0.030527910 0.412693202 -0.237064108 -0.110868402 0.872463882
1662138230877276672.000000 0.004485419 -0.002404944 0.030527910 0.412693202 -0.237064108 -0.110868402 0.872463882
1662138230877276672.000000 0.004485419 -0.002404944 0.030527910 0.412693202 -0.237064108 -0.110868402 0.872463882
1662138230877276672.000000 0.004485419 -0.002404944 0.030527910 0.412693202 -0.237064108 -0.110868402 0.872463882
1662138230877276672.000000 0.004485419 -0.002404944 0.030527910 0.412693202 -0.237064108 -0.110868402 0.872463882
1662138230877276672.000000 0.004485419 -0.002404944 0.030527910 0.412693202 -0.237064108 -0.110868402 0.872463882
1662138230877276672.000000 0.004485419 -0.002404944 0.030527910 0.412693202 -0.237064108 -0.110868402 0.872463882
1662138230877276672.000000 0.004485419 -0.002404944 0.030527910 0.412693202 -0.237064108 -0.110868402 0.872463882
1662138230877276672.000000 0.004485419 -0.002404944 0.030527910 0.412693202 -0.237064108 -0.110868402 0.872463882
1662138230877276672.000000 0.004485419 -0.002404944 0.030527910 0.412693202 -0.237064108 -0.110868402 0.872463882
1662138230877276672.000000 0.004485419 -0.002404944 0.030527910 0.412693202 -0.237064108 -0.110868402 0.872463882
1662138230877276672.000000 0.004485419 -0.002404944 0.030527910 0.412693202 -0.237064108 -0.110868402 0.872463882
1662138230877276672.000000 0.004485419 -0.002404944 0.030527910 0.412693202 -0.237064108 -0.110868402 0.872463882
1662138230877276672.000000 0.004485419 -0.002404944 0.030527910 0.412693202 -0.237064108 -0.110868402 0.872463882
1662138230877276672.000000 0.004485419 -0.002404944 0.030527910 0.412693202 -0.237064108 -0.110868402 0.872463882
1662138230877276672.000000 0.004485419 -0.002404944 0.030527910 0.412693202 -0.237064108 -0.110868402 0.872463882
1662138230877276672.000000 0.004485419 -0.002404944 0.030527910 0.412693202 -0.237064108 -0.110868402 0.872463882
1662138230877276672.000000 0.004485419 -0.002404944 0.030527910 0.412693202 -0.237064108 -0.110868402 0.872463882
1662138230877276672.000000 0.004485419 -0.002404944 0.030527910 0.412693202 -0.237064108 -0.110868402 0.872463882
1662138230877276672.000000 0.004485419 -0.002404944 0.030527910 0.412693202 -0.237064108 -0.110868402 0.872463882
1662138230877276672.000000 0.004485419 -0.002404944 0.030527910 0.412693202 -0.237064108 -0.110868402 0.872463882
1662138230877276672.000000 0.004485419 -0.002404944 0.030527910 0.412693202 -0.237064108 -0.110868402 0.872463882
1662138230877276672.000000 0.004485419 -0.002404944 0.030527910 0.412693202 -0.237064108 -0.110868402 0.872463882
1662138230877276672.000000 0.004485419 -0.002404944 0.030527910 0.412693202 -0.237064108 -0.110868402 0.872463882
1662138230877276672.000000 0.004485419 -0.002404944 0.030527910 0.412693202 -0.237064108 -0.110868402 0.872463882
1662138230877276672.000000 0.004485419 -0.002404944 0.030527910 0.412693202 -0.237064108 -0.110868402 0.872463882
1662138230877276672.000000 0.004485419 -0.002404944 0.030527910 0.412693202 -0.237064108 -0.110868402 0.872463882
1662138230877276672.000000 0.004485419 -0.002404944 0.030527910 0.412693202 -0.237064108 -0.110868402 0.872463882
1662138230877276672.000000 0.004485419 -0.002404944 0.030527910 0.412693202 -0.237064108 -0.110868402 0.872463882
1662138230877276672.000000 0.004485419 -0.002404944 0.030527910 0.412693202 -0.237064108 -0.110868402 0.872463882
1662138230877276672.000000 0.004485419 -0.002404944 0.030527910 0.412693202 -0.237064108 -0.110868402 0.872463882
1662138230877276672.000000 0.004485419 -0.002404944 0.030527910 0.412693202 -0.237064108 -0.110868402 0.872463882
1662138230877276672.000000 0.004485419 -0.002404944 0.030527910 0.412693202 -0.237064108 -0.110868402 0.872463882
1662138230877276672.000000 0.004485419 -0.002404944 0.030527910 0.412693202 -0.237064108 -0.110868402 0.872463882
1662138230877276672.000000 0.004485419 -0.002404944 0.030527910 0.412693202 -0.237064108 -0.110868402 0.872463882
1662138230877276672.000000 0.004485419 -0.002404944 0.030527910 0.412693202 -0.237064108 -0.110868402 0.872463882
1662138230877276672.000000 0.004485419 -0.002404944 0.030527910 0.412693202 -0.237064108 -0.110868402 0.872463882
1662138230877276672.000000 0.004485419 -0.002404944 0.030527910 0.412693202 -0.237064108 -0.110868402 0.872463882
1662138230877276672.000000 0.004485419 -0.002404944 0.030527910 0.412693202 -0.237064108 -0.110868402 0.872463882
1662138230877276672.000000 0.004485419 -0.002404944 0.030527910 0.412693202 -0.237064108 -0.110868402 0.872463882
1662138230877276672.000000 0.004485419 -0.002404944 0.030527910 0.412693202 -0.237064108 -0.110868402 0.872463882
1662138230877276672.000000 0.004485419 -0.002404944 0.030527910 0.412693202 -0.237064108 -0.110868402 0.872463882
1662138230877276672.000000 0.004485419 -0.002404944 0.030527910 0.412693202 -0.237064108 -0.110868402 0.872463882
1662138230877276672.000000 0.004485419 -0.002404944 0.030527910 0.412693202 -0.237064108 -0.110868402 0.872463882
1662138230877276672.000000 0.004485419 -0.002404944 0.030527910 0.412693202 -0.237064108 -0.110868402 0.872463882
1662138230877276672.000000 0.004485419 -0.002404944 0.030527910 0.412693202 -0.237064108 -0.110868402 0.872463882
1662138230877276672.000000 0.004485419 -0.002404944 0.030527910 0.412693202 -0.237064108 -0.110868402 0.872463882
1662138230877276672.000000 0.004485419 -0.002404944 0.030527910 0.412693202 -0.237064108 -0.110868402 0.872463882
1662138230877276672.000000 0.004485419 -0.002404944 0.030527910 0.412693202 -0.237064108 -0.110868402 0.872463882
1662138230877276672.000000 0.004485419 -0.002404944 0.030527910 0.412693202 -0.237064108 -0.110868402 0.872463882
1662138230877276672.000000 0.004485419 -0.002404944 0.030527910 0.412693202 -0.237064108 -0.110868402 0.872463882
1662138230877276672.000000 0.004485419 -0.002404944 0.030527910 0.412693202 -0.237064108 -0.110868402 0.872463882
1662138230877276672.000000 0.004485419 -0.002404944 0.030527910 0.412693202 -0.237064108 -0.110868402 0.872463882
1662138230877276672.000000 0.004485419 -0.002404944 0.030527910 0.412693202 -0.237064108 -0.110868402 0.872463882
1662138230877276672.000000 0.004485419 -0.002404944 0.030527910 0.412693202 -0.237064108 -0.110868402 0.872463882
1662138230877276672.000000 0.004485419 -0.002404944 0.030527910 0.412693202 -0.237064108 -0.110868402 0.872463882
1662138230877276672.000000 0.004485419 -0.002404944 0.030527910 0.412693202 -0.237064108 -0.110868402 0.872463882
1662138230877276672.000000 0.004485419 -0.002404944 0.030527910 0.412693202 -0.237064108 -0.110868402 0.872463882
1662138230877276672.000000 0.004485419 -0.002404944 0.030527910 0.412693202 -0.237064108 -0.110868402 0.872463882
1662138230877276672.000000 0.004485419 -0.002404944 0.030527910 0.412693202 -0.237064108 -0.110868402 0.872463882
1662138230877276672.000000 0.004485419 -0.002404944 0.030527910 0.412693202 -0.237064108 -0.110868402 0.872463882
1662138230877276672.000000 0.004485419 -0.002404944 0.030527910 0.412693202 -0.237064108 -0.110868402 0.872463882
1662138230877276672.000000 0.004485419 -0.002404944 0.030527910 0.412693202 -0.237064108 -0.110868402 0.872463882
1662138230877276672.000000 0.004485419 -0.002404944 0.030527910 0.412693202 -0.237064108 -0.110868402 0.872463882
1662138230877276672.000000 0.004485419 -0.002404944 0.030527910 0.412693202 -0.237064108 -0.110868402 0.872463882
1662138230877276672.000000 0.004485419 -0.002404944 0.030527910 0.412693202 -0.237064108 -0.110868402 0.872463882
1662138230877276672.000000 0.004485419 -0.002404944 0.030527910 0.412693202 -0.237064108 -0.110868402 0.872463882
