1662120336475304960.000000 -0.008227840 0.001623592 0.002840401 -0.002881768 0.006195503 0.001983436 0.999974728
1662120336517305856.000000 -0.038726006 0.007655498 0.010015886 -0.002152531 0.012511929 0.001488155 0.999918342
1662120336562306816.000000 -0.015249634 0.002976331 0.004997211 -0.005418758 0.010888222 0.004859823 0.999914229
1662120336601307904.000000 -0.018666714 0.003324968 0.005681916 -0.006558178 0.013730844 0.005826353 0.999867260
1662120336637308672.000000 -0.024004847 0.004435630 0.007233825 -0.007142963 0.016114797 0.006353557 0.999824464
1662120336679309312.000000 -0.025217451 0.004358142 0.007424424 -0.008991967 0.018597038 0.008252934 0.999752581
1662120336724310272.000000 -0.030134307 0.004955038 0.008562857 -0.010446598 0.022605572 0.008086273 0.999657214
1662120336763311104.000000 -0.035054326 0.005426308 0.009504979 -0.011279755 0.024718704 0.009973340 0.999581099
1662120336799311872.000000 -0.036198918 0.005734753 0.009556102 -0.012077827 0.027197698 0.010997586 0.999496639
1662120336838312960.000000 -0.038133044 0.005774505 0.009761880 -0.012649181 0.028741537 0.011760447 0.999437690
1662120336883313664.000000 -0.043870978 0.006312606 0.010580732 -0.014119285 0.032797381 0.012880187 0.999279320
1662120336922314752.000000 -0.046646845 0.006415750 0.010900554 -0.015565611 0.035874195 0.012628152 0.999155283
1662120336970315776.000000 -0.050691772 0.006521293 0.011354790 -0.016936310 0.038688343 0.014883987 0.998996913
1662120337015316480.000000 -0.055733122 0.006749231 0.011781745 -0.017780233 0.041128535 0.016023152 0.998867154
1662120337057317376.000000 -0.058552608 0.006937268 0.011796860 -0.019639995 0.045085691 0.016957698 0.998646080
1662120337102318592.000000 -0.062029082 0.006703991 0.012177940 -0.020744085 0.047523793 0.017655881 0.998498619
1662120337141319168.000000 -0.067619964 0.006496886 0.012572421 -0.022279639 0.051286619 0.018033560 0.998272598
1662120337186320384.000000 -0.068751402 0.006813827 0.013052957 -0.023195745 0.052690040 0.019130757 0.998158157
1662120337231321088.000000 -0.072884083 0.006502772 0.013192234 -0.024432275 0.055754658 0.020298680 0.997939110
1662120337276322048.000000 -0.076626725 0.006433209 0.013332047 -0.025739225 0.058424942 0.021824474 0.997721255
1662120337324323072.000000 -0.080640115 0.006051379 0.013443346 -0.026663395 0.061696887 0.022037290 0.997495353
1662120337369324288.000000 -0.085555829 0.004914150 0.013529246 -0.028963493 0.064643174 0.023913270 0.997201383
1662120337414324992.000000 -0.087243818 0.005252108 0.013797188 -0.029011952 0.066289507 0.024225311 0.997084320
1662120337459325952.000000 -0.092456020 0.004446738 0.013571410 -0.030204652 0.069308586 0.025592323 0.996809483
1662120337504327168.000000 -0.095246829 0.003801966 0.014110083 -0.032384295 0.072062090 0.025988055 0.996535480
1662120337546327808.000000 -0.099677362 0.002630337 0.013951316 -0.033880197 0.074541591 0.026938194 0.996278107
1662120337591328768.000000 -0.102330051 0.002710327 0.014563622 -0.034451455 0.077190362 0.028203400 0.996021748
1662120337636329984.000000 -0.102355085 0.002770321 0.014615895 -0.034375560 0.077237062 0.028052310 0.996025026
1662120337675330560.000000 -0.109069355 0.001346568 0.015026110 -0.037174221 0.081434533 0.029619114 0.995544732
1662120337711331328.000000 -0.111892194 0.000933540 0.014980985 -0.037528113 0.082778923 0.029905263 0.995411992
1662120337756332288.000000 -0.115223259 -0.000087232 0.015646098 -0.039132494 0.084931180 0.030565552 0.995148778
1662120337801333504.000000 -0.119240887 -0.001637973 0.015742175 -0.040772546 0.086913690 0.031247703 0.994890571
1662120337843334144.000000 -0.120978422 -0.002175907 0.015720915 -0.041243304 0.087397926 0.031652924 0.994815946
1662120337882335232.000000 -0.124575444 -0.003067958 0.016535852 -0.043042026 0.089940250 0.032209761 0.994495213
1662120337924335872.000000 -0.128164217 -0.004343690 0.016969191 -0.044960592 0.091655321 0.032104373 0.994257092
1662120337969337088.000000 -0.127968863 -0.004232359 0.016940104 -0.044747170 0.091652535 0.031794932 0.994276941
1662120338014337792.000000 -0.135428682 -0.007427070 0.017853586 -0.046612818 0.094647199 0.033108503 0.993867695
1662120338059338752.000000 -0.137247801 -0.008389065 0.018040005 -0.048116930 0.095974587 0.034159660 0.993633151
1662120338104339712.000000 -0.138644248 -0.009227053 0.018539283 -0.048963703 0.096881203 0.033775918 0.993516922
1662120338146340608.000000 -0.143453062 -0.011669250 0.019505396 -0.050977826 0.098136947 0.035255034 0.993240952
1662120338191341568.000000 -0.145015538 -0.012251971 0.019798890 -0.051604234 0.098235711 0.035391573 0.993193984
1662120338233342720.000000 -0.148825452 -0.013714202 0.021141607 -0.052437525 0.099889360 0.035723463 0.992973447
1662120338275343360.000000 -0.153134674 -0.016100919 0.022323705 -0.054378387 0.101301990 0.036168076 0.992709875
1662120338323344384.000000 -0.155990675 -0.017923128 0.022808598 -0.054846797 0.102065399 0.035989277 0.992612362
1662120338368345600.000000 -0.159970537 -0.020298913 0.023712987 -0.055674270 0.102861807 0.036030803 0.992482603
1662120338416346624.000000 -0.162090287 -0.021676872 0.025100078 -0.056865335 0.103180423 0.036262415 0.992373526
1662120338461347328.000000 -0.165061072 -0.023310788 0.026942041 -0.059400447 0.102687292 0.035337090 0.992309630
1662120338503348224.000000 -0.167744130 -0.025121117 0.028479323 -0.059574645 0.103186548 0.035968285 0.992224634
1662120338548349440.000000 -0.170529291 -0.027721629 0.030522941 -0.061360173 0.102980234 0.036664061 0.992111802
1662120338590350080.000000 -0.172533363 -0.027938111 0.031973194 -0.060223285 0.102394804 0.036291916 0.992255688
1662120338632351232.000000 -0.173007488 -0.027930055 0.032002080 -0.060135216 0.102199346 0.036734235 0.992264986
1662120338674351872.000000 -0.176927656 -0.031427644 0.035309300 -0.063624583 0.101149350 0.035869159 0.992186546
1662120338713352960.000000 -0.179750815 -0.032495912 0.038464442 -0.063932836 0.099715270 0.035511956 0.992324769
1662120338752353792.000000 -0.182056442 -0.034152441 0.039713982 -0.063125461 0.099614516 0.035357751 0.992392063
1662120338797354752.000000 -0.184205800 -0.036996894 0.041373733 -0.064841866 0.098129295 0.035816379 0.992412925
1662120338842355456.000000 -0.186955392 -0.040291220 0.044614356 -0.065522522 0.096566282 0.036855772 0.992483497
1662120338890356480.000000 -0.188021585 -0.041232228 0.047355935 -0.066109605 0.094823278 0.035880610 0.992648304
1662120338932357632.000000 -0.190900430 -0.043456402 0.049838301 -0.068410918 0.093094267 0.034362540 0.992709756
1662120338974358272.000000 -0.192887202 -0.045343563 0.051899169 -0.067723297 0.091362491 0.035155367 0.992890060
1662120339016359424.000000 -0.195357129 -0.048200067 0.054696392 -0.067957915 0.089140661 0.035589281 0.993060470
1662120339055360000.000000 -0.197219670 -0.050267223 0.057487104 -0.067940913 0.086937755 0.034157470 0.993307233
1662120339100361216.000000 -0.199931219 -0.053835277 0.059730630 -0.070584200 0.084975123 0.035691381 0.993238807
1662120339145362176.000000 -0.202176273 -0.054965429 0.064046353 -0.069609202 0.082493410 0.033301339 0.993599713
1662120339190362880.000000 -0.204563648 -0.056584008 0.067438543 -0.068757720 0.080166847 0.032182898 0.993886292
1662120339241363968.000000 -0.206307366 -0.062281080 0.070196353 -0.070019834 0.076394267 0.033388786 0.994055510
1662120339286364928.000000 -0.208017156 -0.065276556 0.073240057 -0.070812702 0.073172905 0.032891005 0.994258285
1662120339334366208.000000 -0.210946977 -0.070345387 0.077140257 -0.074345894 0.069199584 0.032729845 0.994290173
1662120339382367232.000000 -0.212387830 -0.073782779 0.079736546 -0.074675530 0.065745711 0.032544684 0.994505882
1662120339427367936.000000 -0.215106517 -0.074922875 0.084482923 -0.073292933 0.062010419 0.030529290 0.994912505
1662120339466369024.000000 -0.216533899 -0.076657251 0.090001024 -0.072605342 0.058333296 0.029951535 0.995202839
1662120339502369536.000000 -0.218065098 -0.079612456 0.092414461 -0.074823543 0.055158529 0.029777097 0.995224774
1662120339544370688.000000 -0.219869748 -0.081986956 0.097483166 -0.074421972 0.051339943 0.028893949 0.995485246
1662120339586371328.000000 -0.220032260 -0.083095245 0.101044647 -0.074401513 0.048382960 0.028692594 0.995640635
1662120339625372160.000000 -0.221210986 -0.087216720 0.107284382 -0.074189655 0.042779122 0.029473228 0.995890200
1662120339667373056.000000 -0.222425804 -0.086698040 0.114208259 -0.071706593 0.037418671 0.026350556 0.996375322
1662120339706373888.000000 -0.224064916 -0.091550097 0.116059095 -0.076846726 0.034151714 0.026378576 0.996108651
1662120339748375040.000000 -0.225199997 -0.092553325 0.120783895 -0.074552827 0.029486211 0.024148984 0.996488512
1662120339793375744.000000 -0.227821499 -0.094564751 0.127269149 -0.072484605 0.023088073 0.021710590 0.996865928
1662120339832376832.000000 -0.227271527 -0.097745873 0.130083337 -0.072983123 0.020337015 0.022987664 0.996860802
1662120339874377472.000000 -0.229464307 -0.098844938 0.139784798 -0.071555279 0.013565653 0.020494649 0.997133791
1662120339916378624.000000 -0.230059803 -0.102248192 0.141146317 -0.074652232 0.010401473 0.020061605 0.996953547
1662120339958379264.000000 -0.232190922 -0.108116493 0.148205817 -0.076383270 0.001727764 0.019678337 0.996882856
1662120340000380160.000000 -0.232645690 -0.112450279 0.153606623 -0.075554773 -0.004081634 0.021205628 0.996907830
1662120340042381056.000000 -0.233784616 -0.113183253 0.163010314 -0.073305823 -0.010372838 0.017685218 0.997098804
1662120340084381952.000000 -0.236201286 -0.118594848 0.164859086 -0.072984390 -0.017067632 0.015539656 0.997065961
1662120340126383104.000000 -0.236481786 -0.118731037 0.167939708 -0.074568734 -0.020587960 0.015208095 0.996887326
1662120340171383808.000000 -0.236980066 -0.125960559 0.175256908 -0.073959343 -0.029962625 0.013148295 0.996724367
1662120340216384768.000000 -0.238460585 -0.127488941 0.185186803 -0.071124122 -0.037885133 0.010151047 0.996696055
1662120340258385664.000000 -0.239765868 -0.130413562 0.187590018 -0.071621962 -0.041499764 0.009266335 0.996525049
1662120340306386688.000000 -0.239395618 -0.129779711 0.200814411 -0.068405591 -0.051834293 0.007774603 0.996279836
1662120340351387648.000000 -0.240529120 -0.132503361 0.207272097 -0.067079231 -0.059490975 0.005486145 0.995957375
1662120340393388800.000000 -0.241335362 -0.132858038 0.210320428 -0.065940470 -0.062220559 0.004895154 0.995869756
1662120340432389376.000000 -0.243403286 -0.143213436 0.220881999 -0.067737974 -0.073129855 0.003316713 0.995013893
1662120340480390656.000000 -0.247421592 -0.149450183 0.224526629 -0.069263920 -0.078750901 0.000266342 0.994485199
1662120340522391296.000000 -0.247436300 -0.151323318 0.231425762 -0.071307473 -0.087192304 -0.002052550 0.993633986
1662120340564392448.000000 -0.246713206 -0.152636051 0.243383601 -0.068630755 -0.096728690 -0.003921048 0.992934048
1662120340609393408.000000 -0.246997163 -0.154187992 0.252158463 -0.064590104 -0.104726136 -0.006913378 0.992377341
1662120340651394048.000000 -0.247999102 -0.160700336 0.259874523 -0.064889461 -0.112826578 -0.006898234 0.991469622
1662120340696395264.000000 -0.248175383 -0.163936421 0.267812103 -0.066484377 -0.120945118 -0.009085451 0.990388632
1662120340738395904.000000 -0.249889523 -0.166347876 0.276388049 -0.063530870 -0.128498793 -0.011527425 0.989605486
1662120340780397056.000000 -0.249751091 -0.168051079 0.279363573 -0.062660106 -0.133058324 -0.012467396 0.989046931
1662120340825398016.000000 -0.250551850 -0.172099471 0.291864842 -0.060311157 -0.143546686 -0.015468952 0.987682998
1662120340873398784.000000 -0.251379997 -0.174159661 0.295309305 -0.062601708 -0.148124412 -0.015873050 0.986857772
1662120340912399872.000000 -0.254715919 -0.181405410 0.305767983 -0.059831519 -0.160148963 -0.019901888 0.985076904
1662120340957400576.000000 -0.253100991 -0.183056772 0.314168096 -0.058305383 -0.170230225 -0.021351190 0.983446121
1662120341002401536.000000 -0.252622992 -0.185083345 0.322086036 -0.056818798 -0.176261887 -0.023661552 0.982417166
1662120341044402688.000000 -0.250512272 -0.190252349 0.337397397 -0.060387794 -0.189840794 -0.024829069 0.979641438
1662120341089403392.000000 -0.254085183 -0.193865597 0.342654407 -0.055486642 -0.197067082 -0.029672701 0.978368759
1662120341131404288.000000 -0.251945227 -0.192589268 0.352515906 -0.052633736 -0.206804350 -0.031619675 0.976453722
1662120341176405504.000000 -0.252205342 -0.200352028 0.362792462 -0.054364312 -0.216045469 -0.034504913 0.974257827
1662120341215406080.000000 -0.251546562 -0.202238902 0.372675955 -0.056707989 -0.225296766 -0.034995604 0.972008705
1662120341263407104.000000 -0.252981156 -0.205025896 0.380913705 -0.051424365 -0.234144196 -0.039968137 0.970017910
1662120341305408000.000000 -0.252931386 -0.208022028 0.390838236 -0.048873641 -0.242964298 -0.043022037 0.967847526
1662120341344409088.000000 -0.252700627 -0.211953714 0.397997916 -0.047490820 -0.250317276 -0.046038806 0.965901852
1662120341383409664.000000 -0.253505319 -0.212075293 0.406000912 -0.045164146 -0.258193433 -0.049250629 0.963779449
1662120341428410880.000000 -0.251816869 -0.217029870 0.417160064 -0.048116762 -0.267352045 -0.050279092 0.961082578
1662120341470411520.000000 -0.251232028 -0.219334602 0.427120686 -0.048273303 -0.277121454 -0.051351678 0.958246529
1662120341512412672.000000 -0.250304133 -0.219610572 0.432145864 -0.044465553 -0.282229692 -0.053505704 0.956821024
1662120341560413696.000000 -0.250467002 -0.223508492 0.449513406 -0.039940007 -0.295991272 -0.058908287 0.952535450
1662120341605414400.000000 -0.250790954 -0.225523293 0.458593190 -0.038444221 -0.304487556 -0.061455969 0.949753940
1662120341650415360.000000 -0.251875490 -0.226017743 0.460997045 -0.037803881 -0.306525946 -0.062037613 0.949085891
1662120341692416512.000000 -0.248868302 -0.231293082 0.478916138 -0.033647086 -0.322059780 -0.067711554 0.943695128
1662120341734417152.000000 -0.245439097 -0.235767931 0.488500595 -0.033700913 -0.328678876 -0.069482416 0.941279292
1662120341773418240.000000 -0.244327664 -0.237986729 0.495101631 -0.035365347 -0.337649614 -0.071025141 0.937921941
1662120341815418880.000000 -0.245991170 -0.244328231 0.500818372 -0.035584722 -0.345815122 -0.074573800 0.934657454
1662120341857420032.000000 -0.243044332 -0.243346334 0.517421901 -0.032934844 -0.355580688 -0.076394454 0.930935860
1662120341899420672.000000 -0.242397696 -0.245062739 0.526872993 -0.029776597 -0.363866359 -0.079664566 0.927560389
1662120341938421760.000000 -0.241499752 -0.247651309 0.538589835 -0.028191632 -0.371968359 -0.083398223 0.924061418
1662120341980422400.000000 -0.240538865 -0.248481095 0.547096491 -0.028959401 -0.380157232 -0.084283359 0.920618415
1662120342025423616.000000 -0.239931196 -0.252592087 0.554662466 -0.027689509 -0.387778342 -0.087191477 0.917201698
1662120342067424256.000000 -0.238933504 -0.253618270 0.569188237 -0.025238257 -0.397542089 -0.090417966 0.912769377
1662120342112425216.000000 -0.238828570 -0.256800324 0.580511332 -0.022989985 -0.406263083 -0.095262006 0.908486068
1662120342160426496.000000 -0.239233702 -0.257935524 0.588758111 -0.020312026 -0.413298637 -0.098388366 0.905036747
1662120342202427136.000000 -0.238230497 -0.263170660 0.598340690 -0.023712531 -0.421751142 -0.099201582 0.900956571
1662120342244428032.000000 -0.236770451 -0.263925493 0.608198404 -0.020035282 -0.428833306 -0.102065898 0.897375703
1662120342286428928.000000 -0.235751450 -0.266760290 0.618109763 -0.017952127 -0.436218351 -0.106696382 0.893312454
1662120342328429824.000000 -0.233740270 -0.268933028 0.628886044 -0.017542811 -0.444731683 -0.108407028 0.888906062
1662120342373431040.000000 -0.233232304 -0.271895587 0.637672186 -0.015210873 -0.450888932 -0.112335816 0.885352194
1662120342418431744.000000 -0.233034760 -0.273300529 0.644547105 -0.017223116 -0.456331939 -0.112239964 0.882534266
1662120342466432768.000000 -0.230366454 -0.277170509 0.663297653 -0.013624650 -0.467714906 -0.117816575 0.875886083
1662120342514433792.000000 -0.228779688 -0.278755009 0.672730446 -0.010759509 -0.474716604 -0.122309245 0.871532440
1662120342556434944.000000 -0.229089096 -0.282401294 0.681776464 -0.010985224 -0.480602562 -0.124520458 0.867983401
1662120342595435520.000000 -0.228343353 -0.284052104 0.688778341 -0.012522552 -0.485844702 -0.124422699 0.865053296
1662120342637436672.000000 -0.225396097 -0.287236929 0.703660488 -0.010255500 -0.494093388 -0.128969193 0.859728754
1662120342676437504.000000 -0.224073097 -0.287808925 0.712836623 -0.008746723 -0.499229193 -0.130139798 0.856596410
1662120342718438144.000000 -0.223174363 -0.289941907 0.722577989 -0.007773667 -0.505264819 -0.133792385 0.852494359
1662120342760439040.000000 -0.222156033 -0.292267829 0.730484307 -0.008928566 -0.511340737 -0.135487914 0.848583519
1662120342799439872.000000 -0.219541863 -0.294561177 0.742539048 -0.009122721 -0.517592013 -0.136032760 0.844695508
1662120342838440960.000000 -0.219301954 -0.294807017 0.749167800 -0.006134284 -0.521413982 -0.139674097 0.841772556
1662120342877441536.000000 -0.219356343 -0.296994120 0.760150194 -0.005045621 -0.527583420 -0.142292708 0.837486148
1662120342925442816.000000 -0.218525231 -0.297157884 0.768735707 -0.002586192 -0.531180501 -0.144763067 0.834796011
1662120342964443392.000000 -0.218932793 -0.299202681 0.774858117 -0.004366286 -0.534748435 -0.145530686 0.832373619
1662120343009444352.000000 -0.217813179 -0.301618725 0.789624095 -0.000934300 -0.541863084 -0.150052443 0.826963007
1662120343048445184.000000 -0.218187690 -0.301325768 0.792624235 0.000143737 -0.542931855 -0.151488483 0.826000214
1662120343090446336.000000 -0.214593083 -0.305607706 0.805296779 0.001543511 -0.549069226 -0.154855147 0.821304142
1662120343135447040.000000 -0.212573409 -0.308744848 0.813020170 0.000271674 -0.553339899 -0.156608567 0.818100572
1662120343177447936.000000 -0.211672395 -0.310448766 0.823372006 -0.000047279 -0.557653904 -0.157392278 0.815015197
1662120343222449152.000000 -0.211545825 -0.310665101 0.832993090 0.002868146 -0.561296284 -0.160988793 0.811801016
1662120343264449792.000000 -0.209803075 -0.312870860 0.843213320 0.003274991 -0.565554738 -0.162263989 0.808583677
1662120343309450752.000000 -0.209760159 -0.315484315 0.851151943 0.002753467 -0.568502843 -0.165317312 0.805895269
1662120343351451648.000000 -0.207100868 -0.316153467 0.859222829 0.003839683 -0.572255015 -0.165539801 0.803184927
1662120343402452992.000000 -0.206601948 -0.316995859 0.869102359 0.005955881 -0.575528920 -0.167706698 0.800378382
1662120343447453696.000000 -0.206285864 -0.318759382 0.878764153 0.006476631 -0.578516960 -0.169788301 0.797776997
1662120343489454848.000000 -0.206139654 -0.318610638 0.883468926 0.008289586 -0.580334246 -0.171673194 0.796035111
1662120343534455552.000000 -0.206616223 -0.319867015 0.893361151 0.009146984 -0.582788289 -0.173310906 0.793875039
1662120343579456512.000000 -0.203473985 -0.324017882 0.904663801 0.006881570 -0.586174905 -0.174147978 0.791216850
1662120343618457600.000000 -0.202871948 -0.324139833 0.911432683 0.007878055 -0.587704122 -0.175083384 0.789865613
1662120343663458304.000000 -0.203146756 -0.324492246 0.917129517 0.008336116 -0.588716090 -0.176529482 0.788784683
1662120343711459328.000000 -0.201031476 -0.328083098 0.929923892 0.008749487 -0.591719449 -0.178559959 0.786071241
1662120343762460416.000000 -0.200778753 -0.327509135 0.932618380 0.009057628 -0.592325568 -0.178377807 0.785652459
1662120343801461504.000000 -0.199506402 -0.331045538 0.944485068 0.010046192 -0.593998551 -0.181790069 0.783592522
1662120343849462272.000000 -0.199246287 -0.331994951 0.953115463 0.010738848 -0.595228672 -0.182508901 0.782481968
1662120343891463168.000000 -0.197687089 -0.332393289 0.958970666 0.009636295 -0.596060574 -0.182806835 0.781793177
1662120343936464384.000000 -0.197857201 -0.334076941 0.969213724 0.009292147 -0.597396791 -0.183170751 0.780691504
1662120343978465024.000000 -0.197593987 -0.333644092 0.976002216 0.011659876 -0.597481787 -0.184286371 0.780332148
1662120344023465984.000000 -0.196763515 -0.337769538 0.983202755 0.011578430 -0.597519815 -0.185810953 0.779942513
1662120344062466816.000000 -0.196809113 -0.340157688 0.986965418 0.010565577 -0.597232044 -0.186698198 0.779965460
1662120344107467776.000000 -0.196490288 -0.338296711 0.990978956 0.011975233 -0.597045600 -0.186305746 0.780181646
1662120344146468608.000000 -0.195442021 -0.340912759 1.000931144 0.012715987 -0.597100437 -0.187730208 0.779786408
1662120344188469760.000000 -0.195597410 -0.342233598 1.005886078 0.012371589 -0.596158206 -0.188486680 0.780330122
1662120344230470400.000000 -0.195445657 -0.342523426 1.007196546 0.012365650 -0.596431255 -0.188337147 0.780157685
1662120344275471360.000000 -0.194605887 -0.343407094 1.019947886 0.012758698 -0.594177365 -0.187903404 0.781973660
1662120344314472192.000000 -0.193539083 -0.343398184 1.022849321 0.013900866 -0.593401670 -0.187700868 0.782591641
1662120344356473088.000000 -0.194731236 -0.344325989 1.030207872 0.014503179 -0.591161489 -0.187837720 0.784241498
1662120344401474304.000000 -0.195449054 -0.344901085 1.033204436 0.014967909 -0.588638365 -0.188526422 0.785963595
1662120344443474944.000000 -0.196661592 -0.347582996 1.039929986 0.013986963 -0.587330759 -0.188945889 0.786858559
1662120344491475968.000000 -0.195473194 -0.347639382 1.045261860 0.014931244 -0.585275292 -0.187832594 0.788637400
1662120344533477120.000000 -0.196711242 -0.349329114 1.049635887 0.014910033 -0.582248271 -0.188279808 0.790768921
1662120344581477888.000000 -0.198195696 -0.350698203 1.053095937 0.014250887 -0.577800035 -0.189599544 0.793722987
1662120344620478976.000000 -0.197334290 -0.350294590 1.059788346 0.014644088 -0.576963007 -0.187915266 0.794724584
1662120344665479936.000000 -0.196592748 -0.351500779 1.064219594 0.014828303 -0.575601637 -0.187140778 0.795890272
1662120344713480704.000000 -0.196337223 -0.352339268 1.066170931 0.015436884 -0.573485494 -0.186281368 0.797606051
1662120344758481664.000000 -0.198297799 -0.350749671 1.071834922 0.018299218 -0.566703796 -0.186713964 0.802277923
1662120344800482816.000000 -0.198257864 -0.353474557 1.077816248 0.016077328 -0.563405454 -0.185265571 0.804979920
1662120344842483456.000000 -0.199280322 -0.353770375 1.079403281 0.016259208 -0.558853924 -0.184250847 0.808374763
1662120344884484608.000000 -0.200661272 -0.353501379 1.081786990 0.016841792 -0.556202710 -0.184812322 0.810061276
1662120344926485248.000000 -0.202341378 -0.356247276 1.089176416 0.015716981 -0.551922262 -0.183324322 0.813343108
1662120344968486400.000000 -0.202649802 -0.357867867 1.092903137 0.014982364 -0.548327982 -0.182167843 0.816043437
1662120345010487040.000000 -0.204096615 -0.360423774 1.096388102 0.013337896 -0.543421388 -0.181215271 0.819558680
1662120345055488000.000000 -0.204089701 -0.358195871 1.100583673 0.015775818 -0.538616836 -0.178416461 0.823292553
1662120345100489216.000000 -0.205632895 -0.358610690 1.105524063 0.015801800 -0.533788741 -0.176799640 0.826777875
1662120345145489920.000000 -0.208580881 -0.358968467 1.105882883 0.015947590 -0.526860118 -0.176687747 0.831231415
1662120345187490816.000000 -0.207428485 -0.362041891 1.108909726 0.013903102 -0.525065899 -0.175242499 0.832708061
1662120345229491712.000000 -0.210980922 -0.362776369 1.111123443 0.014103616 -0.517139673 -0.173573628 0.837997496
1662120345268492800.000000 -0.211907297 -0.363844931 1.114040852 0.014086130 -0.512129366 -0.172028407 0.841386557
1662120345310493440.000000 -0.212445140 -0.363041162 1.116106391 0.014159154 -0.510676920 -0.171192855 0.842437983
1662120345358494464.000000 -0.216885388 -0.363682210 1.116383910 0.013503863 -0.497532219 -0.168587223 0.850798309
1662120345397495552.000000 -0.220021814 -0.363570750 1.120483637 0.012564144 -0.491850287 -0.167131856 0.854395926
1662120345439496192.000000 -0.219070047 -0.363719672 1.124946237 0.012987066 -0.487202287 -0.163703442 0.857710004
1662120345484497408.000000 -0.219847769 -0.366226077 1.128141165 0.011535665 -0.481489539 -0.161712021 0.861326933
1662120345526498048.000000 -0.221858039 -0.364914685 1.126969814 0.012325515 -0.476859182 -0.160061285 0.864195526
1662120345568499200.000000 -0.224190310 -0.365951896 1.128702641 0.011747940 -0.467808008 -0.159008354 0.869329631
1662120345613500160.000000 -0.226060033 -0.367065668 1.131623268 0.011410156 -0.459735334 -0.155174732 0.874319255
1662120345655500800.000000 -0.229344591 -0.367580891 1.133870125 0.010197676 -0.452300340 -0.152710319 0.878635347
1662120345697501952.000000 -0.231169984 -0.367947847 1.134390593 0.010681109 -0.445164651 -0.150458217 0.882653236
1662120345736502528.000000 -0.232612550 -0.367539793 1.135842085 0.010000179 -0.438455522 -0.147144169 0.886569440
1662120345781503744.000000 -0.234535873 -0.368525177 1.138387322 0.008631490 -0.431992918 -0.146139979 0.889916182
1662120345826504448.000000 -0.234625608 -0.368077606 1.138973236 0.008963077 -0.430102348 -0.145573676 0.890920877
1662120345874505472.000000 -0.239313424 -0.369248003 1.139627457 0.007473678 -0.413859665 -0.139658660 0.899533153
1662120345919506432.000000 -0.239441365 -0.370105922 1.141822577 0.006678388 -0.409050405 -0.137818694 0.902019501
1662120345961507328.000000 -0.243442371 -0.368845463 1.140295386 0.007697124 -0.397126585 -0.133787647 0.907927394
1662120346006508288.000000 -0.244539097 -0.369513065 1.140644073 0.005936862 -0.393261790 -0.132039845 0.909876645
1662120346051509504.000000 -0.246682197 -0.370697618 1.142201543 0.004165653 -0.379932642 -0.129059821 0.915957153
1662120346096510464.000000 -0.248355284 -0.370722651 1.142946959 0.004541829 -0.379885405 -0.128755227 0.916017830
1662120346138511104.000000 -0.253975332 -0.371734321 1.144922853 0.002447662 -0.363428593 -0.122661397 0.923508465
1662120346180512256.000000 -0.255957335 -0.371851057 1.142545223 0.001496424 -0.355707914 -0.121459201 0.926670015
1662120346219512832.000000 -0.260599107 -0.371371895 1.142570138 0.000715951 -0.344199061 -0.118916951 0.931335211
1662120346264514048.000000 -0.262480676 -0.371104032 1.142051935 0.000863007 -0.338562310 -0.115534022 0.933823705
1662120346309514752.000000 -0.265634000 -0.371567845 1.142400265 -0.000418964 -0.325840205 -0.110811137 0.938908339
1662120346354515712.000000 -0.269417942 -0.372763395 1.141230941 -0.002069192 -0.315727115 -0.106972933 0.942798495
1662120346399516928.000000 -0.271239698 -0.372968197 1.140834808 -0.002739650 -0.308876723 -0.104513735 0.945338368
1662120346441517568.000000 -0.274248183 -0.372390419 1.140822291 -0.003690166 -0.298670858 -0.102616340 0.948816121
1662120346486518528.000000 -0.279139966 -0.372510374 1.140205860 -0.005241843 -0.286045492 -0.098648161 0.953110278
1662120346528519680.000000 -0.282666117 -0.373434216 1.139459848 -0.006648776 -0.276845366 -0.096172310 0.956066608
1662120346573520384.000000 -0.284435451 -0.373665512 1.138691664 -0.007745325 -0.267182320 -0.091110580 0.959297955
1662120346618521344.000000 -0.285857826 -0.374178827 1.137225151 -0.008245488 -0.263902694 -0.090386465 0.960269570
1662120346660522496.000000 -0.290969878 -0.374536306 1.138633251 -0.010071362 -0.251856416 -0.088629223 0.963645041
1662120346702523136.000000 -0.296460569 -0.373708963 1.134566307 -0.010599394 -0.237758309 -0.081770130 0.967818320
1662120346744524288.000000 -0.299635619 -0.373635322 1.135280371 -0.011916148 -0.229819790 -0.078067765 0.970023930
1662120346786524928.000000 -0.302605927 -0.373811007 1.133224607 -0.013312155 -0.219592988 -0.075619467 0.972565413
1662120346828526080.000000 -0.306617469 -0.374564350 1.133168817 -0.014860599 -0.211155295 -0.073405527 0.974579036
1662120346876526848.000000 -0.308892667 -0.375254691 1.132472277 -0.017008418 -0.202475652 -0.070165165 0.976622403
1662120346915527936.000000 -0.313059628 -0.374883443 1.132755518 -0.018090792 -0.193181321 -0.067058064 0.978701711
1662120346957528576.000000 -0.316675752 -0.374329686 1.130259514 -0.017506734 -0.186493278 -0.066248201 0.980063796
1662120347005529600.000000 -0.320949018 -0.374297172 1.128793001 -0.019685166 -0.173240036 -0.061074793 0.982787013
1662120347047530752.000000 -0.326869220 -0.374945134 1.126926541 -0.021276996 -0.163077801 -0.059928939 0.984561563
1662120347086531328.000000 -0.328463256 -0.374336869 1.125526309 -0.021013603 -0.156435192 -0.058162253 0.985750318
1662120347128532480.000000 -0.332126975 -0.374863863 1.125566363 -0.023345869 -0.148408830 -0.054712206 0.987135470
1662120347170533120.000000 -0.335960716 -0.375518888 1.123042583 -0.024838474 -0.139381617 -0.051520545 0.988585591
1662120347212534272.000000 -0.338840634 -0.374880731 1.121471047 -0.025571944 -0.130765259 -0.047638249 0.989937961
1662120347257534976.000000 -0.344326556 -0.375288010 1.120442629 -0.027418163 -0.120659053 -0.046625685 0.991219282
1662120347299535872.000000 -0.347067654 -0.375145257 1.119048595 -0.028310983 -0.112299778 -0.042746615 0.992350757
1662120347344537088.000000 -0.354548216 -0.375294328 1.118292928 -0.030372974 -0.102593921 -0.040222667 0.993445575
1662120347389537792.000000 -0.357259423 -0.375501662 1.117309332 -0.032724801 -0.094658121 -0.036839120 0.994289637
1662120347431538944.000000 -0.360653132 -0.375706404 1.116084695 -0.034227915 -0.087610483 -0.033669587 0.994997144
1662120347476539904.000000 -0.366020828 -0.376257062 1.113397598 -0.035499085 -0.077884547 -0.032244887 0.995808244
1662120347518540544.000000 -0.370834529 -0.376036286 1.112926602 -0.036892295 -0.070462890 -0.029488737 0.996395707
1662120347560541696.000000 -0.374513477 -0.376951307 1.111148953 -0.038293362 -0.063421234 -0.025638660 0.996922314
1662120347608542720.000000 -0.379699796 -0.376549155 1.109599113 -0.039882090 -0.055157624 -0.024031844 0.997391462
1662120347653543424.000000 -0.385679156 -0.375761181 1.107740521 -0.040519923 -0.046713460 -0.021454515 0.997855604
1662120347695544576.000000 -0.389071465 -0.375621766 1.107021213 -0.041643582 -0.039885223 -0.021751286 0.998099148
1662120347737545216.000000 -0.394379884 -0.375642329 1.105554938 -0.043275747 -0.033294540 -0.018682161 0.998333454
1662120347779546368.000000 -0.397297531 -0.376145959 1.105052471 -0.044360481 -0.027569471 -0.015592903 0.998513401
1662120347824547328.000000 -0.404240102 -0.376056731 1.103244066 -0.046172168 -0.019214921 -0.014388236 0.998645067
1662120347863548160.000000 -0.406081676 -0.376604170 1.102447033 -0.047625247 -0.015750848 -0.012618592 0.998661399
1662120347905548800.000000 -0.415243745 -0.376071006 1.100537896 -0.048340425 -0.005615595 -0.011177097 0.998752594
1662120347947549696.000000 -0.417781770 -0.376592666 1.099726796 -0.049570955 -0.002391109 -0.008735093 0.998729587
1662120347986550528.000000 -0.426172227 -0.376457840 1.098164082 -0.050824266 0.007110773 -0.006804890 0.998659134
1662120348031551488.000000 -0.430209100 -0.376861155 1.097314835 -0.052448206 0.012284090 -0.004531989 0.998537779
1662120348073552384.000000 -0.436725110 -0.376517773 1.096143723 -0.053676117 0.018800410 -0.004670012 0.998370469
1662120348118553344.000000 -0.441687167 -0.377042204 1.095142365 -0.055479612 0.024569770 -0.002281032 0.998154879
1662120348157554432.000000 -0.444955796 -0.377339661 1.094548225 -0.056468666 0.028065007 -0.000248945 0.998009861
1662120348202555136.000000 -0.452017665 -0.376594365 1.093702793 -0.056978513 0.033559818 0.001925476 0.997809350
1662120348244556288.000000 -0.458301961 -0.376875043 1.091855645 -0.057297785 0.038285039 0.003144346 0.997617841
1662120348289556992.000000 -0.461804450 -0.377383381 1.092276931 -0.059625685 0.042408485 0.006005600 0.997301519
1662120348331557888.000000 -0.466893762 -0.376962036 1.091116190 -0.059652239 0.046489924 0.007258031 0.997109711
1662120348376559104.000000 -0.465878427 -0.376779079 1.091598153 -0.059907727 0.045711968 0.007945745 0.997125030
1662120348421559808.000000 -0.482857078 -0.375209868 1.092502832 -0.061472852 0.055899251 0.011204978 0.996479213
1662120348460560896.000000 -0.488834858 -0.374284476 1.092294097 -0.061086457 0.059248574 0.013114759 0.996286213
1662120348502561536.000000 -0.493942857 -0.375218689 1.093166351 -0.064084783 0.062118687 0.012065131 0.995936215
1662120348544562688.000000 -0.500915229 -0.375687778 1.093839765 -0.065267704 0.065158598 0.013162500 0.995651186
1662120348589563648.000000 -0.507241309 -0.374271333 1.093895793 -0.065016560 0.067988157 0.015491083 0.995444953
1662120348637564416.000000 -0.513847172 -0.376144320 1.094934344 -0.067166880 0.070419326 0.016437517 0.995117843
1662120348679565312.000000 -0.520947695 -0.376436323 1.094888449 -0.068509787 0.072903261 0.017575895 0.994827926
1662120348718566144.000000 -0.524871528 -0.375888169 1.094824076 -0.068747535 0.074406557 0.016708508 0.994715154
1662120348760567296.000000 -0.532174885 -0.375697404 1.095551729 -0.069352187 0.076363526 0.018030129 0.994501829
1662120348802567936.000000 -0.537916243 -0.375718862 1.097001076 -0.069800928 0.077621728 0.020210734 0.994331062
1662120348841569024.000000 -0.543005049 -0.376838326 1.097842574 -0.071268052 0.078352131 0.021776604 0.994136631
1662120348880569600.000000 -0.549821794 -0.376658022 1.100025296 -0.071704075 0.079673484 0.022788331 0.993977547
1662120348922570752.000000 -0.555467308 -0.376713932 1.101267099 -0.072997048 0.080593914 0.022682495 0.993811667
1662120348964571392.000000 -0.562959433 -0.375632524 1.103449106 -0.072821073 0.081248447 0.024806814 0.993720472
1662120349009572608.000000 -0.570099652 -0.375607044 1.104280829 -0.073644578 0.081751823 0.025352066 0.993604779
1662120349057573632.000000 -0.577820241 -0.375345737 1.107173681 -0.073961817 0.082196534 0.025774125 0.993533671
1662120349102574336.000000 -0.584056914 -0.377005726 1.107838154 -0.076597512 0.082637087 0.024841692 0.993321180
1662120349144575232.000000 -0.591106951 -0.375835568 1.110596657 -0.075404018 0.082007162 0.026649885 0.993417740
1662120349186576128.000000 -0.598160744 -0.376515865 1.113954663 -0.075687356 0.082406946 0.028579647 0.993309498
1662120349231577088.000000 -0.606020212 -0.375873744 1.117047310 -0.075500429 0.082281038 0.029124048 0.993318319
1662120349273578240.000000 -0.609647036 -0.375446558 1.118137002 -0.075223744 0.081329636 0.029805152 0.993397534
1662120349318578944.000000 -0.620009124 -0.377428621 1.121692657 -0.077949859 0.080120347 0.028855685 0.993313611
1662120349363579904.000000 -0.620776653 -0.376112103 1.123043537 -0.077798113 0.080657527 0.028201528 0.993300855
1662120349402580736.000000 -0.633961856 -0.376394659 1.128156662 -0.076422013 0.077808417 0.031427957 0.993538022
1662120349444581632.000000 -0.641733885 -0.376308680 1.133813500 -0.076457240 0.075705022 0.032113053 0.993675947
1662120349489582848.000000 -0.650533557 -0.378030956 1.138003111 -0.078235343 0.075124048 0.031331353 0.993606627
1662120349531583488.000000 -0.654350817 -0.375871003 1.143028855 -0.078367986 0.072879933 0.031406410 0.993760884
1662120349573584640.000000 -0.652911484 -0.376629114 1.142674804 -0.079602577 0.071600370 0.031558741 0.993750989
1662120349612585216.000000 -0.668967187 -0.376024932 1.151355624 -0.077205047 0.067089818 0.032873470 0.994212091
1662120349651586048.000000 -0.675385773 -0.374450654 1.156300664 -0.076295666 0.065889701 0.031998411 0.994391084
1662120349696587008.000000 -0.682761133 -0.377557904 1.159521580 -0.080174372 0.063864440 0.031466857 0.994234979
1662120349738588160.000000 -0.689082086 -0.378547549 1.164154887 -0.079333760 0.060124200 0.032231912 0.994511127
1662120349780588800.000000 -0.695980787 -0.379240811 1.168825746 -0.078999169 0.057470102 0.033567581 0.994650483
1662120349822589952.000000 -0.705032825 -0.379045725 1.175236344 -0.079903938 0.055082567 0.031741437 0.994773209
1662120349864590592.000000 -0.709178686 -0.378374070 1.177476168 -0.080206908 0.052859627 0.030544680 0.994906902
1662120349906591744.000000 -0.718290150 -0.380269229 1.184868097 -0.080721214 0.048002578 0.031115819 0.995093822
1662120349948592384.000000 -0.724516630 -0.379961908 1.189931154 -0.079215623 0.045306351 0.031687733 0.995323122
1662120349990593536.000000 -0.730460942 -0.380626708 1.196291327 -0.079391517 0.040722188 0.033179689 0.995458603
1662120350032594176.000000 -0.738088608 -0.380772531 1.202594876 -0.080664404 0.037644006 0.032582909 0.995497167
1662120350077595136.000000 -0.743586123 -0.380855948 1.208037138 -0.077962302 0.032938082 0.034070220 0.995829463
1662120350122596352.000000 -0.750449300 -0.380742282 1.216155887 -0.077892527 0.027698297 0.034067746 0.995994508
1662120350164596992.000000 -0.757357538 -0.381450415 1.222804070 -0.077389754 0.023000328 0.033622254 0.996168375
1662120350209597952.000000 -0.763121843 -0.381032765 1.228943348 -0.079229273 0.018555287 0.032047778 0.996168375
1662120350251598848.000000 -0.769155264 -0.380724281 1.236130238 -0.076073632 0.012812293 0.032666583 0.996484637
1662120350293599744.000000 -0.774779260 -0.380239874 1.243162751 -0.074937768 0.008393141 0.033170611 0.996601045
1662120350338600960.000000 -0.782540381 -0.380873650 1.251856685 -0.074188672 0.003172618 0.033223215 0.996685624
1662120350380601600.000000 -0.788581133 -0.381348401 1.258235931 -0.073534407 -0.001121497 0.032811061 0.996752203
1662120350425602560.000000 -0.795256376 -0.381467491 1.266692877 -0.074901268 -0.007099310 0.031232510 0.996676505
1662120350467603456.000000 -0.801510096 -0.383367091 1.272996306 -0.074085303 -0.010392189 0.032106422 0.996680796
1662120350509604352.000000 -0.806926012 -0.382721007 1.281359196 -0.071873002 -0.016804876 0.031989664 0.996759057
1662120350551605504.000000 -0.812245846 -0.382825911 1.287784815 -0.071316041 -0.020880997 0.032322634 0.996711254
1662120350596606208.000000 -0.814310133 -0.382962286 1.290639758 -0.072564594 -0.022251088 0.031649314 0.996613145
1662120350638607360.000000 -0.824086070 -0.383896232 1.304556012 -0.070265956 -0.030695785 0.031925507 0.996544659
1662120350683608064.000000 -0.829878986 -0.384687304 1.313506484 -0.068886049 -0.036247481 0.031655695 0.996463120
1662120350728609024.000000 -0.835153699 -0.384737879 1.323049307 -0.067588151 -0.041645911 0.031986073 0.996330440
1662120350770610176.000000 -0.840820432 -0.386729658 1.329464674 -0.070599340 -0.045321375 0.030362090 0.996011972
1662120350812610816.000000 -0.846221030 -0.385791779 1.339740038 -0.067496948 -0.051726397 0.030122343 0.995922327
1662120350857611776.000000 -0.847480834 -0.386178672 1.341927886 -0.067246892 -0.052570526 0.030029982 0.995897830
1662120350902612992.000000 -0.856453419 -0.386446983 1.358599305 -0.063246362 -0.062286951 0.029321179 0.995620668
1662120350944613632.000000 -0.857716858 -0.386478990 1.361360669 -0.062526561 -0.064423606 0.029480550 0.995525479
1662120350986614784.000000 -0.860497713 -0.388376564 1.372182727 -0.065952770 -0.071382493 0.029344553 0.994833469
1662120351028615424.000000 -0.863825440 -0.388034403 1.379785299 -0.062709153 -0.077216737 0.027900560 0.994649053
1662120351067616512.000000 -0.872713864 -0.390936375 1.392249823 -0.061208859 -0.081404194 0.028466767 0.994392514
1662120351109617152.000000 -0.873434305 -0.389952809 1.396083474 -0.059106749 -0.084394529 0.027735448 0.994291067
1662120351151618304.000000 -0.882184982 -0.393524557 1.409253001 -0.057834633 -0.089779131 0.026946144 0.993915915
1662120351193618944.000000 -0.886520326 -0.396554977 1.418040156 -0.061026819 -0.094061591 0.025919676 0.993356109
1662120351235620096.000000 -0.885661483 -0.393482029 1.421932936 -0.060268626 -0.096605897 0.026149062 0.993152142
1662120351280620800.000000 -0.894593418 -0.395643383 1.439191818 -0.055217803 -0.103308409 0.026039837 0.992774069
1662120351325621760.000000 -0.895170569 -0.394736856 1.442785382 -0.054167017 -0.104891241 0.025741618 0.992673814
1662120351367622912.000000 -0.901378632 -0.395579904 1.458563328 -0.054607935 -0.111741133 0.024475271 0.991933882
1662120351409623552.000000 -0.903297842 -0.394601017 1.465364218 -0.049887903 -0.114980847 0.024390135 0.991814375
1662120351451624704.000000 -0.906506956 -0.394385904 1.477321863 -0.047126070 -0.119496092 0.024619926 0.991409957
1662120351496625408.000000 -0.907945037 -0.392823100 1.483145595 -0.044635281 -0.122520812 0.023892447 0.991173804
1662120351547626496.000000 -0.912130952 -0.397715807 1.500144720 -0.043166943 -0.127145335 0.023886437 0.990656435
1662120351589627392.000000 -0.914135516 -0.398619056 1.510322094 -0.044701204 -0.130694285 0.023414608 0.990137696
1662120351637628672.000000 -0.915158808 -0.400861472 1.517187357 -0.043989416 -0.132473528 0.023542352 0.989930034
1662120351679629312.000000 -0.915424109 -0.402814031 1.531815410 -0.039866067 -0.137512192 0.023669466 0.989414454
1662120351721630208.000000 -0.924171865 -0.397293895 1.542849779 -0.037100714 -0.138405815 0.022609059 0.989422202
1662120351766631424.000000 -0.927810848 -0.399059832 1.542664051 -0.037051827 -0.137540758 0.021819016 0.989562333
1662120351811632128.000000 -0.930120468 -0.401941121 1.564753175 -0.035487741 -0.142550170 0.021349071 0.988920867
1662120351856633088.000000 -0.928537071 -0.399277478 1.576804519 -0.035831355 -0.146199301 0.022314534 0.988354206
1662120351898634240.000000 -0.935308993 -0.405949563 1.584561825 -0.034424353 -0.145286813 0.020757653 0.988572598
1662120351940634880.000000 -0.937837481 -0.407165617 1.595525742 -0.033677250 -0.146977201 0.020406604 0.988355815
1662120351985636096.000000 -0.939336300 -0.409918666 1.606285453 -0.032452445 -0.147950515 0.019983165 0.988260210
1662120352027636736.000000 -0.941848516 -0.411221623 1.616616368 -0.030147927 -0.148775309 0.019089404 0.988227069
1662120352069637888.000000 -0.942056537 -0.411787152 1.619416475 -0.030464552 -0.149025425 0.019535447 0.988170922
1662120352111638528.000000 -0.946027756 -0.413408875 1.630656838 -0.030654646 -0.149095088 0.019135499 0.988162398
1662120352153639680.000000 -0.946643293 -0.416257352 1.650155425 -0.028260054 -0.150120705 0.019224171 0.988076746
1662120352195640320.000000 -0.949257016 -0.416327894 1.658671379 -0.024722962 -0.149561390 0.018784644 0.988264859
1662120352240641280.000000 -0.949233472 -0.418446124 1.673322678 -0.024601839 -0.149414837 0.019422073 0.988277674
1662120352285642496.000000 -0.949083984 -0.417906731 1.683861852 -0.026157755 -0.149674982 0.020382235 0.988179028
1662120352324643072.000000 -0.948487163 -0.417632431 1.693853378 -0.027775723 -0.149699882 0.021046828 0.988117158
1662120352366644224.000000 -0.950388849 -0.418606758 1.704301119 -0.021660592 -0.146896958 0.020021502 0.988711953
1662120352408644864.000000 -0.949181974 -0.419338167 1.718056798 -0.019221855 -0.146512330 0.020048959 0.988818884
1662120352447645952.000000 -0.947944880 -0.418414861 1.729166389 -0.016923862 -0.145671830 0.020810068 0.988969386
1662120352489646592.000000 -0.945400417 -0.420205414 1.738403082 -0.018266199 -0.145449519 0.021204185 0.988969803
1662120352534647808.000000 -0.941685557 -0.417671770 1.752328515 -0.013046411 -0.143591225 0.022496814 0.989295423
1662120352573648384.000000 -0.945932388 -0.422354907 1.762063384 -0.012273639 -0.139584035 0.021519950 0.989900291
1662120352621649408.000000 -0.944748521 -0.421028733 1.773724318 -0.009591487 -0.137124553 0.022119213 0.990260482
1662120352663650560.000000 -0.946861029 -0.425141454 1.784918666 -0.010380021 -0.132550225 0.022427080 0.990868211
1662120352705651200.000000 -0.947922647 -0.427551866 1.793986559 -0.013305953 -0.129879177 0.023563158 0.991160512
1662120352750652416.000000 -0.945960045 -0.427136362 1.807779193 -0.008663746 -0.125605330 0.024120184 0.991749227
1662120352795653120.000000 -0.941388965 -0.427041739 1.819958210 -0.005442697 -0.122120187 0.026761374 0.992139578
1662120352837654016.000000 -0.940458000 -0.429271340 1.831204534 -0.006030159 -0.118211672 0.026519503 0.992615938
1662120352882655232.000000 -0.940309465 -0.430304736 1.841878176 -0.008052268 -0.113199405 0.028099773 0.993142247
1662120352924655872.000000 -0.939061224 -0.433818817 1.855470300 -0.008719244 -0.107414879 0.029497741 0.993738353
1662120352972656896.000000 -0.934997380 -0.434574932 1.866561770 -0.005294280 -0.102166288 0.030976132 0.994270861
1662120353011657728.000000 -0.935077548 -0.435733408 1.872939348 -0.003659261 -0.098601453 0.030671975 0.994647503
1662120353053658624.000000 -0.934213996 -0.437836051 1.881411910 -0.002211763 -0.093665153 0.030328544 0.995139301
1662120353098659840.000000 -0.929915369 -0.439158291 1.899169683 -0.002871135 -0.084924959 0.033819679 0.995809078
1662120353143660544.000000 -0.927047014 -0.440664738 1.909035087 -0.002645359 -0.079642087 0.035898902 0.996173382
1662120353185661440.000000 -0.925158203 -0.441374123 1.921955943 0.001475971 -0.070285596 0.035767041 0.996884406
1662120353227662336.000000 -0.926252723 -0.440862715 1.930546045 0.003755670 -0.062127538 0.036664031 0.997387588
1662120353272663296.000000 -0.918969393 -0.444631100 1.944938779 0.004153354 -0.055621196 0.038892329 0.997685611
1662120353320664320.000000 -0.917441130 -0.445580035 1.955552936 0.004667504 -0.046652727 0.040767308 0.998068094
1662120353365665536.000000 -0.915505290 -0.447406501 1.967642188 0.000705619 -0.038634572 0.043622978 0.998300552
1662120353410666240.000000 -0.914002359 -0.447356194 1.978314281 0.004190220 -0.027597513 0.044037029 0.998639882
1662120353452667136.000000 -0.906196177 -0.452255577 1.990134239 0.004641178 -0.020199332 0.047271598 0.998667061
1662120353494668288.000000 -0.906103432 -0.452552408 1.990232944 0.004484794 -0.020055840 0.047355428 0.998666763
1662120353539668992.000000 -0.902122438 -0.452706486 2.002269268 0.006646080 -0.009782561 0.048564479 0.998750031
1662120353581670144.000000 -0.894311011 -0.453413904 2.020138025 0.008273104 0.006451183 0.052150346 0.998584211
1662120353632671232.000000 -0.889555156 -0.457056820 2.033972502 0.004659710 0.018872492 0.057183996 0.998174369
1662120353683672064.000000 -0.889138579 -0.456720799 2.038604736 0.006344270 0.023922443 0.057300672 0.998050213
1662120353725672960.000000 -0.879123509 -0.460802823 2.055910349 0.006955842 0.041496504 0.061509527 0.997219265
1662120353767673856.000000 -0.874120831 -0.461145550 2.064959049 0.008365396 0.051769253 0.063920163 0.996576250
1662120353812675072.000000 -0.871038914 -0.463506520 2.076020479 0.005336294 0.064705990 0.067536913 0.995602012
1662120353854675712.000000 -0.866917729 -0.463696390 2.085429907 0.007071318 0.076466627 0.070067659 0.994582057
1662120353902676736.000000 -0.862411678 -0.465658367 2.091585398 0.007383171 0.083558194 0.071712606 0.993891776
1662120353947677952.000000 -0.855039001 -0.465873241 2.104167700 0.010794541 0.101413980 0.074370436 0.992001951
1662120353992678656.000000 -0.851926982 -0.468447238 2.108880520 0.009621580 0.106355421 0.076886579 0.991304398
1662120354037679616.000000 -0.842292547 -0.468450606 2.124060392 0.007824418 0.126375929 0.083074398 0.988466740
1662120354079680768.000000 -0.836534500 -0.472221047 2.132433891 0.005511574 0.138979018 0.088007592 0.986361563
1662120354121681408.000000 -0.831636488 -0.473570675 2.139892340 0.008706876 0.152501643 0.090592459 0.984103918
1662120354166682368.000000 -0.831246078 -0.473347545 2.140504122 0.008926761 0.152710423 0.090319023 0.984094679
1662120354208683264.000000 -0.819351494 -0.476543337 2.158834219 0.011485877 0.179913849 0.095926709 0.978926539
1662120354250684160.000000 -0.814199626 -0.477291465 2.168023109 0.011749984 0.193591103 0.098323144 0.976072252
1662120354292685312.000000 -0.807391763 -0.480129987 2.175278425 0.009401697 0.206315055 0.103452764 0.972955942
1662120354334685952.000000 -0.802464068 -0.479637712 2.182073116 0.012517193 0.221030802 0.105398379 0.969474137
1662120354376687104.000000 -0.793809414 -0.482625276 2.191790819 0.012301622 0.235779285 0.109252200 0.965567589
1662120354418687744.000000 -0.788241982 -0.482358813 2.198938131 0.013469120 0.249611840 0.112499408 0.961694598
1662120354463688960.000000 -0.781215310 -0.484288454 2.207222462 0.010947582 0.264377773 0.117841154 0.957130134
1662120354505689600.000000 -0.775270939 -0.486253858 2.213715315 0.009903939 0.277965486 0.122442693 0.952704072
1662120354547690752.000000 -0.771511614 -0.487254649 2.219392776 0.011484746 0.288864344 0.122616731 0.949415922
1662120354592691712.000000 -0.763675153 -0.487301975 2.229018688 0.014847272 0.310104668 0.126936570 0.942073166
1662120354637692416.000000 -0.758947611 -0.490354359 2.230511189 0.012847274 0.314207107 0.129838780 0.940346122
1662120354682693376.000000 -0.748017550 -0.493409783 2.240994215 0.011999336 0.337047696 0.135410413 0.931621730
1662120354727694592.000000 -0.740612805 -0.491499573 2.246833086 0.013686540 0.353687733 0.139656797 0.924777627
1662120354775695616.000000 -0.731861532 -0.492718697 2.252971172 0.014317429 0.369688272 0.143564999 0.917886019
1662120354817696256.000000 -0.725866854 -0.495319366 2.257103443 0.012442953 0.379257917 0.147017375 0.913451970
1662120354859697408.000000 -0.718366265 -0.496490270 2.262289524 0.013380659 0.395053744 0.150604278 0.906130195
1662120354901698048.000000 -0.709303200 -0.498858303 2.269020081 0.010657433 0.410051167 0.155832753 0.898588121
1662120354940699136.000000 -0.704286218 -0.497832835 2.273771763 0.010625138 0.423489243 0.160386056 0.891526997
1662120354982699776.000000 -0.696754336 -0.500604868 2.278612614 0.011277335 0.438255668 0.162776679 0.883916616
1662120355024700928.000000 -0.690360308 -0.501869559 2.282533169 0.010786778 0.450920224 0.165834278 0.876957059
1662120355066701568.000000 -0.683776975 -0.503264964 2.286798716 0.010101091 0.463353634 0.168819904 0.869885802
1662120355114702592.000000 -0.679799438 -0.503691792 2.289816141 0.008950314 0.473288029 0.171196535 0.864066064
1662120355162703872.000000 -0.668868184 -0.505496204 2.298513412 0.010867910 0.501674294 0.176841184 0.846718431
1662120355210704896.000000 -0.662965298 -0.503255427 2.303037167 0.013160061 0.515951335 0.179906964 0.837409377
1662120355249705472.000000 -0.654190779 -0.505867720 2.306363821 0.011172814 0.529463947 0.184196874 0.828018486
1662120355297706496.000000 -0.648725986 -0.507958233 2.309287786 0.009565503 0.539894104 0.186515167 0.820752740
1662120355336707328.000000 -0.645326614 -0.508340120 2.311805010 0.007808897 0.547352076 0.189570993 0.815112054
1662120355378708480.000000 -0.632569194 -0.507444203 2.315966845 0.010946161 0.569727123 0.194853589 0.798325360
1662120355420709120.000000 -0.627803445 -0.506863534 2.316125870 0.012255888 0.575610816 0.197396725 0.793445945
1662120355459710208.000000 -0.620637417 -0.507723153 2.322099209 0.012351638 0.594513595 0.199408069 0.778869331
1662120355504710912.000000 -0.613892317 -0.508672357 2.324665308 0.011922286 0.608347476 0.202922910 0.767198503
1662120355555712000.000000 -0.606188059 -0.509051204 2.326665401 0.012927064 0.622607648 0.206264585 0.754750013
1662120355600712960.000000 -0.599639654 -0.510000408 2.328954458 0.012841532 0.636956215 0.208125114 0.742162943
1662120355648713984.000000 -0.591095686 -0.510580063 2.331774235 0.013306453 0.648284733 0.212383449 0.731056154
1662120355690715136.000000 -0.590641737 -0.510222197 2.331779957 0.013782204 0.649911582 0.212648973 0.729524136
1662120355732715776.000000 -0.578291893 -0.511819243 2.334329128 0.011021203 0.670341909 0.219642580 0.708715320
1662120355777716992.000000 -0.572053432 -0.512236357 2.335439682 0.013249940 0.684376657 0.220874608 0.694742739
1662120355819717632.000000 -0.564041138 -0.513892949 2.337602615 0.011805709 0.695369840 0.223768920 0.682824194
1662120355861718528.000000 -0.558476925 -0.513733029 2.340619087 0.013565748 0.706802964 0.226045534 0.670185864
1662120355903719424.000000 -0.551096439 -0.514223695 2.341107368 0.010527338 0.715748072 0.228922188 0.659688234
1662120355945720320.000000 -0.544248104 -0.514795899 2.342316628 0.011323318 0.726997316 0.231676385 0.646276176
1662120355987721216.000000 -0.538563967 -0.514929891 2.342986584 0.012448464 0.736319363 0.233260185 0.635034263
1662120356029722112.000000 -0.532896996 -0.515548229 2.343292236 0.012594611 0.745162785 0.235751197 0.623694837
1662120356077723392.000000 -0.526261568 -0.515627146 2.344195366 0.012834578 0.756335914 0.237944260 0.609240353
1662120356122724352.000000 -0.521934986 -0.515985668 2.343916893 0.011683158 0.762276709 0.240370661 0.600849152
1662120356161724928.000000 -0.514086246 -0.517112613 2.343961716 0.012588629 0.774061382 0.241867602 0.584953547
1662120356203725824.000000 -0.511516571 -0.516361296 2.343955517 0.014267206 0.779066503 0.242447630 0.577988744
1662120356245726720.000000 -0.503635645 -0.517428935 2.343383789 0.015057125 0.791601956 0.244974524 0.559577703
1662120356290727936.000000 -0.496963978 -0.517726421 2.342986107 0.014495448 0.800003171 0.247487664 0.546383262
1662120356338728960.000000 -0.491559029 -0.517928243 2.342053652 0.016051620 0.807469785 0.248812929 0.534628034
1662120356383729664.000000 -0.486176729 -0.519093633 2.341536760 0.016496459 0.814761996 0.250043213 0.522847235
1662120356428730624.000000 -0.479249239 -0.520190835 2.340009212 0.015394663 0.822335899 0.251578450 0.510132313
1662120356470731776.000000 -0.472674370 -0.519729972 2.340016603 0.013819181 0.828927696 0.254106671 0.498114139
1662120356518732544.000000 -0.467331171 -0.520902753 2.337433338 0.015014704 0.835608482 0.255761355 0.485920966
1662120356560733440.000000 -0.462970018 -0.521219969 2.337101936 0.015659971 0.840861917 0.256055713 0.476593673
1662120356605734656.000000 -0.456693172 -0.521547198 2.335506201 0.016080370 0.847932875 0.256750703 0.463498056
1662120356647735296.000000 -0.451152802 -0.522597015 2.333153248 0.015785228 0.853437483 0.258406132 0.452351332
1662120356689736448.000000 -0.446409464 -0.523207963 2.331573009 0.015559104 0.858476043 0.259750843 0.441934705
1662120356731737088.000000 -0.444190264 -0.523566127 2.330606937 0.016604407 0.861245453 0.259658575 0.436529458
1662120356773738240.000000 -0.436549902 -0.523788512 2.328321934 0.016877351 0.869028091 0.259577692 0.420861959
1662120356815738880.000000 -0.432804346 -0.525029778 2.325398207 0.016872970 0.872400403 0.260796130 0.413059682
1662120356857740032.000000 -0.427625895 -0.525487900 2.322893620 0.017053785 0.877046645 0.262273908 0.402132869
1662120356896740608.000000 -0.423498154 -0.525837064 2.319261551 0.018231772 0.880320609 0.263178855 0.394258916
1662120356944741632.000000 -0.415544271 -0.528077781 2.327543020 0.014993349 0.886902213 0.258926392 0.382278502
1662120356986742784.000000 -0.410973549 -0.527845502 2.326694250 0.015521027 0.890037060 0.258994788 0.374853164
1662120357025743360.000000 -0.408722401 -0.525719166 2.315021515 0.016231563 0.891506851 0.263322771 0.368257046
1662120357070744576.000000 -0.401078939 -0.529141366 2.313520432 0.015876886 0.896173835 0.263728082 0.356465966
1662120357109745152.000000 -0.399286747 -0.527562141 2.309942961 0.017025396 0.898420334 0.262753218 0.351442367
1662120357154746368.000000 -0.393577337 -0.528627753 2.306384325 0.016593706 0.901632130 0.263135731 0.342846572
1662120357196747008.000000 -0.389630079 -0.528555334 2.301172256 0.016604390 0.903571308 0.265918791 0.335515201
1662120357241747968.000000 -0.388297319 -0.528234124 2.299763203 0.016456246 0.904466510 0.264716029 0.334058344
1662120357277748736.000000 -0.382345438 -0.528352678 2.294597387 0.018071484 0.909029424 0.263249815 0.322549909
1662120357319749888.000000 -0.375365973 -0.529982507 2.291865349 0.016142137 0.911599576 0.263380975 0.315208077
1662120357361750528.000000 -0.371719480 -0.529118001 2.289756536 0.015729226 0.914013028 0.261942297 0.309384942
1662120357406751744.000000 -0.365654349 -0.529494822 2.284565926 0.015724482 0.915756583 0.263896376 0.302492023
1662120357454752768.000000 -0.363858461 -0.528661072 2.277486324 0.016948733 0.917016625 0.263929099 0.298554420
1662120357499753472.000000 -0.360121608 -0.528606832 2.271581650 0.016963078 0.918262839 0.263934314 0.294693828
1662120357541754368.000000 -0.353865504 -0.529506803 2.271553516 0.015526930 0.920789540 0.262163669 0.288402259
1662120357586755584.000000 -0.351903319 -0.527689278 2.262232304 0.016025878 0.921126604 0.264245629 0.285382807
1662120357625756160.000000 -0.347813964 -0.528907478 2.261046886 0.016022557 0.922916353 0.262607068 0.281080753
1662120357664756992.000000 -0.341236591 -0.529967070 2.257727623 0.014710636 0.924507141 0.261361778 0.277056277
1662120357712758016.000000 -0.335110784 -0.530047715 2.256549358 0.013979372 0.926526606 0.259866208 0.271703273
1662120357754759168.000000 -0.333222389 -0.530262768 2.247517586 0.013790582 0.926062346 0.262176454 0.271075338
1662120357793759744.000000 -0.328535914 -0.532486200 2.244898796 0.012578932 0.927415013 0.260658562 0.267955780
1662120357835760896.000000 -0.329642296 -0.530865610 2.240124226 0.014132932 0.927420318 0.260046363 0.268454254
1662120357880761600.000000 -0.324512005 -0.530055821 2.230993748 0.014215982 0.928310812 0.259539694 0.265849710
1662120357925762560.000000 -0.319910049 -0.530251086 2.224717140 0.014018515 0.929231942 0.257836729 0.264294714
1662120357973763584.000000 -0.317734361 -0.532171488 2.222975254 0.013826827 0.929697871 0.257834136 0.262663901
1662120358015764480.000000 -0.311916232 -0.531696677 2.214371204 0.013089512 0.930307806 0.255920976 0.262412935
1662120358060765440.000000 -0.307627439 -0.532725215 2.207880974 0.012887637 0.930312097 0.256575972 0.261767477
1662120358102766592.000000 -0.304916620 -0.531227231 2.202564716 0.012529099 0.930671453 0.254389614 0.262639701
1662120358147767296.000000 -0.302837491 -0.531354427 2.195777655 0.013230275 0.930335760 0.255038053 0.263165414
1662120358195768320.000000 -0.298656702 -0.531279087 2.189303875 0.011982302 0.930356979 0.253503472 0.264628589
1662120358237769472.000000 -0.296977401 -0.530217767 2.184947491 0.012134914 0.929457188 0.255032629 0.266309053
1662120358285770496.000000 -0.291906595 -0.531690359 2.175859928 0.011691933 0.929953694 0.252007902 0.267472416
1662120358327771136.000000 -0.289983869 -0.530498683 2.170331001 0.011683804 0.929907739 0.250071019 0.269443214
1662120358375772160.000000 -0.288216472 -0.532219231 2.163766146 0.010927204 0.929146528 0.249724016 0.272406548
1662120358417773312.000000 -0.284173250 -0.531126380 2.161372185 0.009474522 0.928593874 0.249393389 0.274639159
1662120358459773952.000000 -0.280130029 -0.529790163 2.152225971 0.009472312 0.928269029 0.247338995 0.277579397
1662120358501775104.000000 -0.275501728 -0.529622793 2.145182848 0.007888280 0.927653730 0.245824680 0.281010002
1662120358543775744.000000 -0.274205327 -0.531990647 2.142566204 0.007491327 0.927396119 0.245635137 0.282035083
1662120358591776768.000000 -0.271037936 -0.535022616 2.125793934 0.007672003 0.924556017 0.249025330 0.288311929
1662120358636777984.000000 -0.270698547 -0.533447027 2.128873348 0.007417820 0.925264180 0.244750381 0.289703995
1662120358678778624.000000 -0.269897699 -0.532857180 2.117215633 0.007538069 0.923218846 0.243517578 0.297168940
1662120358726779648.000000 -0.269515634 -0.532122850 2.117112637 0.007289120 0.923488021 0.242622077 0.297071248
1662120358771780608.000000 -0.263303757 -0.531415224 2.102224827 0.006214738 0.919516444 0.242825553 0.309009075
1662120358813781504.000000 -0.260229588 -0.532871842 2.097782612 0.004673268 0.918774009 0.240074590 0.313363522
1662120358852782592.000000 -0.259883165 -0.533736885 2.089465857 0.004378359 0.917059302 0.239020914 0.319142789
1662120358894783232.000000 -0.256068468 -0.533434629 2.080685139 0.003482887 0.915162027 0.238319367 0.325069517
1662120358933784320.000000 -0.254020214 -0.532743454 2.073290586 0.002689664 0.913964689 0.235586584 0.330394328
1662120358975784960.000000 -0.253896475 -0.533277392 2.067075253 0.002321402 0.912279248 0.235877290 0.334818035
1662120359020785920.000000 -0.249948740 -0.534206569 2.060142279 0.000327831 0.910101652 0.232648447 0.342913419
1662120359065787136.000000 -0.247944117 -0.532777965 2.052679539 -0.000846734 0.908083856 0.230243161 0.349815875
1662120359107787776.000000 -0.245925665 -0.536428332 2.045510769 -0.000410304 0.905073583 0.233042940 0.355714202
1662120359158788864.000000 -0.244392872 -0.534218490 2.036916256 -0.001688790 0.902366579 0.229744971 0.364621848
1662120359200790016.000000 -0.242717505 -0.536141276 2.029497147 -0.003214601 0.899731994 0.227481946 0.372456729
1662120359242790656.000000 -0.241209030 -0.533941388 2.024538994 -0.003881135 0.898066342 0.225867599 0.377419859
1662120359284791808.000000 -0.240632057 -0.534176826 2.014359474 -0.003344845 0.894076109 0.227689430 0.385712773
1662120359326792448.000000 -0.239603519 -0.532377243 2.005036354 -0.005297932 0.890519679 0.225180984 0.395272374
1662120359368793600.000000 -0.238739491 -0.529883146 1.997380972 -0.005767721 0.887703538 0.222040191 0.403295606
1662120359407794176.000000 -0.236885786 -0.530465245 1.991768479 -0.006011991 0.885577083 0.221545696 0.408208996
1662120359452795392.000000 -0.234580040 -0.527337968 1.982862949 -0.006492427 0.881586730 0.220141634 0.417493045
1662120359494796032.000000 -0.233232975 -0.530732512 1.974374294 -0.007740811 0.877490580 0.222210452 0.424938768
1662120359539796992.000000 -0.231649160 -0.534548104 1.971256971 -0.010115330 0.875261188 0.218053415 0.431588054
1662120359581798144.000000 -0.230327845 -0.533732414 1.963488221 -0.010557911 0.871837854 0.216846511 0.439050019
1662120359623798784.000000 -0.229535818 -0.533865631 1.961644292 -0.013042083 0.869235814 0.212945655 0.445996910
1662120359671799808.000000 -0.227728128 -0.535115182 1.946408868 -0.012288091 0.863177061 0.216764405 0.455837250
1662120359713800960.000000 -0.225200176 -0.536614895 1.938135982 -0.014553601 0.858914256 0.215044245 0.464554161
1662120359755801600.000000 -0.225802898 -0.536469936 1.933458328 -0.015308171 0.855583072 0.213069320 0.471534431
1662120359803802624.000000 -0.224589825 -0.535769999 1.925247550 -0.016270248 0.851114511 0.211558491 0.480189919
1662120359845803776.000000 -0.225647211 -0.535597205 1.922236681 -0.016533306 0.849142194 0.210850149 0.483969420
1662120359887804416.000000 -0.222911358 -0.535392642 1.907594323 -0.017464614 0.841274142 0.211468697 0.497226179
1662120359926805248.000000 -0.223189354 -0.534351945 1.903033614 -0.019435152 0.837627769 0.207015902 0.505120158
1662120359971806208.000000 -0.221847534 -0.536153972 1.894782662 -0.021000247 0.833103538 0.206352070 0.512753785
1662120360013807360.000000 -0.220952511 -0.536879659 1.888028026 -0.022133969 0.828781307 0.205296770 0.520081758
1662120360064808448.000000 -0.219876766 -0.535079777 1.876408100 -0.022381982 0.822198749 0.204949453 0.530550659
1662120360106809088.000000 -0.219281912 -0.533668041 1.869610906 -0.023252595 0.817447960 0.203080654 0.538513243
1662120360148810240.000000 -0.219466925 -0.534199595 1.862566113 -0.024806624 0.813068867 0.201230168 0.545719743
1662120360190810880.000000 -0.218628883 -0.534502804 1.854315281 -0.025410200 0.808076322 0.201430768 0.552985311
1662120360232812032.000000 -0.218140364 -0.533216357 1.846200705 -0.025831405 0.802549899 0.201402798 0.560966432
1662120360274812672.000000 -0.217502594 -0.532999158 1.839634895 -0.027801909 0.798122227 0.198594972 0.568144381
1662120360316813824.000000 -0.216918945 -0.531143785 1.830703735 -0.028913358 0.792798817 0.197170913 0.575984180
1662120360361814784.000000 -0.216383696 -0.530530751 1.826677084 -0.030268287 0.788966119 0.195783600 0.581622839
1662120360403815424.000000 -0.215270281 -0.530311584 1.817621708 -0.028993152 0.782545745 0.197700009 0.589657843
1662120360445816576.000000 -0.214585066 -0.530119002 1.810597539 -0.030253408 0.777978241 0.196077228 0.596144617
1662120360487817216.000000 -0.215204954 -0.529044986 1.804905653 -0.031187104 0.774131179 0.194104150 0.601724088
1662120360529818368.000000 -0.213770628 -0.528414369 1.796378613 -0.032148760 0.768372715 0.193720356 0.609132349
1662120360571819008.000000 -0.213290215 -0.527021587 1.790231586 -0.033498738 0.763670444 0.191563308 0.615620732
1662120360613820160.000000 -0.212574959 -0.527585328 1.783892870 -0.034806035 0.759260297 0.191036254 0.621142089
1662120360658820864.000000 -0.212159157 -0.525497735 1.773386955 -0.036066458 0.753234267 0.189220250 0.628914177
1662120360703821824.000000 -0.211523771 -0.525360882 1.767299056 -0.037733134 0.748537779 0.188606888 0.634582460
1662120360748823040.000000 -0.211532593 -0.523721337 1.761310697 -0.035981823 0.744445324 0.189394712 0.639246523
1662120360787823616.000000 -0.211519957 -0.523069501 1.754690409 -0.037456755 0.740961254 0.187530339 0.643743694
1662120360829824768.000000 -0.210941553 -0.520430565 1.746735811 -0.037895713 0.735412419 0.185305089 0.650687754
1662120360877825792.000000 -0.209575891 -0.521190643 1.738900900 -0.039854091 0.730275154 0.185166925 0.656371236
1662120360919826432.000000 -0.209099174 -0.521320403 1.735072374 -0.040819060 0.727177858 0.185836971 0.659553528
1662120360964827648.000000 -0.209755421 -0.518909335 1.723425746 -0.041016903 0.721585631 0.183469549 0.666311264
1662120361009828608.000000 -0.208621502 -0.518229961 1.719595313 -0.042289089 0.719066083 0.183054626 0.669063985
1662120361054829312.000000 -0.207907438 -0.516657710 1.714152098 -0.043804593 0.715064228 0.181035697 0.673788071
1662120361105830400.000000 -0.209331274 -0.515695751 1.701417804 -0.043188643 0.709167838 0.181162089 0.679997087
1662120361150831360.000000 -0.208509326 -0.514640331 1.697730303 -0.044902805 0.706653833 0.179915726 0.682828307
1662120361189832192.000000 -0.204803824 -0.514564514 1.699564695 -0.046755858 0.705178976 0.179302394 0.684388220
1662120361231833344.000000 -0.207504630 -0.512229025 1.684796810 -0.045285534 0.700714707 0.179065540 0.689118028
1662120361276834304.000000 -0.205589294 -0.511963964 1.679796696 -0.046805494 0.697326243 0.179472372 0.692340374
1662120361318834944.000000 -0.204275131 -0.510721028 1.670332432 -0.047163595 0.693931878 0.179013893 0.695836306
1662120361360836096.000000 -0.203240395 -0.510348916 1.667907238 -0.047385607 0.692643285 0.178969055 0.697115481
1662120361408837120.000000 -0.200515747 -0.509243131 1.656784773 -0.048006929 0.687933266 0.179481760 0.701590717
1662120361450837760.000000 -0.199319601 -0.507656813 1.653962374 -0.049741730 0.686594427 0.177443579 0.703297794
1662120361489838592.000000 -0.197725177 -0.507158995 1.650278330 -0.050176047 0.685059309 0.177283406 0.704802632
1662120361531839488.000000 -0.198532939 -0.505956054 1.649283648 -0.051309984 0.684938014 0.176590055 0.705012918
1662120361573840384.000000 -0.198259711 -0.504745066 1.647323966 -0.052390508 0.684068024 0.174970284 0.706180990
1662120361615841280.000000 -0.195995927 -0.505002379 1.642864466 -0.051593658 0.682761133 0.177192897 0.706949830
1662120361660842496.000000 -0.195130348 -0.504109621 1.641082168 -0.052815288 0.682335377 0.176189929 0.707521200
1662120361702843136.000000 -0.193773746 -0.503488362 1.640782595 -0.053921476 0.683089733 0.174667180 0.707087159
1662120361747844096.000000 -0.193987012 -0.502392650 1.641267419 -0.054533843 0.683969676 0.173442855 0.706490815
1662120361786844928.000000 -0.193069696 -0.503252506 1.641415715 -0.054953933 0.684606314 0.173391968 0.705853760
1662120361831845888.000000 -0.190848589 -0.503732502 1.640242696 -0.055910584 0.685428083 0.175209045 0.704531252
1662120361876847104.000000 -0.188279867 -0.501170337 1.637380004 -0.057889748 0.685916364 0.171675086 0.704766154
1662120361918847744.000000 -0.186739445 -0.498543918 1.635741353 -0.060105130 0.686311305 0.168626234 0.704932272
1662120361963848704.000000 -0.183152795 -0.500326633 1.634958625 -0.059089307 0.688641906 0.172101066 0.701898932
1662120362008849920.000000 -0.179635882 -0.502617598 1.633756518 -0.058435477 0.688349724 0.176391616 0.701174736
1662120362053850624.000000 -0.176585555 -0.502393126 1.637040138 -0.060479116 0.693219602 0.176693410 0.696109474
1662120362092851712.000000 -0.174538374 -0.500873566 1.635094285 -0.060603622 0.694069624 0.175699458 0.695502996
1662120362137852416.000000 -0.167926192 -0.499496907 1.627302527 -0.063751370 0.694513857 0.173059717 0.695439935
1662120362179853312.000000 -0.165583849 -0.500932872 1.628238320 -0.065039277 0.697502434 0.174338087 0.692001879
1662120362224854528.000000 -0.168209076 -0.501461983 1.629605055 -0.064625397 0.701246738 0.173646495 0.688421071
1662120362266855168.000000 -0.165459514 -0.502069116 1.631364465 -0.063688248 0.706174672 0.175798178 0.682902694
1662120362308856320.000000 -0.165592313 -0.502442002 1.630900860 -0.066704571 0.709615529 0.173241794 0.679693758
1662120362347856896.000000 -0.165657163 -0.501913011 1.629726768 -0.067280896 0.711775839 0.173584998 0.677286327
1662120362389858048.000000 -0.166343570 -0.502698123 1.631903768 -0.065833233 0.716123044 0.176176414 0.672157466
1662120362428858880.000000 -0.159497738 -0.500963867 1.626813293 -0.066189326 0.719346046 0.176671147 0.668541431
1662120362470859520.000000 -0.158440828 -0.500426352 1.627397776 -0.067393988 0.724843919 0.174631953 0.662995577
1662120362515860480.000000 -0.156752706 -0.500183761 1.628460050 -0.066777773 0.728704751 0.175345153 0.658622980
1662120362554861312.000000 -0.154953957 -0.500707269 1.629109144 -0.068973869 0.733844578 0.177066624 0.652197957
1662120362596862208.000000 -0.153290987 -0.500264585 1.629291296 -0.067995869 0.737531424 0.177599534 0.647983313
1662120362641863424.000000 -0.152276754 -0.500420034 1.629996061 -0.068882741 0.742624283 0.177739769 0.642007053
1662120362680864000.000000 -0.150179863 -0.499488652 1.631372690 -0.069744825 0.747469306 0.175846905 0.636791348
1662120362725865216.000000 -0.147411346 -0.499542445 1.631619930 -0.068401664 0.754395843 0.178871468 0.627864003
1662120362767865856.000000 -0.145067334 -0.500814795 1.631376982 -0.067646205 0.758673847 0.184419006 0.621150255
1662120362815866880.000000 -0.143349648 -0.500363767 1.632319212 -0.067697138 0.764464498 0.183810607 0.614186287
1662120362857868032.000000 -0.140817165 -0.499304771 1.631657720 -0.069390267 0.770019710 0.181125432 0.607822537
1662120362905869056.000000 -0.138597488 -0.499523908 1.632146358 -0.067583002 0.775806427 0.183735386 0.599831939
1662120362947869696.000000 -0.136410952 -0.499000788 1.631749630 -0.065810509 0.781186521 0.182349324 0.593435228
1662120362995870720.000000 -0.134334803 -0.497992694 1.633724809 -0.069321267 0.788284779 0.178724349 0.584687352
1662120363037871872.000000 -0.132143021 -0.497689128 1.633401752 -0.070806943 0.793591201 0.178316385 0.577410400
1662120363082872576.000000 -0.129047871 -0.497540772 1.632835388 -0.069333419 0.800468385 0.180835545 0.567222893
1662120363124873728.000000 -0.126898766 -0.497793674 1.633503914 -0.069219925 0.805563509 0.182914659 0.559301615
1662120363166874368.000000 -0.124586821 -0.497736871 1.632954597 -0.067537315 0.810785353 0.184506789 0.551382959
1662120363208875520.000000 -0.122192621 -0.496778458 1.634248495 -0.067304499 0.817740738 0.181153715 0.542174816
1662120363247876096.000000 -0.119501829 -0.495769352 1.632644892 -0.068958491 0.824303091 0.178553686 0.532811165
1662120363289877248.000000 -0.117513180 -0.496332705 1.632836580 -0.068228491 0.827449977 0.181198835 0.527103782
1662120363331877888.000000 -0.114590645 -0.496373594 1.631193638 -0.068647787 0.833828986 0.183927372 0.515933692
1662120363373879040.000000 -0.110760927 -0.495405257 1.627325535 -0.067786887 0.839799166 0.182467222 0.506801844
1662120363415879680.000000 -0.106859922 -0.495025814 1.621015310 -0.067477889 0.844812214 0.183752581 0.497969955
1662120363454880768.000000 -0.104218483 -0.494511694 1.618931293 -0.067000903 0.849763930 0.183847144 0.489502221
1662120363499881472.000000 -0.101128340 -0.494192183 1.613323927 -0.067924693 0.854936302 0.185253456 0.479740858
1662120363544882432.000000 -0.097766876 -0.494283259 1.606602550 -0.066624656 0.860127032 0.187059745 0.469841778
1662120363589883648.000000 -0.094935417 -0.493608415 1.601031780 -0.067358255 0.865640819 0.187597454 0.459277749
1662120363634884352.000000 -0.092534304 -0.492845029 1.596099019 -0.066090114 0.871038079 0.186826348 0.449467152
1662120363676885248.000000 -0.090960979 -0.492443562 1.592700362 -0.065112904 0.874969840 0.187078550 0.441802859
1662120363718886144.000000 -0.088605046 -0.491748869 1.586814404 -0.064416528 0.878047645 0.190534800 0.434257209
1662120363760887040.000000 -0.087281466 -0.491161168 1.583971977 -0.063030690 0.882595479 0.189189240 0.425746292
1662120363802888192.000000 -0.084197044 -0.490060449 1.574406981 -0.061753377 0.887898803 0.190937594 0.413962632
1662120363847888896.000000 -0.081980824 -0.489181280 1.571591973 -0.061706778 0.892220259 0.190440863 0.404805720
1662120363886889984.000000 -0.079449415 -0.488210678 1.566142797 -0.060612667 0.895018101 0.193590730 0.397229522
1662120363928890624.000000 -0.075480819 -0.487624884 1.558251500 -0.059103534 0.902495146 0.193458930 0.380240619
1662120363973891840.000000 -0.072546601 -0.487040341 1.553238034 -0.057450451 0.907321572 0.194738105 0.368163228
1662120364018892800.000000 -0.069923759 -0.485768437 1.547232151 -0.055990987 0.911854446 0.194711760 0.357034773
1662120364060893440.000000 -0.067264915 -0.483362019 1.541656256 -0.054548565 0.916325152 0.195420340 0.345229834
1662120364102894592.000000 -0.064120889 -0.483429670 1.537186146 -0.054429289 0.920019329 0.198860586 0.333251268
1662120364147895296.000000 -0.062081099 -0.482873410 1.533108473 -0.052881315 0.924048245 0.200525805 0.321135223
1662120364192896256.000000 -0.061311603 -0.482233047 1.528965235 -0.052211937 0.926508904 0.199320376 0.314843714
1662120364231897088.000000 -0.059231520 -0.481542110 1.524161220 -0.049498435 0.931883633 0.199100405 0.299168646
1662120364273898240.000000 -0.055658579 -0.480012089 1.518384814 -0.048566904 0.935095131 0.199611872 0.288779259
1662120364315898880.000000 -0.054647565 -0.479413211 1.511440039 -0.046353582 0.938455403 0.203211382 0.275423259
1662120364360899840.000000 -0.053473473 -0.479086846 1.512210608 -0.047055878 0.940039515 0.201201439 0.271347582
1662120364405901056.000000 -0.047824144 -0.477028817 1.504530668 -0.044791054 0.945680976 0.200572461 0.251896858
1662120364447901696.000000 -0.045308471 -0.473729312 1.501263857 -0.044260077 0.948798478 0.198945358 0.241336524
1662120364489902848.000000 -0.041875601 -0.474231035 1.495871544 -0.043607391 0.950970590 0.203556910 0.228731230
1662120364531903488.000000 -0.039484739 -0.473730922 1.492774367 -0.043160081 0.953195989 0.205019265 0.217994958
1662120364573904640.000000 -0.036403060 -0.472652882 1.486821294 -0.040774491 0.956094265 0.203168780 0.207228467
1662120364618905600.000000 -0.032964230 -0.472152948 1.482922792 -0.039326806 0.958775163 0.203931004 0.193947792
1662120364666906368.000000 -0.032437801 -0.471314192 1.482681632 -0.039526060 0.959758878 0.202096328 0.190938845
1662120364708907264.000000 -0.027048647 -0.471081197 1.473414779 -0.037579875 0.962440670 0.206928343 0.171686873
1662120364756908544.000000 -0.023706615 -0.470486999 1.469258547 -0.035281815 0.965152740 0.205720484 0.157843605
1662120364798909184.000000 -0.021921694 -0.470008612 1.465214610 -0.032245498 0.967057586 0.205697685 0.146452665
1662120364843910144.000000 -0.019146264 -0.467989743 1.458787560 -0.032184817 0.968407214 0.206668332 0.135793224
1662120364888911360.000000 -0.014761448 -0.466788620 1.455001593 -0.031914156 0.969830632 0.207932651 0.123183101
1662120364930912000.000000 -0.012977839 -0.465515912 1.449840665 -0.030948995 0.971044481 0.207537606 0.114205621
1662120364975912960.000000 -0.008299708 -0.465593308 1.449272513 -0.030218620 0.972315907 0.206639722 0.104826786
1662120365020914176.000000 -0.003597975 -0.464605451 1.442957401 -0.028288331 0.973593295 0.207814813 0.090160429
1662120365065914880.000000 -0.003595531 -0.464597940 1.442987204 -0.028395895 0.973584533 0.207846999 0.090146713
1662120365110915840.000000 0.003793061 -0.463162929 1.434303761 -0.027022583 0.975281715 0.208509624 0.067963593
1662120365158916864.000000 0.004585922 -0.462800026 1.432954311 -0.026337123 0.975575745 0.208290666 0.064601950
1662120365200918016.000000 0.011624813 -0.462375760 1.425504088 -0.024054723 0.976404965 0.209576994 0.046176918
1662120365242918656.000000 0.013639539 -0.461517930 1.421513557 -0.023084765 0.976545274 0.210862726 0.036924057
1662120365284919808.000000 0.017516434 -0.460272789 1.417956471 -0.022600183 0.977093875 0.209901392 0.026798924
1662120365323920384.000000 0.018738702 -0.459894210 1.414746761 -0.021993684 0.977151513 0.210525602 0.019240038
1662120365365921536.000000 0.022676609 -0.459728539 1.410980940 -0.021031564 0.977115810 0.211338803 0.011760626
1662120365407922176.000000 0.024085142 -0.458874226 1.407041073 -0.020541858 0.977134049 0.211602718 0.003395312
1662120365449923328.000000 0.028276943 -0.457870722 1.402580976 0.018029053 -0.977244854 -0.211231202 0.006987633
1662120365488923904.000000 0.029886434 -0.456789285 1.398852348 0.017634643 -0.977201104 -0.211126193 0.013885394
1662120365527924736.000000 0.030780908 -0.456581712 1.396890163 0.017447956 -0.977084100 -0.211272478 0.019138530
1662120365566925824.000000 0.035367258 -0.456905693 1.393571615 0.018444650 -0.976293683 -0.213912934 0.027419148
1662120365611926528.000000 0.035622887 -0.456846297 1.393304944 0.018212361 -0.976303041 -0.213813409 0.028011376
1662120365653927680.000000 0.044358239 -0.455447972 1.384608269 0.015442544 -0.975830615 -0.212821007 0.047152072
1662120365698928640.000000 0.047548547 -0.455399036 1.380918741 0.015081297 -0.975134015 -0.214302018 0.054414786
1662120365743929344.000000 0.050708979 -0.455102086 1.376821041 0.015720060 -0.974119306 -0.216699451 0.062336937
1662120365788930304.000000 0.053788364 -0.454646915 1.372719407 0.014594550 -0.973727822 -0.216218591 0.069933452
1662120365830931200.000000 0.055066228 -0.454420269 1.371000409 0.012809652 -0.973697901 -0.215145081 0.073899038
1662120365872932096.000000 0.058528692 -0.454022527 1.365814328 0.011987351 -0.972869635 -0.215957239 0.082118489
1662120365917933312.000000 0.059387177 -0.453896523 1.364476562 0.011086382 -0.972753882 -0.215448469 0.084905349
1662120365959933952.000000 0.063081950 -0.453377485 1.358324885 0.010960230 -0.971343100 -0.217833757 0.094450422
1662120365998935040.000000 0.066589832 -0.454021275 1.355731010 0.010711091 -0.970376968 -0.219394222 0.100598775
1662120366040935680.000000 0.069260657 -0.452269077 1.352929592 0.008816080 -0.970573962 -0.216697812 0.104645133
1662120366082936832.000000 0.071737319 -0.451939017 1.350206494 0.007652576 -0.970189214 -0.215930909 0.109764449
1662120366124937472.000000 0.075526863 -0.450441897 1.346407056 0.007802884 -0.969843447 -0.214479595 0.115504913
1662120366166938624.000000 0.077763796 -0.449894607 1.344693661 0.008420240 -0.969116032 -0.215398088 0.119778439
1662120366211939328.000000 0.081682026 -0.449253559 1.340168953 0.005738590 -0.968659401 -0.214769840 0.124659203
1662120366253940224.000000 0.084503055 -0.447936326 1.336253166 0.004496264 -0.968324184 -0.213974446 0.128619954
1662120366301941504.000000 0.088113010 -0.447894663 1.332062483 0.004520416 -0.967334092 -0.215953395 0.132697195
1662120366343942144.000000 0.089413345 -0.447672486 1.330345392 0.004849479 -0.966937959 -0.216567129 0.134559304
1662120366397943552.000000 0.092684865 -0.446498334 1.325770020 0.002494332 -0.967020571 -0.214234084 0.137727007
1662120366442944256.000000 0.093953252 -0.446137071 1.323920369 0.001748422 -0.966801286 -0.213876501 0.139818266
1662120366484945408.000000 0.098379791 -0.444880843 1.317498326 0.000487223 -0.966453016 -0.213012636 0.143505827
1662120366529946368.000000 0.100857615 -0.444443554 1.313467622 0.000397580 -0.965645611 -0.214898214 0.146106943
1662120366574947072.000000 0.104354143 -0.443411171 1.307860970 -0.000089897 -0.965493977 -0.214011848 0.148392260
1662120366619948032.000000 0.106070399 -0.442924261 1.304911613 -0.001119118 -0.965278924 -0.214002013 0.149795040
1662120366661948928.000000 0.108764648 -0.442112565 1.300279737 -0.001471861 -0.965143085 -0.213800251 0.150950745
1662120366706949888.000000 0.110930145 -0.441620827 1.296333313 -0.000992309 -0.964475095 -0.216356978 0.151580051
1662120366748951040.000000 0.112632871 -0.440887153 1.293261170 -0.003923820 -0.964881420 -0.214303106 0.151863992
1662120366790951680.000000 0.114559472 -0.440302670 1.289647818 -0.004112559 -0.964962006 -0.213919431 0.151888087
1662120366835952640.000000 0.115380228 -0.440070480 1.288207650 -0.004069478 -0.964863896 -0.213978484 0.152427986
1662120366874953472.000000 0.118994117 -0.438928545 1.281492591 -0.005921941 -0.965045035 -0.213315234 0.152150199
1662120366916954624.000000 0.121591330 -0.438247502 1.276638627 -0.005727324 -0.964497030 -0.215700209 0.152270079
1662120366955955200.000000 0.123982787 -0.437521696 1.272172570 -0.005966044 -0.964652956 -0.215204880 0.151973322
1662120366994956032.000000 0.126077056 -0.436910391 1.268252730 -0.006715694 -0.964837134 -0.215014040 0.151040390
1662120367039956992.000000 0.127978444 -0.436366618 1.264695287 -0.007647748 -0.964611173 -0.216767475 0.149929047
1662120367081958144.000000 0.130199015 -0.435012370 1.259849787 -0.007178644 -0.965178013 -0.215206161 0.148546904
1662120367126958848.000000 0.131285220 -0.432648659 1.256008625 -0.007967340 -0.965974092 -0.213178143 0.146238670
1662120367168959744.000000 0.132881045 -0.433340967 1.251410007 -0.009243972 -0.965745866 -0.215005279 0.144990534
1662120367210960640.000000 0.137160927 -0.431488931 1.248448372 -0.008546147 -0.966440797 -0.212394267 0.144249082
1662120367249961728.000000 0.137902707 -0.431510836 1.241756439 -0.008222980 -0.965817750 -0.217119396 0.141377583
1662120367294962688.000000 0.141274065 -0.431505740 1.237018228 -0.008227343 -0.966022372 -0.217276797 0.139728054
1662120367336963328.000000 0.140351951 -0.430258453 1.234440327 -0.009617963 -0.967099369 -0.215241939 0.135267228
1662120367375964160.000000 0.142335236 -0.429167360 1.229640365 -0.010491541 -0.967698991 -0.214299962 0.132379010
1662120367420965120.000000 0.143596679 -0.427645981 1.225119948 -0.009802101 -0.968252420 -0.214007691 0.128809407
1662120367465966336.000000 0.145238459 -0.427894831 1.219710469 -0.010640735 -0.968017220 -0.217547372 0.124509551
1662120367507966976.000000 0.146463662 -0.424646616 1.216092587 -0.009801443 -0.969422102 -0.213491887 0.120606571
1662120367546968064.000000 0.147777259 -0.424139202 1.212564588 -0.009310560 -0.969805121 -0.213443920 0.117614083
1662120367591968768.000000 0.147725940 -0.422568738 1.208351016 -0.010300961 -0.970638514 -0.212565988 0.112117916
1662120367636969728.000000 0.149623930 -0.421689093 1.204044342 -0.009532306 -0.971219182 -0.212590665 0.106993660
1662120367675970560.000000 0.150646091 -0.420721769 1.199037194 -0.009649385 -0.971638083 -0.212564796 0.103162877
1662120367714971648.000000 0.152217105 -0.419755042 1.195177913 -0.009723881 -0.972256362 -0.211455122 0.099548407
1662120367759972608.000000 0.153473631 -0.418000549 1.189643979 -0.009841059 -0.973022282 -0.210729331 0.093402177
1662120367801973248.000000 0.155322343 -0.416891456 1.186039090 -0.009994064 -0.973624229 -0.209458619 0.089906365
1662120367846974464.000000 0.155112833 -0.416837782 1.182159424 -0.010283263 -0.973275721 -0.213073194 0.085020259
1662120367888975104.000000 0.157149211 -0.415383935 1.177306175 -0.010542447 -0.974249065 -0.210706517 0.079563804
1662120367933976064.000000 0.157653496 -0.413758695 1.171597362 -0.009512650 -0.975161791 -0.209074676 0.072504178
1662120367975977216.000000 0.158734620 -0.413755596 1.167285562 -0.008137124 -0.975370169 -0.210030079 0.066890046
1662120368020977920.000000 0.159427926 -0.412990570 1.163811207 -0.008668624 -0.975429475 -0.211081326 0.062504917
1662120368065978880.000000 0.161392808 -0.412134588 1.158081174 -0.007867621 -0.976398826 -0.208405331 0.056130860
1662120368110980096.000000 0.161328107 -0.410472244 1.153676033 -0.007919599 -0.977284372 -0.206289038 0.047930501
1662120368152980736.000000 0.161906227 -0.410020679 1.150730610 -0.006702837 -0.977795005 -0.205377772 0.041134596
1662120368194981888.000000 0.163741589 -0.409472227 1.145543337 -0.007317147 -0.977763951 -0.206107989 0.037996013
1662120368236982528.000000 0.165020496 -0.408626229 1.142135501 -0.005906077 -0.978647590 -0.202887937 0.032413829
1662120368275983616.000000 0.166527122 -0.408498704 1.136997581 -0.005808003 -0.978451073 -0.204549894 0.027552238
1662120368320984320.000000 0.167850375 -0.407882035 1.132931948 -0.004725768 -0.978810728 -0.203576073 0.021539981
1662120368359985408.000000 0.168199331 -0.407345891 1.130101442 -0.006230270 -0.979173601 -0.202261105 0.016453553
1662120368404986112.000000 0.169115245 -0.407272518 1.124793172 -0.004585504 -0.978800058 -0.204512909 0.010191409
1662120368446987264.000000 0.168594569 -0.407735944 1.119516969 -0.005104825 -0.978894353 -0.204260275 0.004195243
1662120368485987840.000000 0.167614758 -0.405742288 1.114728689 0.004913193 0.979193032 0.202838704 0.003652529
1662120368530989056.000000 0.167661130 -0.405314088 1.114569902 0.004645615 0.979290545 0.202368364 0.003948301
1662120368575990016.000000 0.167947054 -0.404929131 1.104996204 0.004762992 0.978905380 0.203579471 0.016643686
1662120368617990656.000000 0.167842954 -0.404548734 1.103971481 0.003264280 0.979408145 0.200894296 0.019761289
1662120368662991872.000000 0.165953517 -0.403056443 1.096723318 0.004003905 0.979325473 0.199932292 0.030541433
1662120368704992512.000000 0.166951030 -0.402165592 1.090330124 0.004270809 0.979032040 0.200402975 0.036288623
1662120368746993664.000000 0.164511651 -0.401839912 1.086861134 0.004678434 0.978443682 0.201785743 0.043687392
1662120368791994624.000000 0.164646864 -0.401387870 1.083985806 0.003569034 0.978162169 0.201786026 0.049685009
1662120368833995264.000000 0.162858725 -0.399158746 1.076746941 0.002789642 0.978415191 0.198233932 0.058302768
1662120368875996416.000000 0.163228720 -0.398670107 1.073615074 0.001987289 0.978410482 0.196527824 0.063921049
1662120368920997120.000000 0.161355734 -0.397275209 1.068410754 0.001358972 0.978229403 0.194856226 0.071389653
1662120368965998080.000000 0.161775261 -0.397027016 1.065755367 0.002030114 0.977672637 0.196204960 0.075204335
1662120369010999296.000000 0.160197258 -0.395915896 1.059116483 0.000159571 0.977377832 0.193684459 0.084964544
1662120369056000000.000000 0.160658836 -0.395275712 1.055976510 -0.001635121 0.977395296 0.190893143 0.090860568
1662120369101000960.000000 0.159793735 -0.394085884 1.049125910 -0.002404998 0.976930857 0.189622581 0.098201521
1662120369146002176.000000 0.160350740 -0.393837899 1.045774698 -0.002851384 0.976036727 0.191217780 0.103827149
1662120369188002816.000000 0.159317851 -0.392756313 1.040119052 -0.004535400 0.975857139 0.188576847 0.110095829
1662120369230003712.000000 0.159915626 -0.392059147 1.036587238 -0.006310420 0.975618899 0.186618552 0.115332492
1662120369272004608.000000 0.158765316 -0.391507357 1.032341242 -0.007910847 0.975150764 0.185371771 0.121060960
1662120369317005568.000000 0.159306169 -0.391128421 1.029205918 -0.008894806 0.974385679 0.185929000 0.126190171
1662120369359006720.000000 0.158751547 -0.390717745 1.025317192 -0.009601366 0.973583043 0.186288550 0.131683394
1662120369404007424.000000 0.159576535 -0.390037656 1.021858811 -0.012403172 0.973677158 0.182630837 0.135812074
1662120369449008384.000000 0.159146428 -0.388775080 1.018210888 -0.013596817 0.973340511 0.179637119 0.141964450
1662120369500009472.000000 0.159868062 -0.388291180 1.015660882 -0.013876033 0.973167300 0.177628651 0.145605832
1662120369542010624.000000 0.159985244 -0.387618214 1.011609554 -0.015710149 0.972437978 0.177183107 0.150743946
1662120369584011264.000000 0.160637438 -0.387005299 1.008951902 -0.016893847 0.972216606 0.174962342 0.154589072
1662120369623012352.000000 0.161036551 -0.386204392 1.005464077 -0.018941076 0.972026527 0.172556728 0.158208340
1662120369665012992.000000 0.161428750 -0.385936260 1.003661871 -0.020179691 0.971675396 0.171687216 0.161131188
1662120369704013824.000000 0.161973953 -0.385535896 1.001023054 -0.020524045 0.971203148 0.171643764 0.163956106
1662120369749014784.000000 0.162435293 -0.385191381 0.999028504 -0.021749180 0.970946014 0.169897348 0.167110205
1662120369794016000.000000 0.162750006 -0.384664357 0.997183263 -0.024112135 0.970851600 0.167971730 0.169267163
1662120369836016640.000000 0.163093925 -0.384400874 0.995460033 -0.025793359 0.970377028 0.166602239 0.173051789
1662120369878017536.000000 0.162926733 -0.384162545 0.994924784 -0.026103891 0.970565081 0.165512636 0.172996238
1662120369923018752.000000 0.163867772 -0.383747131 0.991943955 -0.028901428 0.970086992 0.163639218 0.176969498
1662120369965019392.000000 0.164044678 -0.383554220 0.990762055 -0.029072762 0.969870508 0.163910508 0.177874669
1662120370007020544.000000 0.164500117 -0.383333206 0.989205956 -0.030510964 0.969438612 0.162892327 0.180898041
1662120370046021120.000000 0.165258586 -0.382925808 0.987045944 -0.031933095 0.969507396 0.161168009 0.181825995
1662120370088022272.000000 0.165529966 -0.382844806 0.986274660 -0.031821389 0.969139516 0.161515281 0.183491111
1662120370130022912.000000 0.165967524 -0.382519364 0.984931052 -0.033398014 0.969181240 0.159759343 0.184524417
1662120370175024128.000000 0.166447520 -0.382353544 0.983533144 -0.033961415 0.968846440 0.159677416 0.186242908
1662120370217024768.000000 0.166523576 -0.382332116 0.983253598 -0.034127891 0.968773186 0.159752682 0.186528370
1662120370259025920.000000 0.166988611 -0.382206500 0.982025087 -0.033418633 0.968423307 0.160666600 0.187685385
1662120370298026496.000000 0.167121947 -0.382051259 0.981540382 -0.034967668 0.968615413 0.158807576 0.187993839
1662120370340027648.000000 0.167381823 -0.381949633 0.980808914 -0.036018740 0.968516469 0.158188671 0.188825175
1662120370385028352.000000 0.167493582 -0.381877363 0.980332553 -0.036895413 0.968629479 0.156912521 0.189140528
1662120370427029248.000000 0.167612672 -0.381825477 0.979987621 -0.037912976 0.968587995 0.156488657 0.189502582
1662120370469030144.000000 0.167915463 -0.381773889 0.979173541 -0.038301658 0.968425989 0.157122046 0.189728200
1662120370511031040.000000 0.168028474 -0.381598592 0.978785098 -0.041277818 0.968642116 0.154192150 0.190403447
1662120370556032256.000000 0.168250263 -0.381559849 0.978565395 -0.042266145 0.968874931 0.153951660 0.189192817
1662120370604033280.000000 0.168202817 -0.381566525 0.978516757 -0.042555399 0.968755543 0.154013202 0.189688548
1662120370652034048.000000 0.168623805 -0.381455421 0.977962494 -0.041944578 0.968940318 0.154614955 0.188386708
1662120370697035008.000000 0.168507099 -0.381443560 0.978156149 -0.044768739 0.969109714 0.152631760 0.188482553
1662120370739036160.000000 0.168718278 -0.381367922 0.977851748 -0.044447798 0.969313502 0.152536213 0.187585860
1662120370781036800.000000 0.168753266 -0.381325543 0.977659941 -0.047159944 0.969454169 0.151621655 0.186937124
1662120370826037760.000000 0.168950856 -0.381273448 0.977574825 -0.046015602 0.969662368 0.152264386 0.185615465
1662120370877038848.000000 0.169012249 -0.381225407 0.977359772 -0.046642132 0.969777942 0.151383653 0.185575858
1662120370919040000.000000 0.168904483 -0.381216407 0.977450907 -0.046476632 0.969715953 0.150672719 0.186517224
1662120370961040640.000000 0.168692708 -0.381258518 0.977919102 -0.044183586 0.969577670 0.151285917 0.187295690
1662120371000041472.000000 0.168332279 -0.381463885 0.978309572 -0.043524623 0.968902111 0.153424770 0.189196154
1662120371000041472.000000 0.168332279 -0.381463885 0.978309572 -0.043524623 0.968902111 0.153424770 0.189196154
1662120371000041472.000000 0.168332279 -0.381463885 0.978309572 -0.043524623 0.968902111 0.153424770 0.189196154
1662120371000041472.000000 0.168332279 -0.381463885 0.978309572 -0.043524623 0.968902111 0.153424770 0.189196154
1662120371000041472.000000 0.168332279 -0.381463885 0.978309572 -0.043524623 0.968902111 0.153424770 0.189196154
1662120371000041472.000000 0.168332279 -0.381463885 0.978309572 -0.043524623 0.968902111 0.153424770 0.189196154
1662120371000041472.000000 0.168332279 -0.381463885 0.978309572 -0.043524623 0.968902111 0.153424770 0.189196154
1662120371000041472.000000 0.168332279 -0.381463885 0.978309572 -0.043524623 0.968902111 0.153424770 0.189196154
1662120371000041472.000000 0.168332279 -0.381463885 0.978309572 -0.043524623 0.968902111 0.153424770 0.189196154
1662120371000041472.000000 0.168332279 -0.381463885 0.978309572 -0.043524623 0.968902111 0.153424770 0.189196154
1662120371000041472.000000 0.168332279 -0.381463885 0.978309572 -0.043524623 0.968902111 0.153424770 0.189196154
1662120371000041472.000000 0.168332279 -0.381463885 0.978309572 -0.043524623 0.968902111 0.153424770 0.189196154
1662120371000041472.000000 0.168332279 -0.381463885 0.978309572 -0.043524623 0.968902111 0.153424770 0.189196154
1662120371000041472.000000 0.168332279 -0.381463885 0.978309572 -0.043524623 0.968902111 0.153424770 0.189196154
1662120371000041472.000000 0.168332279 -0.381463885 0.978309572 -0.043524623 0.968902111 0.153424770 0.189196154
1662120371000041472.000000 0.168332279 -0.381463885 0.978309572 -0.043524623 0.968902111 0.153424770 0.189196154
1662120371000041472.000000 0.168332279 -0.381463885 0.978309572 -0.043524623 0.968902111 0.153424770 0.189196154
1662120371000041472.000000 0.168332279 -0.381463885 0.978309572 -0.043524623 0.968902111 0.153424770 0.189196154
1662120371000041472.000000 0.168332279 -0.381463885 0.978309572 -0.043524623 0.968902111 0.153424770 0.189196154
1662120371000041472.000000 0.168332279 -0.381463885 0.978309572 -0.043524623 0.968902111 0.153424770 0.189196154
1662120371000041472.000000 0.168332279 -0.381463885 0.978309572 -0.043524623 0.968902111 0.153424770 0.189196154
1662120371000041472.000000 0.168332279 -0.381463885 0.978309572 -0.043524623 0.968902111 0.153424770 0.189196154
1662120371000041472.000000 0.168332279 -0.381463885 0.978309572 -0.043524623 0.968902111 0.153424770 0.189196154
1662120371000041472.000000 0.168332279 -0.381463885 0.978309572 -0.043524623 0.968902111 0.153424770 0.189196154
1662120371000041472.000000 0.168332279 -0.381463885 0.978309572 -0.043524623 0.968902111 0.153424770 0.189196154
1662120371000041472.000000 0.168332279 -0.381463885 0.978309572 -0.043524623 0.968902111 0.153424770 0.189196154
1662120371000041472.000000 0.168332279 -0.381463885 0.978309572 -0.043524623 0.968902111 0.153424770 0.189196154
1662120371000041472.000000 0.168332279 -0.381463885 0.978309572 -0.043524623 0.968902111 0.153424770 0.189196154
1662120371000041472.000000 0.168332279 -0.381463885 0.978309572 -0.043524623 0.968902111 0.153424770 0.189196154
1662120371000041472.000000 0.168332279 -0.381463885 0.978309572 -0.043524623 0.968902111 0.153424770 0.189196154
1662120371000041472.000000 0.168332279 -0.381463885 0.978309572 -0.043524623 0.968902111 0.153424770 0.189196154
1662120371000041472.000000 0.168332279 -0.381463885 0.978309572 -0.043524623 0.968902111 0.153424770 0.189196154
1662120371000041472.000000 0.168332279 -0.381463885 0.978309572 -0.043524623 0.968902111 0.153424770 0.189196154
1662120371000041472.000000 0.168332279 -0.381463885 0.978309572 -0.043524623 0.968902111 0.153424770 0.189196154
1662120371000041472.000000 0.168332279 -0.381463885 0.978309572 -0.043524623 0.968902111 0.153424770 0.189196154
1662120371000041472.000000 0.168332279 -0.381463885 0.978309572 -0.043524623 0.968902111 0.153424770 0.189196154
1662120371000041472.000000 0.168332279 -0.381463885 0.978309572 -0.043524623 0.968902111 0.153424770 0.189196154
1662120371000041472.000000 0.168332279 -0.381463885 0.978309572 -0.043524623 0.968902111 0.153424770 0.189196154
1662120371000041472.000000 0.168332279 -0.381463885 0.978309572 -0.043524623 0.968902111 0.153424770 0.189196154
1662120371000041472.000000 0.168332279 -0.381463885 0.978309572 -0.043524623 0.968902111 0.153424770 0.189196154
1662120371000041472.000000 0.168332279 -0.381463885 0.978309572 -0.043524623 0.968902111 0.153424770 0.189196154
1662120371000041472.000000 0.168332279 -0.381463885 0.978309572 -0.043524623 0.968902111 0.153424770 0.189196154
1662120371000041472.000000 0.168332279 -0.381463885 0.978309572 -0.043524623 0.968902111 0.153424770 0.189196154
1662120371000041472.000000 0.168332279 -0.381463885 0.978309572 -0.043524623 0.968902111 0.153424770 0.189196154
1662120371000041472.000000 0.168332279 -0.381463885 0.978309572 -0.043524623 0.968902111 0.153424770 0.189196154
1662120371000041472.000000 0.168332279 -0.381463885 0.978309572 -0.043524623 0.968902111 0.153424770 0.189196154
1662120371000041472.000000 0.168332279 -0.381463885 0.978309572 -0.043524623 0.968902111 0.153424770 0.189196154
1662120371000041472.000000 0.168332279 -0.381463885 0.978309572 -0.043524623 0.968902111 0.153424770 0.189196154
1662120371000041472.000000 0.168332279 -0.381463885 0.978309572 -0.043524623 0.968902111 0.153424770 0.189196154
1662120371000041472.000000 0.168332279 -0.381463885 0.978309572 -0.043524623 0.968902111 0.153424770 0.189196154
1662120371000041472.000000 0.168332279 -0.381463885 0.978309572 -0.043524623 0.968902111 0.153424770 0.189196154
1662120371000041472.000000 0.168332279 -0.381463885 0.978309572 -0.043524623 0.968902111 0.153424770 0.189196154
1662120371000041472.000000 0.168332279 -0.381463885 0.978309572 -0.043524623 0.968902111 0.153424770 0.189196154
1662120371000041472.000000 0.168332279 -0.381463885 0.978309572 -0.043524623 0.968902111 0.153424770 0.189196154
1662120371000041472.000000 0.168332279 -0.381463885 0.978309572 -0.043524623 0.968902111 0.153424770 0.189196154
1662120371000041472.000000 0.168332279 -0.381463885 0.978309572 -0.043524623 0.968902111 0.153424770 0.189196154
1662120371000041472.000000 0.168332279 -0.381463885 0.978309572 -0.043524623 0.968902111 0.153424770 0.189196154
1662120371000041472.000000 0.168332279 -0.381463885 0.978309572 -0.043524623 0.968902111 0.153424770 0.189196154
1662120371000041472.000000 0.168332279 -0.381463885 0.978309572 -0.043524623 0.968902111 0.153424770 0.189196154
1662120371000041472.000000 0.168332279 -0.381463885 0.978309572 -0.043524623 0.968902111 0.153424770 0.189196154
1662120371000041472.000000 0.168332279 -0.381463885 0.978309572 -0.043524623 0.968902111 0.153424770 0.189196154
1662120371000041472.000000 0.168332279 -0.381463885 0.978309572 -0.043524623 0.968902111 0.153424770 0.189196154
1662120371000041472.000000 0.168332279 -0.381463885 0.978309572 -0.043524623 0.968902111 0.153424770 0.189196154
1662120371000041472.000000 0.168332279 -0.381463885 0.978309572 -0.043524623 0.968902111 0.153424770 0.189196154
1662120371000041472.000000 0.168332279 -0.381463885 0.978309572 -0.043524623 0.968902111 0.153424770 0.189196154
1662120371000041472.000000 0.168332279 -0.381463885 0.978309572 -0.043524623 0.968902111 0.153424770 0.189196154
1662120371000041472.000000 0.168332279 -0.381463885 0.978309572 -0.043524623 0.968902111 0.153424770 0.189196154
1662120371000041472.000000 0.168332279 -0.381463885 0.978309572 -0.043524623 0.968902111 0.153424770 0.189196154
1662120371000041472.000000 0.168332279 -0.381463885 0.978309572 -0.043524623 0.968902111 0.153424770 0.189196154
