1403638127245097216.000000 0.000000000 0.000000000 0.000000000 -0.000000000 -0.000000000 -0.000000000 1.000000000
1403638129345096960.000000 0.000159235 -0.002523335 -0.000712778 0.028466400 -0.005717621 0.038934011 0.998819888
1403638129445096960.000000 0.000332169 -0.003824105 -0.001200267 0.034377139 -0.009756734 0.061468657 0.997469127
1403638129845096960.000000 -0.000159011 -0.007717857 -0.002777542 0.000117048 -0.009071932 0.009802193 0.999910831
1403638129945096960.000000 -0.000449803 -0.010213330 -0.003869227 -0.008854372 -0.011293828 0.001937198 0.999895155
1403638130545097216.000000 -0.001530648 -0.034841076 -0.014178078 0.028338453 -0.037899196 0.021328673 0.998651981
1403638132195097088.000000 0.000826775 -0.013504623 -0.007295291 0.021079149 -0.021805661 -0.038005166 0.998817205
1403638133095097088.000000 -0.002117410 -0.042062998 -0.019943919 0.083573036 -0.063680388 0.035854537 0.993818283
1403638133845096960.000000 0.029697038 -0.023494052 -0.015910070 0.042349547 0.063708864 0.055541165 0.995521426
1403638136095097088.000000 0.011913297 -0.026823549 -0.006471533 0.011696490 0.112645134 0.042023174 0.992677331
1403638137745097216.000000 -0.003730418 -0.005022752 0.000232024 -0.005083862 0.083372965 0.036686391 0.995829940
1403638137845096960.000000 -0.003972078 -0.003301248 0.000767038 -0.009692161 0.086789705 0.036665455 0.995504498
1403638137945096960.000000 -0.004182798 -0.001828689 0.001101960 -0.025653850 0.089555793 0.026906965 0.995287716
1403638138045097216.000000 -0.004416029 -0.000981261 0.001284120 -0.035225492 0.088743001 0.019095760 0.995248318
1403638147995097088.000000 -0.004000592 -0.003013011 0.002517195 0.025991129 0.096682720 0.034280818 0.994385123
1403638150345096960.000000 -0.017430475 -0.060362052 0.030366931 0.031177931 0.061050244 -0.012204053 0.997573018
1403638150845096960.000000 -0.036120519 -0.067372940 0.045317866 0.014418298 0.019624632 -0.009346189 0.999659777
1403638150995097088.000000 -0.042567316 -0.071137682 0.051500876 0.025237570 0.007419385 -0.016974667 0.999509811
1403638151345096960.000000 -0.061392251 -0.076562710 0.067330636 0.030946789 -0.055394627 -0.046531424 0.996899486
1403638151795097088.000000 -0.089417405 -0.087155871 0.084968939 0.032043297 -0.135510236 -0.075117692 0.987404466
1403638152145096960.000000 -0.113230512 -0.103266574 0.095864758 0.029544154 -0.143589288 -0.082793050 0.985725403
1403638152545097216.000000 -0.143628329 -0.112425610 0.111768968 0.031039996 -0.136608303 -0.090359658 0.986007035
1403638152995097088.000000 -0.185440674 -0.122387245 0.129709393 0.034635805 -0.174229831 -0.086703040 0.980268776
1403638153145096960.000000 -0.199268699 -0.128472894 0.134087905 0.026628695 -0.193313062 -0.094868958 0.976176679
1403638153295097088.000000 -0.214250371 -0.133944348 0.139477089 0.023191551 -0.204418153 -0.102630593 0.973212361
1403638153495097088.000000 -0.234114647 -0.140319914 0.147192121 0.021944277 -0.225757867 -0.120822288 0.966412902
1403638153695097088.000000 -0.254966080 -0.148225650 0.154769272 0.023751969 -0.254713327 -0.144442216 0.955873132
1403638153845096960.000000 -0.272579879 -0.154212177 0.160156071 0.028135873 -0.280072033 -0.149723276 0.947813809
1403638154045097216.000000 -0.296415776 -0.160113245 0.167810947 0.035899803 -0.300037265 -0.147672683 0.941743910
1403638154445096960.000000 -0.344679832 -0.165709555 0.184557393 0.064592324 -0.307289064 -0.143017635 0.938587904
1403638154645096960.000000 -0.368453473 -0.165526420 0.190729588 0.062308293 -0.310583949 -0.141055897 0.937954485
1403638154845096960.000000 -0.390974134 -0.166553795 0.192972243 0.051160581 -0.320555776 -0.155230552 0.933022082
1403638155045097216.000000 -0.413568139 -0.170587063 0.192997247 0.052672192 -0.334595203 -0.168592378 0.925661027
1403638155195097088.000000 -0.431080133 -0.173695982 0.190028355 0.055779882 -0.350724190 -0.172803268 0.918705702
1403638155345096960.000000 -0.448949039 -0.175190270 0.187494546 0.064511515 -0.362615794 -0.174619764 0.913157225
1403638155495097088.000000 -0.466311514 -0.174809903 0.185147718 0.071256675 -0.376677215 -0.181557700 0.905579150
1403638155745097216.000000 -0.493522614 -0.169330984 0.175518885 0.073603138 -0.421100825 -0.177066684 0.886512280
1403638155895097344.000000 -0.508967519 -0.164921045 0.170507148 0.066097289 -0.451053292 -0.185933828 0.870408416
1403638156045097216.000000 -0.522708595 -0.159669936 0.164247900 0.047218218 -0.481434077 -0.205208600 0.850812018
1403638156195097088.000000 -0.535745025 -0.157618657 0.156351089 0.033489086 -0.510824025 -0.218701586 0.830726802
1403638156345096960.000000 -0.548586965 -0.156415641 0.149504185 0.023327667 -0.533415616 -0.232146457 0.813038588
1403638156495097088.000000 -0.562131822 -0.153997689 0.142460912 0.015482822 -0.546213806 -0.238648713 0.802781105
1403638156745097216.000000 -0.585251331 -0.148429751 0.134874225 0.014068870 -0.553117394 -0.241819710 0.797111332
1403638156895097344.000000 -0.599328995 -0.144782364 0.131980956 0.013673839 -0.551899314 -0.242551059 0.797740042
1403638157345096960.000000 -0.647810936 -0.141332000 0.124041796 0.008994767 -0.543763638 -0.245552719 0.802461267
1403638157495097088.000000 -0.665903151 -0.141980395 0.121818185 0.018368606 -0.546601593 -0.249071196 0.799282730
1403638157645096960.000000 -0.684827268 -0.141421676 0.119678229 0.030030189 -0.559266090 -0.251051366 0.789488971
1403638157795097088.000000 -0.702981353 -0.141161144 0.118019164 0.040917072 -0.579301059 -0.259935200 0.771472394
1403638157945096960.000000 -0.721162677 -0.141525179 0.114449620 0.040525973 -0.604990602 -0.265203565 0.749674082
1403638158245097216.000000 -0.757597506 -0.142342120 0.108021438 0.026128013 -0.637721360 -0.267691761 0.721782446
1403638158445096960.000000 -0.781423092 -0.141026944 0.105583131 0.032159299 -0.641188383 -0.274785966 0.715776443
1403638158595097088.000000 -0.799100399 -0.139502108 0.103808582 0.039244939 -0.640021920 -0.278432190 0.715057552
1403638158795097088.000000 -0.823023915 -0.136648625 0.100267410 0.033250410 -0.639357388 -0.274310112 0.717544794
1403638159195097088.000000 -0.868367255 -0.137062758 0.093446016 -0.003492205 -0.627448499 -0.290278196 0.722519696
1403638159395097344.000000 -0.894621134 -0.138811082 0.090315998 0.010304254 -0.632853448 -0.272829652 0.724537432
1403638159795097088.000000 -0.945167482 -0.147107244 0.087777913 0.030779803 -0.657256782 -0.209804550 0.723220706
1403638159995097088.000000 -0.963729680 -0.157087058 0.089349806 0.050332885 -0.650110781 -0.230930850 0.722145081
1403638160195097088.000000 -0.977506518 -0.171387464 0.091467679 0.043332331 -0.644502044 -0.252010137 0.720576406
1403638160395097344.000000 -0.990835428 -0.186140686 0.090561450 0.022936191 -0.635799170 -0.275701046 0.720570803
1403638160595097088.000000 -1.003821969 -0.202475429 0.091264248 0.017906843 -0.634493887 -0.279549539 0.720381200
1403638160845096960.000000 -1.021744967 -0.220374584 0.092591047 0.021883693 -0.638978720 -0.260342181 0.723497927
1403638161045097216.000000 -1.036736727 -0.233650893 0.095716476 0.035025131 -0.627639294 -0.232062936 0.742286325
1403638161245097216.000000 -1.047908783 -0.247531563 0.101174891 0.036189549 -0.593795538 -0.225282252 0.771586120
1403638161445096960.000000 -1.058152556 -0.260591686 0.107648253 0.027047973 -0.552786767 -0.223043472 0.802463055
1403638161645096960.000000 -1.067037940 -0.272434711 0.114656985 0.016647682 -0.528665066 -0.223836109 0.818616807
1403638161845096960.000000 -1.076729298 -0.281564802 0.123033285 0.017997390 -0.520129681 -0.211767972 0.827221572
1403638162045097216.000000 -1.086124182 -0.290357381 0.133668005 0.024107754 -0.506763399 -0.201873034 0.837769032
1403638162295097088.000000 -1.097423077 -0.303428084 0.146346867 0.013947784 -0.497885823 -0.196864098 0.844487846
1403638162545097216.000000 -1.107285142 -0.317097664 0.163192272 0.016246228 -0.497960836 -0.191679031 0.845594645
1403638163045097216.000000 -1.125235081 -0.353749871 0.197723627 0.027056918 -0.490707815 -0.180836394 0.851922572
1403638163295097088.000000 -1.131861687 -0.369534403 0.220205426 0.034185659 -0.466703981 -0.175645918 0.866121948
1403638163545097216.000000 -1.136473179 -0.381546080 0.245070577 0.040114012 -0.429339170 -0.170021474 0.886087775
1403638163795097088.000000 -1.138750196 -0.397120833 0.267003000 0.040862877 -0.413100928 -0.166664973 0.894371688
1403638164095097088.000000 -1.138961077 -0.421195090 0.291178346 0.032738265 -0.416221380 -0.155301616 0.895304084
1403638164345096960.000000 -1.137075901 -0.443190753 0.309132099 0.034747250 -0.422427177 -0.146957129 0.893728971
1403638164645096960.000000 -1.130146861 -0.466935456 0.335662812 0.031983051 -0.426319003 -0.141450584 0.892872274
1403638164945096960.000000 -1.118608952 -0.487304926 0.366716325 0.058689989 -0.401449293 -0.159719050 0.899935424
1403638165245097216.000000 -1.102385521 -0.502350688 0.396470010 0.047044855 -0.388947487 -0.139045998 0.909490407
1403638165495097088.000000 -1.086066127 -0.511357546 0.421772003 0.036546968 -0.378938228 -0.132773727 0.915118158
1403638165795097088.000000 -1.063426614 -0.519128919 0.453149468 0.075413525 -0.371376306 -0.134143040 0.915640831
1403638166045097216.000000 -1.039866209 -0.524408340 0.476399601 0.048575655 -0.367127180 -0.149680912 0.916762650
1403638166245097216.000000 -1.021015406 -0.532282114 0.491645634 0.041095596 -0.365441024 -0.163699791 0.915405035
1403638166445096960.000000 -1.003144622 -0.546833336 0.502629817 0.041088291 -0.366579324 -0.170972958 0.913618982
1403638166645096960.000000 -0.987181187 -0.561667919 0.512505412 0.041257635 -0.369892955 -0.170795009 0.912308097
1403638166795097088.000000 -0.975634217 -0.570595920 0.520327806 0.031425860 -0.375935882 -0.160941467 0.912021160
1403638166945096960.000000 -0.964275718 -0.577844679 0.528871834 0.003084715 -0.379712045 -0.153949365 0.912200034
1403638167095097088.000000 -0.953780293 -0.584262371 0.539416432 -0.008634673 -0.376754045 -0.161749691 0.912041068
1403638167245097216.000000 -0.945041358 -0.593204141 0.550665021 -0.003184139 -0.372242600 -0.171929747 0.912066579
1403638167395097344.000000 -0.937518120 -0.603890419 0.562638521 0.003165297 -0.370882392 -0.173737034 0.912278354
1403638167545097216.000000 -0.930942297 -0.615140796 0.575439751 0.011452357 -0.372828156 -0.166962296 0.912683725
1403638167695097088.000000 -0.925796509 -0.625554204 0.589557290 0.016220888 -0.374567479 -0.148599103 0.915070713
1403638167845096960.000000 -0.920967340 -0.634519815 0.605066180 0.016219145 -0.365022629 -0.129557461 0.921797335
1403638167995097088.000000 -0.914714932 -0.643267334 0.622148752 0.018321007 -0.346298605 -0.116236292 0.930715203
1403638168095097088.000000 -0.910588562 -0.649508417 0.634459376 0.020020472 -0.334461242 -0.108551279 0.935922801
1403638168245097216.000000 -0.903665423 -0.660150230 0.652757525 0.023727844 -0.312611699 -0.105279453 0.943730474
1403638168495097088.000000 -0.888833165 -0.682753682 0.682592154 0.028333988 -0.269705653 -0.106336817 0.956633925
1403638168645096960.000000 -0.880292177 -0.694969296 0.701264739 0.022242835 -0.247408673 -0.122367695 0.960895598
1403638168745097216.000000 -0.875637054 -0.702058017 0.714138269 0.019702310 -0.238236666 -0.129169986 0.962377429
1403638168895097344.000000 -0.868642151 -0.712136924 0.733568847 0.016678229 -0.233627245 -0.133089200 0.963030338
1403638168995097088.000000 -0.865335584 -0.718394220 0.747235596 0.016696004 -0.234017834 -0.133778095 0.962839782
1403638169145096960.000000 -0.861734152 -0.727208793 0.768179834 0.029635793 -0.241612405 -0.125905007 0.961713612
1403638169445096960.000000 -0.856527746 -0.741652846 0.811855674 0.046194896 -0.250991434 -0.070256591 0.964330554
1403638169595097088.000000 -0.852203906 -0.747662783 0.833865643 0.055021286 -0.230946437 -0.053244166 0.969949186
1403638169745097216.000000 -0.845135391 -0.756089568 0.854743123 0.056712624 -0.196439549 -0.054207753 0.977372408
1403638169895097344.000000 -0.835452080 -0.764913917 0.873343110 0.061401922 -0.151849732 -0.065029390 0.984348834
1403638170045097216.000000 -0.824938357 -0.775131643 0.891199052 0.079145342 -0.111804776 -0.062650360 0.988590240
1403638170195097088.000000 -0.815291166 -0.784660995 0.907328367 0.084228344 -0.079130255 -0.040207576 0.992485464
1403638170495097088.000000 -0.798364043 -0.795883179 0.936620414 0.072238669 -0.015298053 0.009724278 0.997222662
1403638170645096960.000000 -0.787943304 -0.801305175 0.948855698 0.078460604 0.012137846 0.035768166 0.996201396
1403638170945096960.000000 -0.766404212 -0.810858846 0.966678262 0.083604895 0.076711245 0.061307777 0.991648614
1403638171095097088.000000 -0.753196120 -0.814012349 0.973355711 0.087061159 0.106454037 0.071690820 0.987900972
1403638171245097216.000000 -0.737670779 -0.816154718 0.978532553 0.090802796 0.123871364 0.081649818 0.984755814
1403638171545097216.000000 -0.706423819 -0.817446172 0.983219087 0.098643698 0.143142402 0.095159262 0.980165482
1403638171695097088.000000 -0.689501286 -0.815700173 0.983145297 0.103691541 0.153698087 0.104188368 0.977123201
1403638171845096960.000000 -0.671104670 -0.812906086 0.980404854 0.108851105 0.166451231 0.115357161 0.973210216
1403638171995097088.000000 -0.651861489 -0.809704125 0.974873841 0.116041996 0.179815292 0.117121920 0.969785094
1403638172145096960.000000 -0.632138908 -0.806439221 0.965198696 0.115992300 0.190611541 0.114009783 0.968098581
1403638172295097088.000000 -0.610828400 -0.800513566 0.953769207 0.113001645 0.195141926 0.111653589 0.967824221
1403638172445096960.000000 -0.590578139 -0.792370498 0.941281676 0.114224054 0.196685269 0.110788092 0.967467725
1403638172595097088.000000 -0.569997311 -0.780118346 0.926889777 0.120186381 0.194382057 0.111959934 0.967075944
1403638172745097216.000000 -0.548605025 -0.765872061 0.911588430 0.120988391 0.190074235 0.114067532 0.967585742
1403638172895097344.000000 -0.526467383 -0.748871922 0.893617928 0.121669389 0.185398459 0.115379676 0.968251765
1403638173045097216.000000 -0.502748847 -0.730460405 0.873944402 0.113674052 0.176539510 0.120443583 0.970260501
1403638173195097088.000000 -0.478970289 -0.708582044 0.853762984 0.103319377 0.171288893 0.122910909 0.972048402
1403638173345096960.000000 -0.454077303 -0.683854878 0.834803462 0.095753700 0.175273955 0.109448202 0.973720372
1403638173495097088.000000 -0.431337327 -0.661252141 0.813146353 0.086021088 0.188096598 0.086836979 0.974514961
1403638173595097088.000000 -0.415209234 -0.645675957 0.799005330 0.082659721 0.193149477 0.076451875 0.974687517
1403638173745097216.000000 -0.393441170 -0.620914996 0.777503788 0.080961041 0.195851684 0.076480076 0.974288583
1403638173895097344.000000 -0.372755170 -0.597187221 0.760683358 0.078134887 0.199668452 0.075589024 0.973814011
1403638174045097216.000000 -0.353720218 -0.576890171 0.733948648 0.073368713 0.202050775 0.076401100 0.973630011
1403638174145096960.000000 -0.339948744 -0.564348280 0.714726210 0.070194952 0.202364653 0.075685404 0.973854721
1403638174295097088.000000 -0.314729631 -0.543906868 0.682654321 0.052921414 0.200110719 0.076245137 0.975367486
1403638174445096960.000000 -0.282871336 -0.515828550 0.655292153 0.044324595 0.194867656 0.072296008 0.977156699
1403638174595097088.000000 -0.225872844 -0.469993055 0.634316206 0.045800477 0.179452375 0.067516804 0.980377793
1403638174795097088.000000 -0.162258640 -0.440284848 0.607516348 0.028280241 0.166623905 0.064571008 0.983497500
1403638175095097088.000000 -0.103790134 -0.421472132 0.580927312 0.009320311 0.170810491 0.067746520 0.982927918
1403638175345096960.000000 -0.065614179 -0.394444078 0.548954189 -0.000304632 0.178625807 0.064940147 0.981771588
1403638175595097088.000000 -0.028047675 -0.376217037 0.517764866 -0.033600058 0.182856023 0.060477208 0.980702460
1403638176045097216.000000 0.039573740 -0.354648858 0.485357612 -0.050353985 0.183952197 0.046991348 0.980519235
1403638176295097088.000000 0.074501976 -0.346560538 0.482695699 0.011294462 0.186684206 0.038102884 0.981615841
1403638176795097088.000000 0.129868120 -0.343020231 0.483347088 0.018202936 0.189371929 0.037633434 0.981015146
1403638177145096960.000000 0.156477883 -0.347573191 0.485455930 0.015370383 0.189825237 0.037914578 0.980965137
1403638177595097088.000000 0.178461045 -0.346813589 0.500233233 0.017503271 0.185571879 0.055773828 0.980890393
1403638177945096960.000000 0.191462979 -0.344046116 0.516999424 0.043261763 0.183019459 0.087010652 0.978295147
1403638178195097088.000000 0.202008724 -0.342639297 0.525211036 0.054742631 0.204539225 0.085077755 0.973616302
1403638178445096960.000000 0.215314984 -0.345132351 0.528235376 0.059171494 0.249244705 0.106438838 0.960753143
1403638178645096960.000000 0.225917280 -0.343686134 0.528165758 0.046391159 0.291860878 0.134737894 0.945785880
1403638178845096960.000000 0.236086875 -0.341181397 0.527196705 0.039438047 0.334646851 0.155468658 0.928593338
1403638179045097216.000000 0.248338044 -0.337232530 0.525126338 0.019771021 0.360641241 0.167148262 0.917392194
1403638179295097088.000000 0.265600026 -0.329502523 0.523979604 -0.002078786 0.386756659 0.167588800 0.906823575
1403638179445096960.000000 0.277054906 -0.323513925 0.523671389 0.002995457 0.409123361 0.172294334 0.896060109
1403638179695097088.000000 0.298788667 -0.314100266 0.524980009 0.024868660 0.457459182 0.188038349 0.868765950
1403638179895097344.000000 0.317132175 -0.308013856 0.522572994 0.026433054 0.497086525 0.203089282 0.843185067
1403638180095097088.000000 0.333725184 -0.304771364 0.519793987 0.014006396 0.520448804 0.222242340 0.824345291
1403638180295097088.000000 0.351210237 -0.301454008 0.514935076 0.011349124 0.530774236 0.228800327 0.815965891
1403638180495097088.000000 0.370091051 -0.296012968 0.511913538 0.006841954 0.534480989 0.226422921 0.814257920
1403638180695097088.000000 0.389342487 -0.290043652 0.509217203 -0.001171730 0.534161210 0.221015409 0.815979540
1403638180895097344.000000 0.410449326 -0.287071198 0.506393731 -0.007331215 0.527543306 0.224012390 0.819428384
1403638181095097088.000000 0.433255732 -0.284960628 0.504102767 -0.000737746 0.522146583 0.224875882 0.822674453
1403638181295097088.000000 0.457443953 -0.280931175 0.502651572 0.018396420 0.521217346 0.226616800 0.822580636
1403638181445096960.000000 0.476015329 -0.276991487 0.501541734 0.034891963 0.533090889 0.235262334 0.811941087
1403638181645096960.000000 0.501232266 -0.270021379 0.497696161 0.060465161 0.568430185 0.240934789 0.784335077
1403638181795097088.000000 0.518262923 -0.265348583 0.492496520 0.049000192 0.598259926 0.243680432 0.761776805
1403638182095097088.000000 0.551327705 -0.258164227 0.477302253 0.018973352 0.637160480 0.263302982 0.724111915
1403638182245097216.000000 0.567088664 -0.256440043 0.468849123 0.013434651 0.642661929 0.275866419 0.714634776
1403638182395097344.000000 0.582812726 -0.254197061 0.460049927 0.013570498 0.641379237 0.288562417 0.710760355
1403638182545097216.000000 0.599229097 -0.252140552 0.450800061 -0.000149828 0.643965662 0.282390863 0.711030006
1403638182695097088.000000 0.616793633 -0.251562089 0.440820038 -0.009565459 0.644045532 0.275983781 0.713405073
1403638182845096960.000000 0.635594189 -0.251262069 0.430907845 -0.006460749 0.641781747 0.273960888 0.716254056
1403638182995097088.000000 0.654109001 -0.251176953 0.421330392 0.003754449 0.641872466 0.267746508 0.718538404
1403638183145096960.000000 0.673731983 -0.249784455 0.412990570 0.009354554 0.644794643 0.255417466 0.720357120
1403638183295097088.000000 0.693238735 -0.246928126 0.405557156 0.002404576 0.644356906 0.252532840 0.721821010
1403638183445096960.000000 0.712563634 -0.243329138 0.398810327 -0.009584743 0.640212834 0.261283785 0.722334027
1403638183845096960.000000 0.766355515 -0.235777825 0.383633912 0.000893825 0.647570193 0.242474526 0.722397506
1403638184045097216.000000 0.793761373 -0.237455755 0.376566648 0.003881391 0.649047852 0.240896404 0.721589029
1403638184245097216.000000 0.820688426 -0.239134520 0.370746195 -0.009111677 0.644267082 0.255024463 0.720971167
1403638184445096960.000000 0.848743618 -0.239940882 0.367220283 -0.004478384 0.646839619 0.251381814 0.719990075
1403638184645096960.000000 0.876316905 -0.241026044 0.365136445 0.001105650 0.649567366 0.246731251 0.719155550
1403638185045097216.000000 0.930321097 -0.244719803 0.364273548 0.003600283 0.650931299 0.246428832 0.718016922
1403638185295097088.000000 0.964875221 -0.247903407 0.366629303 -0.003720515 0.652667105 0.240743935 0.718369126
1403638185495097088.000000 0.989928126 -0.252078414 0.368585825 -0.003324127 0.650920868 0.225525931 0.724864841
1403638185995097088.000000 1.048434854 -0.265733182 0.383113861 0.026267324 0.601487875 0.248099774 0.758926153
1403638186245097216.000000 1.076807737 -0.269352913 0.391519427 0.011927954 0.601872623 0.238980189 0.761902571
1403638186745097216.000000 1.133994699 -0.279665709 0.406775236 -0.000256792 0.609520376 0.222638041 0.760866046
1403638186995097088.000000 1.160282135 -0.285678774 0.417586565 -0.008494644 0.592829764 0.206200838 0.778435528
1403638188595097088.000000 1.270241976 -0.348508745 0.482747257 0.088969529 0.486297667 0.139086440 0.858052433
1403638188895097344.000000 1.266605258 -0.350546718 0.484231055 0.069106638 0.462408155 0.143845260 0.872187793
1403638189145096960.000000 1.256217122 -0.349902958 0.481826544 0.065580614 0.438805997 0.143476292 0.884625971
1403638190545097216.000000 1.185265899 -0.348645270 0.454911828 0.048736271 0.343258739 0.086889997 0.933942437
1403638190845096960.000000 1.166533828 -0.349441558 0.446516156 0.047971744 0.316748947 0.099227816 0.942084253
1403638191145096960.000000 1.142379403 -0.350333810 0.440039694 0.054005858 0.304556757 0.107334115 0.944885194
1403638191445096960.000000 1.114569545 -0.351526916 0.429559171 0.028297026 0.298724830 0.115352064 0.946919620
1403638191745097216.000000 1.091207027 -0.351427227 0.424638718 0.026150698 0.300541043 0.107592583 0.947319984
1403638191995097088.000000 1.073103428 -0.353292793 0.419663608 0.023000257 0.299734831 0.103025176 0.948164463
1403638192195097088.000000 1.057616949 -0.356190443 0.414229929 0.025488837 0.296051890 0.102897391 0.949271142
1403638192445096960.000000 1.039060593 -0.356093615 0.409818441 0.048342228 0.289246261 0.105374187 0.950208366
1403638192845096960.000000 1.009420872 -0.364714026 0.399540246 0.092094943 0.283000231 0.105203144 0.948873878
1403638193045097216.000000 0.987698793 -0.369090110 0.396213412 0.127911910 0.271442056 0.120423116 0.946285427
1403638193245097216.000000 0.962737679 -0.368990600 0.387154341 0.112659715 0.255889058 0.114833422 0.953227103
1403638193445096960.000000 0.933956921 -0.373317599 0.374258220 0.101464339 0.250861585 0.099615924 0.957522929
1403638193645096960.000000 0.905695796 -0.375617743 0.361596763 0.097223073 0.246159464 0.095847994 0.959565699
1403638193845096960.000000 0.877602518 -0.376806080 0.344672084 0.074088879 0.241086811 0.102575645 0.962219477
1403638194045097216.000000 0.850815237 -0.376210868 0.328143150 0.066080384 0.239343062 0.105306089 0.962942898
1403638194245097216.000000 0.826149583 -0.367130518 0.313414395 0.085126929 0.241800278 0.101104707 0.961282432
1403638194445096960.000000 0.795458078 -0.363370359 0.298859298 0.075435065 0.241569921 0.106169753 0.961603642
1403638194645096960.000000 0.765978396 -0.355318040 0.281168222 0.062221754 0.241624027 0.109660789 0.962143898
1403638194845096960.000000 0.740496397 -0.350988865 0.263983846 0.046141829 0.241241798 0.112325534 0.962837636
1403638195545097216.000000 0.660800934 -0.334345073 0.233010530 0.036243144 0.241280764 0.115981273 0.962817967
1403638195845096960.000000 0.631817162 -0.328154504 0.231453121 0.041900739 0.242550790 0.115142331 0.962369800
1403638196145096960.000000 0.609561324 -0.318132043 0.225300819 0.036393233 0.240157753 0.116798565 0.962994277
1403638196745097216.000000 0.572019100 -0.336390704 0.234053537 0.030014563 0.241152793 0.122773260 0.962222040
1403638196995097088.000000 0.560844362 -0.342681617 0.247717932 0.040987466 0.245119929 0.118734516 0.961321175
1403638197295097088.000000 0.550344110 -0.357591778 0.264020264 0.051377356 0.253817499 0.105206519 0.960139930
1403638197545097216.000000 0.542164683 -0.373778731 0.274458081 0.060109828 0.260612369 0.093277946 0.959044993
1403638198145096960.000000 0.515330791 -0.406258583 0.291440606 0.084546790 0.255707502 0.103435963 0.957479239
1403638198445096960.000000 0.489963979 -0.403395563 0.313712478 0.064431921 0.261439234 0.100012511 0.957859874
1403638198645096960.000000 0.473672718 -0.394721121 0.326905906 0.059560254 0.274879038 0.072324179 0.956902981
1403638198845096960.000000 0.453607768 -0.385157704 0.336006016 0.064873792 0.286318183 0.044879604 0.954881728
1403638199045097216.000000 0.423009664 -0.386062235 0.346596837 0.061736170 0.288865805 0.049871258 0.954074442
1403638199245097216.000000 0.387758285 -0.389884382 0.361838579 0.067936465 0.289608032 0.058877952 0.952914059
1403638199545097216.000000 0.327069014 -0.414738029 0.374884486 0.058171619 0.296296507 0.050482877 0.951985300
1403638199745097216.000000 0.268724144 -0.435271382 0.407636881 0.057388909 0.289673448 0.059567899 0.953544676
1403638199945096960.000000 0.221707657 -0.447905302 0.417533994 0.058562998 0.265344650 0.082251057 0.958852112
1403638200195097088.000000 0.141475722 -0.492527604 0.480973393 0.049811292 0.271561712 0.070694365 0.958527744
1403638200395097344.000000 0.080723032 -0.512184560 0.520072699 0.068257496 0.260318786 0.051746003 0.961715877
1403638200595097088.000000 0.031404853 -0.526094317 0.551571071 0.066301271 0.249182433 0.027084032 0.965804696
1403638200745097216.000000 -0.005082346 -0.546013832 0.572224557 0.057950038 0.239787996 0.010689532 0.969035268
1403638200945096960.000000 -0.054224737 -0.564252198 0.602809250 0.053007696 0.229418561 0.016427666 0.971744537
1403638201145096960.000000 -0.105111331 -0.580221176 0.627089620 0.057059001 0.222386509 0.036625143 0.972598135
1403638201345096960.000000 -0.150813669 -0.589108586 0.647545695 0.060965486 0.224483907 0.042472869 0.971641004
1403638201445096960.000000 -0.169814989 -0.593457818 0.655191362 0.061260365 0.225244418 0.041295186 0.971497238
1403638201545097216.000000 -0.189146757 -0.594980896 0.662340760 0.063789532 0.225738585 0.041085038 0.971228600
1403638201645096960.000000 -0.207691640 -0.597044468 0.669611990 0.066560552 0.226297289 0.039581317 0.970975041
1403638201745097216.000000 -0.226847842 -0.596645057 0.676610768 0.068273410 0.225653693 0.040747199 0.970957696
1403638201845096960.000000 -0.244550854 -0.596055388 0.683161378 0.070927754 0.223210692 0.041973557 0.971279800
1403638201945096960.000000 -0.262911826 -0.595928073 0.688886046 0.068952747 0.219259202 0.039704453 0.972416818
1403638202045097216.000000 -0.279200256 -0.595257342 0.693117321 0.069317989 0.207232565 0.038143799 0.975087047
1403638202195097088.000000 -0.303900391 -0.595820248 0.700052738 0.064311489 0.187081218 0.045213774 0.979193747
1403638202295097088.000000 -0.320973784 -0.596692741 0.702058256 0.056566775 0.176489905 0.047066782 0.981547892
1403638202445096960.000000 -0.348636866 -0.598017275 0.704770207 0.053564820 0.166623235 0.047621429 0.983412325
1403638202595097088.000000 -0.376619607 -0.598959923 0.707286954 0.050893839 0.159693629 0.050063323 0.984581888
1403638202745097216.000000 -0.404735565 -0.599267781 0.710722387 0.047748476 0.156741917 0.049591660 0.985237420
1403638202845096960.000000 -0.425403029 -0.598682940 0.712968469 0.048545383 0.157006055 0.048202012 0.985225379
1403638202995097088.000000 -0.452030182 -0.597733378 0.717878938 0.050155934 0.155021593 0.047700450 0.985483289
1403638203295097088.000000 -0.516234517 -0.597037733 0.724711239 0.059842374 0.156386614 0.042918008 0.984946787
1403638203595097088.000000 -0.575810969 -0.597534895 0.728831351 0.060662340 0.151286647 0.049500994 0.985384285
1403638204045097216.000000 -0.664188445 -0.597212195 0.731589377 0.057502419 0.149057180 0.049247772 0.985926092
1403638204395097344.000000 -0.726997733 -0.605812907 0.728172719 0.038241003 0.136305079 0.078858897 0.986782610
1403638204695097088.000000 -0.770384729 -0.611612022 0.727146804 0.040022209 0.130556196 0.080056362 0.987392724
1403638205095097088.000000 -0.815261841 -0.608760893 0.731283307 0.046239376 0.059435312 -0.003609768 0.997154117
1403638205395097344.000000 -0.850155592 -0.608322740 0.733547747 0.057386838 -0.071472399 -0.061198428 0.993908048
1403638205745097216.000000 -0.847243130 -0.614650905 0.698502958 0.082798496 -0.169663787 -0.135677069 0.972599804
1403638206045097216.000000 -0.884795129 -0.620651305 0.684044719 0.079219311 -0.233652472 -0.154288277 0.956726670
1403638206345096960.000000 -0.926231146 -0.626356006 0.659859896 0.079946801 -0.303961575 -0.160747796 0.935615361
1403638206645096960.000000 -0.966657877 -0.625843346 0.632737637 0.080446668 -0.337883830 -0.150133833 0.925647199
1403638206895097344.000000 -0.997715414 -0.619093060 0.609105945 0.078810550 -0.358882546 -0.153729990 0.917256474
1403638207195097088.000000 -1.030515552 -0.604335308 0.580167592 0.085597359 -0.371429265 -0.149656966 0.912313640
1403638207395097344.000000 -1.048283339 -0.590621769 0.560962439 0.090462700 -0.391417474 -0.154033378 0.902708530
1403638207695097088.000000 -1.068305135 -0.569012403 0.526336670 0.071970105 -0.437482834 -0.174608558 0.879170656
1403638207995097088.000000 -1.081207156 -0.552828789 0.488837719 0.044446763 -0.453736782 -0.185318559 0.870519638
1403638208395097344.000000 -1.091930270 -0.532461882 0.443199158 0.050461497 -0.452531338 -0.181285277 0.871667743
1403638208945096960.000000 -1.096645474 -0.505437493 0.386051714 0.045451768 -0.489450186 -0.198036000 0.848029733
1403638209395097344.000000 -1.093795180 -0.480223268 0.346771479 0.042847570 -0.499091178 -0.198378041 0.842447817
1403638209845096960.000000 -1.085370302 -0.438931853 0.321525216 0.047939356 -0.497059852 -0.197376087 0.843608916
1403638210295097088.000000 -1.069642186 -0.382147521 0.305616379 0.070687756 -0.499402016 -0.186594665 0.843079627
1403638210745097216.000000 -1.039316535 -0.326916277 0.288112342 0.070782587 -0.499215573 -0.181757495 0.844238043
1403638211195097088.000000 -0.995020151 -0.281440943 0.269470870 0.047059588 -0.499259889 -0.188190803 0.844457924
1403638211645096960.000000 -0.940825939 -0.241786659 0.250883341 0.044101316 -0.463628173 -0.169428006 0.868560970
1403638212095097088.000000 -0.880467296 -0.205630809 0.240336269 0.037828974 -0.364476323 -0.117336586 0.923015833
1403638212545097216.000000 -0.813378274 -0.184127256 0.230046198 0.046372104 -0.254761130 -0.081421785 0.962453604
1403638213045097216.000000 -0.731539428 -0.177861676 0.217953667 0.044657730 -0.123816960 -0.029345917 0.990865231
1403638213595097088.000000 -0.630136609 -0.177075520 0.210733190 0.013748597 0.016073434 0.066661097 0.997551501
1403638213945096960.000000 -0.556261122 -0.178183749 0.209091172 0.045152597 0.069046244 0.038719814 0.995838702
1403638214545097216.000000 -0.431983054 -0.185641661 0.202518910 0.016910736 0.056802444 0.027089359 0.997874558
1403638215345096960.000000 -0.278699785 -0.178401724 0.218991727 0.044055939 0.049133766 0.009925068 0.997770786
1403638215995097088.000000 -0.173969984 -0.170045629 0.225470394 0.048435483 0.060146734 0.017522074 0.996859789
1403638216495097088.000000 -0.106123462 -0.163890839 0.223572895 0.053186070 0.073645979 0.016058348 0.995735765
1403638216995097088.000000 -0.049784008 -0.154021844 0.217034429 0.056356344 0.093696885 0.016951244 0.993859887
1403638217495097088.000000 -0.005373845 -0.136955976 0.207684696 0.038856093 0.143222138 0.043528914 0.987969100
1403638217995097088.000000 0.026329331 -0.135093689 0.193472415 0.034976423 0.156683370 0.017792979 0.986868978
1403638220945096960.000000 0.009962588 -0.088221200 0.079314247 0.036220647 0.174903288 0.055444900 0.982355714
1403638223245097216.000000 -0.015961867 -0.037412148 0.002263828 0.022130074 0.173249006 0.068043225 0.982275486
1403638223795097088.000000 -0.017608281 -0.028070381 -0.007225088 0.031832337 0.176436633 0.062563576 0.981805801
1403638224295097088.000000 -0.017449601 -0.017118799 -0.011194342 0.012416800 0.178000137 0.056769937 0.982313097
1403638224795097088.000000 -0.020227287 -0.010664415 -0.009775051 0.013836006 0.175919965 0.063387647 0.982264102
1403638225495097088.000000 -0.021478338 -0.012869024 -0.007673114 0.038707834 0.174481094 0.057889726 0.982194901
1403638226045097216.000000 -0.023827372 0.001045739 -0.004024751 0.008586532 0.169050023 0.062025979 0.983616352
1403638226345096960.000000 -0.027299870 0.002113006 -0.015102152 0.006354938 0.168950126 0.057633352 0.983917654
1403638226695097088.000000 -0.033439107 -0.002921880 0.000931334 0.007125433 0.172275305 0.058346152 0.983293533
