0.0 -0.05232712152243924 2.7420147628322415 -0.8985114794553943 0.0167686532336 -0.0295983925786 -0.0320061914531 0.998908579968
20.0 -0.05404570690109431 2.6944231860091805 -0.8818226995273817 0.0255938667952 -0.0210948357974 -0.017813579543 0.999291067842
40.0 -0.06172249045205334 2.6430335168115966 -0.8641144549991064 0.0275415787825 -0.0181423836355 -0.017159167006 0.999308700223
60.0 -0.07151430751618497 2.5904813945653857 -0.8460606846250311 0.0243458619741 -0.0208051527681 -0.0210331081627 0.999265746928
80.0 -0.07910785071847742 2.540403131433975 -0.8320421254587124 0.023058575694 -0.0180931924743 -0.0245595606191 0.999268615766
100.0 -0.08575722665051162 2.4916512888561018 -0.8234205722305344 0.0266528906918 -0.00872438549329 -0.0291776975898 0.999180749654
120.0 -0.09353872547673285 2.4442965544413333 -0.8152302700402929 0.0267537423253 -0.00785477584643 -0.0329659795601 0.999067457162
140.0 -0.10060322488136712 2.3995112377456804 -0.8062110420647923 0.0214009397794 -0.0115202297081 -0.0365457038651 0.999036383528
160.0 -0.10433391595978257 2.357303393121046 -0.7989302862345967 0.0149496526379 -0.0136901277644 -0.0375228037843 0.999090149828
180.0 -0.10322778553869279 2.322348450423921 -0.784998176708418 0.00703702332745 -0.0150444588869 -0.0396631034022 0.99907506364
200.0 -0.10549986703539062 2.2937289771143177 -0.7682633710261714 -0.00692129260332 -0.023850699104 -0.0436748501452 0.998737076175
220.0 -0.10286947253282655 2.2679876424321175 -0.7581591055214216 -0.0111067293831 -0.0245432742063 -0.0432614929114 0.998700511407
240.0 -0.09593587270398049 2.244001830772779 -0.7538758406915511 -0.0051305269985 -0.0156326619041 -0.0388332314813 0.99911024302
260.0 -0.09156544250593801 2.220152531809779 -0.7495830465587917 0.00185553948761 -0.0121952657439 -0.0339450775909 0.999347569254
280.0 -0.09047270615521558 2.1954346657697212 -0.7406282324887492 0.00237731391795 -0.0201764138579 -0.033405386762 0.999235378095
300.0 -0.08702065613453754 2.170390410881793 -0.7321209013169361 0.00155782773475 -0.0205462697628 -0.0348551857175 0.999179933746
320.0 -0.07735631490893916 2.147091069118337 -0.7275458725059375 0.00480398097456 -0.00495811752435 -0.0289513828409 0.999556980001
340.0 -0.07181434145887504 2.1233968786893356 -0.717524519968669 0.0018354630067 -0.0056722248985 -0.0239571011852 0.999695210673
360.0 -0.07350816697989862 2.0953229059162193 -0.701102444875108 -0.00471250868409 -0.0192467085411 -0.0331915196691 0.999252560414
380.0 -0.08167599709244033 2.060623843571552 -0.6827022761168862 -0.00506850219565 -0.0238651600127 -0.0554229833463 0.998164844773
400.0 -0.08776722212418499 2.0226849705803356 -0.6717740466784876 0.000639338655835 -0.0222807438705 -0.0746067848696 0.996963884677
420.0 -0.08730836449778269 1.983269028531009 -0.6688188363378432 0.0155095396809 -0.0150623409255 -0.0808409873378 0.996492506159
440.0 -0.08278892850852858 1.9458525093531065 -0.6668407419765892 0.0248507953474 -0.0167991151964 -0.0758576964753 0.996667365566
460.0 -0.07565749188029823 1.910248181070369 -0.6624059848733991 0.0244747482033 -0.0185686758526 -0.0669393348377 0.997283969804
480.0 -0.0672181758323938 1.875830782813353 -0.6556810092241203 0.0183189461515 -0.013341492251 -0.0564916256262 0.99814583956
500.0 -0.059411502349687215 1.8422913802172718 -0.6475046549084312 0.0113520664131 -0.00534419039797 -0.0495621514348 0.998692226545
520.0 -0.052100700972123146 1.8089577829976324 -0.637423360899273 0.00611624304021 -0.00126394632373 -0.0438367415083 0.999019186054
540.0 -0.04455047652086559 1.7747212721456156 -0.6258031332634881 0.00463950721114 -0.000977725465359 -0.0391886620726 0.999220580148
560.0 -0.033717582033413566 1.7435408059936204 -0.612009650937954 0.00405789696934 -0.00215956209553 -0.0306270768616 0.999520310913
580.0 -0.020836376243672284 1.7145564224181402 -0.5969558218144939 0.00319419206708 -0.00229001228813 -0.0196456445604 0.999799280671
600.0 -0.008602223231914726 1.6848581040988921 -0.5822592921704732 0.00305519489025 -0.000357740192173 -0.00943560168972 0.999950752401
620.0 -0.0029158919215055575 1.6516483725963953 -0.5673824391616724 0.00404532401042 -0.00101543739017 -0.00840952089395 0.999955941129
640.0 -0.00461159994252065 1.6142534016006875 -0.5534795519163797 0.00881445859634 -0.00333499179886 -0.0167096746227 0.999815968028
660.0 -0.0023681626334684297 1.5794906581218087 -0.5441224037871178 0.0146098411883 -0.00278767079345 -0.0219162479859 0.999649168212
680.0 0.004179109013575912 1.5475230840223029 -0.5384769368154851 0.0201016601788 0.00321453364281 -0.0190815982909 0.999610665528
700.0 0.012575820187452704 1.5158273878619715 -0.5337212880912926 0.0199428494005 0.00401099984508 -0.0124208880466 0.999715917738
720.0 0.021191036436788258 1.4839487200836774 -0.5282406232658524 0.0155518951137 0.00471476889094 -0.00560792711539 0.999852219414
740.0 0.029843473151013884 1.451397516764763 -0.5237742772465926 0.0113465546071 0.00840663791354 -0.00136721586773 0.999899352364
760.0 0.0386649125141023 1.4195476309606316 -0.5218437270484109 0.00940199333174 0.0106277976287 0.0040921023789 0.999890947622
780.0 0.04774014409507366 1.3882490743397868 -0.5210454813462746 0.00880911383591 0.0115884527998 0.00930057511123 0.999850792157
800.0 0.05505443179386268 1.3554356120926423 -0.5196671504011537 0.00818330428313 0.012776534647 0.0109435055466 0.999825001378
820.0 0.05870499948000629 1.3188835494787796 -0.5167622380808979 0.0107714333621 0.0173661204027 0.0115768407759 0.999724147374
840.0 0.057838869036783695 1.2783371922587152 -0.5096656290005388 0.0129836737376 0.021676405943 0.0128279290735 0.999598420306
860.0 0.0558606309187149 1.237119105836101 -0.49637279393131467 0.00895983036893 0.019283487188 0.0177296527884 0.999616690524
880.0 0.05642125243343576 1.1947131289321768 -0.4803396772393889 0.00328679125652 0.0179398190224 0.0269546629849 0.999470262709
900.0 0.06139749224018161 1.1527615345031765 -0.4678231721818616 0.0038093232604 0.021593315785 0.0397584523756 0.998968709838
920.0 0.0684017305439568 1.1105625442334024 -0.45734749812307246 0.00746951785262 0.0280223168647 0.0533654187454 0.998153839918
940.0 0.07735941466904775 1.0680087341229407 -0.44582045328411 0.00846136592671 0.0323933068754 0.0686322740802 0.997080081995
960.0 0.08490703007545645 1.0246405664404783 -0.4336027714268349 0.00847856843971 0.0338262949839 0.0795869817858 0.996217751285
980.0 0.08951999319923298 0.9804322141484315 -0.4196854177904844 0.00716048917144 0.0324181169315 0.0812556927533 0.996140203729
1000.0 0.09426780761426752 0.9365434666484314 -0.40530066097026424 0.00324194098116 0.0268634848082 0.0803951402355 0.996395736858
1020.0 0.0983389795740311 0.8916477655631266 -0.39481854890105084 0.00413532752609 0.028774536911 0.0746468074423 0.996786225442
1040.0 0.09938116180649305 0.8459235184345398 -0.38579758842042267 0.00658068568399 0.0322777818665 0.0627915707706 0.997482861013
1060.0 0.09494814366462419 0.7991033033288251 -0.3749796422131827 0.0086047497801 0.0276876033701 0.0471484355614 0.998467014941
1080.0 0.08993177632127382 0.7549549586611086 -0.36298602988399664 0.00652021569269 0.015440454538 0.0346015041627 0.999260634199
1100.0 0.08848552227310852 0.7149639629335459 -0.35511184136675317 0.00544919673241 0.00719845747313 0.0234515758602 0.999684206164
1120.0 0.09055382197670594 0.6785711374183312 -0.35012008259294053 0.00495410336462 0.00806762385702 0.014579356805 0.999848894914
1140.0 0.08879339580411688 0.6425677535939687 -0.34266085009057007 0.00483540375503 0.00753743471403 0.00702286301947 0.999935240575
1160.0 0.08355742915179695 0.6073841526519492 -0.33083658292128787 0.000834844205297 -9.65477036405e-05 -0.000547807298363 0.99999949681
1180.0 0.08000575155047446 0.5732648176119568 -0.3198341008854934 -0.00207586610422 -0.00216941455612 -0.00641075267099 0.999974943021
1200.0 0.07710933583093366 0.5394150568115104 -0.3101448906197932 -0.00132396295836 0.00168093268893 -0.0100929461189 0.999946775597
1220.0 0.07414948704659223 0.5054902571691734 -0.29920896383203527 -0.00104200218437 0.00329469651918 -0.0112288379411 0.999930983821
1240.0 0.07081693413088139 0.47136208317710326 -0.28638946220610456 -0.00116464564865 0.00021292564325 -0.00924543998086 0.999956559108
1260.0 0.06559773625977194 0.43448725217055745 -0.2713589869005976 -0.00043726093233 -0.00278898792981 -0.00559718305276 0.999980350752
1280.0 0.06214109095876568 0.39717640395737314 -0.2549889579610558 -0.00134996093192 -0.00570841263995 0.00249851133722 0.999979674329
1300.0 0.059339735386528675 0.3596130657947578 -0.2390263236898326 0.000435029164863 -0.00441683591523 0.00978186861305 0.999942307014
1320.0 0.057011863872106106 0.3217637062072598 -0.22409370727466368 0.00434568981673 0.00129388085475 0.0151559660372 0.999874860943
1340.0 0.058929069203918806 0.2866723652437361 -0.21021497344039905 0.00727730653081 0.00639703514267 0.0290935160542 0.999529732462
1360.0 0.06530496119836546 0.25703644924146246 -0.19986502661922714 0.00840372092052 0.0167092988644 0.048408631829 0.998652482684
1380.0 0.07508053326828222 0.2317758413944997 -0.1910233096911722 0.0056082677836 0.0282528138667 0.0719950940591 0.996988983025
1400.0 0.08735444643420488 0.20976195774868583 -0.18305146038185355 0.00225937024239 0.041098634326 0.0986313977624 0.994272419852
1420.0 0.10208415816074341 0.18759903518880106 -0.1720482442028524 -0.000943940966037 0.0486671888209 0.125231836581 0.990932692373
1440.0 0.11801880685492082 0.16349699058120715 -0.16026387722187185 -0.00329549106654 0.0529449656983 0.148117685574 0.987546009848
1460.0 0.13164876687008006 0.1341002312744738 -0.14724316343546043 -0.00298420963465 0.059869306042 0.160805356801 0.985164147699
1480.0 0.14381514152811875 0.10088154839004883 -0.1324388885409594 -0.00176395911562 0.0635733988831 0.169220266286 0.98352418012
1500.0 0.15498990812606825 0.0689007586045508 -0.11794798845294659 -1.65802199612e-05 0.06354328278 0.175783842571 0.982375840313
1520.0 0.1654626607128565 0.03919318685336907 -0.10463198962989047 0.000720670241077 0.0627660070383 0.181011737699 0.981475756099
1540.0 0.17647902871998133 0.01240517492343898 -0.09340351000533137 8.71191191488e-05 0.0653202230321 0.186426437575 0.980295080191
1560.0 0.19028821457541056 -0.009101490189490389 -0.08770463197248689 0.0005717261023 0.0763255117307 0.197993966746 0.977226932969
1580.0 0.2035861170486572 -0.03143035078768627 -0.08083040417746103 0.000472937664846 0.0837829685991 0.208174836818 0.974496499644
1600.0 0.21578206516774087 -0.0557504563384632 -0.07015036641250368 -0.00196829334285 0.0830698598727 0.216768685836 0.972680246043
1620.0 0.226814324608247 -0.08119124256882243 -0.05799924186673556 -0.0047611306463 0.0786355817501 0.220648655133 0.972166625587
1640.0 0.23599250148024473 -0.11114137329174824 -0.04299528251757091 -0.0052814983877 0.0774346182067 0.217734983371 0.972916986538
1660.0 0.2410826895221183 -0.14525148299613297 -0.026078823474003802 -0.00415040980441 0.0791179876972 0.210885195838 0.974294900067
1680.0 0.24131799648164587 -0.1811938027598935 -0.008615754531300486 -0.00315894103109 0.0726479231811 0.199272470764 0.97724243806
1700.0 0.23892225760658678 -0.21791505915348408 0.005599612599546903 -4.98277331516e-05 0.0681747724805 0.185075716115 0.98035665817
1720.0 0.2363880512196522 -0.25251557127549384 0.01784185948599346 0.00319923719327 0.0668856825312 0.173155888996 0.982615442816
1740.0 0.2363671947213628 -0.2848121749510517 0.030559983313370453 0.00491672815676 0.0663901872059 0.167810899775 0.983568843927
1760.0 0.24034194996691385 -0.31279577294254385 0.04257787506640538 0.00522177098077 0.0706986416659 0.172898608041 0.982385111101
1780.0 0.24748883370308708 -0.33810858806345007 0.05611844650436614 0.00214768218924 0.0716345666946 0.184483274996 0.980219259943
1800.0 0.255552183080023 -0.36425351294186764 0.07138796469343822 -0.0011725459823 0.0692036087161 0.193683356252 0.978619559986
1820.0 0.2637887570328301 -0.394296382214208 0.08889862606358866 -0.00340132887622 0.069731379404 0.197967300655 0.977719240661
1840.0 0.27064763313405354 -0.42976617370677433 0.10857373452558071 -0.00235311746322 0.0750927944959 0.19796267008 0.977326105406
1860.0 0.2754494181648173 -0.4684269234328707 0.12946546623546007 -0.000194539327969 0.0763989738 0.194609993259 0.977900868943
1880.0 0.27875209322856553 -0.5079518749133842 0.15100194156632019 0.00262605456701 0.0731660187522 0.190913320333 0.978872791356
1900.0 0.28257747709701836 -0.5465937179866993 0.17111693464111247 0.00523750967119 0.0671070986027 0.187701329964 0.979917045744
1920.0 0.2877382512527307 -0.5826053360723696 0.18730129096902945 0.00798610377848 0.0662055027272 0.18574114885 0.980333249043
1940.0 0.2939774779460937 -0.6166899055397638 0.2025781513041023 0.00716836844008 0.0696044418271 0.184000221813 0.980432432422
1960.0 0.30026043566905314 -0.6497280158969745 0.2197361535871778 0.00443122349854 0.0686588670171 0.18227933661 0.980836667179
1980.0 0.30558003525713595 -0.6827738128616582 0.23827512578144408 0.000742534102211 0.0635419639485 0.178526324669 0.981880959618
2000.0 0.3094782988252994 -0.7159849756779104 0.25546779801609204 -0.000109642825999 0.0602847903521 0.170723119405 0.983473105139
2020.0 0.3129005988350193 -0.7474776435010221 0.2723927406274733 -0.000312285934984 0.0580020139758 0.163603524281 0.984819554891
2040.0 0.31412337156680126 -0.7791084134997602 0.2881681712657098 0.000677675030173 0.0550214551016 0.150124353301 0.987134671046
2060.0 0.31093246295283367 -0.8073948279586117 0.3050898246418265 -0.0031502883834 0.0413283276622 0.128181146413 0.990884271103
2080.0 0.30312219149666497 -0.8326702387130549 0.32138951125632986 -0.00973023616115 0.0256023507833 0.0967631268691 0.994930519894
2100.0 0.2933292297074031 -0.8562375071773671 0.3364934960440245 -0.0132726221941 0.0166164974716 0.0627831461516 0.997800584321
2120.0 0.28378831555268724 -0.879849252907999 0.3517540356726711 -0.0115577870823 0.0125782582285 0.0339608965815 0.999277169999
2140.0 0.2746882009160384 -0.9031965880026345 0.3669117996441996 -0.0105510983075 0.00472814105398 0.0118622105098 0.999862794072
2160.0 0.26793715079238006 -0.9234040213785009 0.38067019555465875 -0.010205377826 -0.00742939258476 -0.00719384847399 0.999894445896
2180.0 0.26325430486669477 -0.9405130199637531 0.39071959426929664 -0.00999382970663 -0.0153831563569 -0.0220256418613 0.999589092062
2200.0 0.25925669738231527 -0.9564165905405315 0.3977381315856288 -0.00870883690879 -0.0169758148668 -0.0337475759102 0.999248256936
2220.0 0.25934641609627845 -0.9694406732605467 0.4056149581911748 -0.0115060034388 -0.0229145334422 -0.037386614768 0.998971860003
2240.0 0.2654521291024097 -0.9730890116249834 0.42215697825222054 -0.0173551864749 -0.0254453914739 -0.0367160050489 0.998850972132
2260.0 0.2689360476513863 -0.9715328992107342 0.4387197384861644 -0.0261390701729 -0.0259590491162 -0.0410860749631 0.998476244697
2280.0 0.2698810698529238 -0.9701909132841643 0.45096365475054545 -0.033558400375 -0.0283632645212 -0.0471967645864 0.997918746393
2300.0 0.2694663008536048 -0.9708647152671771 0.4574976340874918 -0.032442522059 -0.0292568239161 -0.0545288607073 0.997556075801
2320.0 0.2686568647385792 -0.9719237896690386 0.4600134437873936 -0.0251853338162 -0.0308105167054 -0.0616463407544 0.997304436816
2340.0 0.26749441699512266 -0.9725439164788569 0.46212800092047795 -0.0190473535006 -0.0360068201927 -0.0678974575885 0.996860392672
2360.0 0.26609771309138636 -0.9729360168149864 0.46555111616552813 -0.0163295982051 -0.0416872223636 -0.0742841070489 0.996231595139
2380.0 0.26522456687762314 -0.9707761980725181 0.47252686704466046 -0.0202401514918 -0.0454743013325 -0.0813332736552 0.995443279541
2400.0 0.2637425318119612 -0.9690754146143373 0.479151643672445 -0.0254534355967 -0.0453231837324 -0.0901183319751 0.994573585953
2420.0 0.26156804320952814 -0.9691485377082116 0.48254550594764073 -0.0269808071133 -0.0452142428575 -0.0985294442492 0.993740236131
2440.0 0.25912332504192465 -0.9712176286607134 0.4826518052932783 -0.0245401203438 -0.0477897153252 -0.105841609688 0.992930752501
2460.0 0.25557160723790406 -0.9755381084673955 0.47879767513746335 -0.0195533104257 -0.0517524626994 -0.112989590862 0.992054788312
2480.0 0.2522082312834875 -0.9820971844355076 0.47264318393030874 -0.0152687282441 -0.0562065574862 -0.119416658363 0.991134375622
2500.0 0.24809342018852876 -0.9900739869075571 0.46491428370438326 -0.0135877799513 -0.0591434432856 -0.126032765728 0.990168252023
2520.0 0.24368987038281545 -0.9988487225625087 0.4564719715563211 -0.0133441730663 -0.0590168715214 -0.133327620776 0.989223274827
2540.0 0.23921121060048478 -1.00844427907755 0.4487442498196694 -0.0162488661746 -0.0611001654221 -0.138973559619 0.988275818717
2560.0 0.23517354373442284 -1.0185164162339895 0.4415644552812944 -0.019285950153 -0.0638801407121 -0.143428693749 0.987408522122
2580.0 0.23351876227754317 -1.020735920735844 0.4463159651025571 -0.0264537580651 -0.0682121532244 -0.146412385542 0.986514426755
2600.0 0.23449691996758262 -1.0208251787529328 0.4528839844190537 -0.0374800044227 -0.0717336015292 -0.146672582351 0.985868496944
2620.0 0.24163532562434906 -1.0210726553476985 0.45500895717874407 -0.0392612112277 -0.0674261632162 -0.142538238759 0.986709237972
2640.0 0.25099719977671775 -1.0216101496570111 0.45328855884472014 -0.0321080518925 -0.0603553605619 -0.135800213523 0.988374729271
2660.0 0.26124837683086594 -1.0213819993481776 0.45129841977639606 -0.0260209445707 -0.0577554893764 -0.125629956525 0.990052689464
2680.0 0.26787996404989356 -1.0211218487834697 0.45215477284133987 -0.0259554911919 -0.0595045557585 -0.117660065464 0.990929679299
2700.0 0.27337512764302907 -1.0208305462759326 0.45448487003515375 -0.0276534364314 -0.0588128897822 -0.112305261165 0.991546196485
2720.0 0.2776491086252533 -1.0218313116886133 0.4552083203532431 -0.0272150304151 -0.0541022388215 -0.109318502505 0.992160145785
2740.0 0.2813443162809705 -1.0238575428463683 0.4552829710970277 -0.0254137405251 -0.0497573527096 -0.10668465673 0.992721880318
2760.0 0.28443729856600297 -1.027197139602039 0.4550811510770252 -0.0245919532208 -0.0488966583217 -0.103752952258 0.993096006205
2780.0 0.286881561400799 -1.0309170478457665 0.4545039426086725 -0.0243883151894 -0.0492928663528 -0.100947254537 0.993370562887
2800.0 0.28981971255320044 -1.0357074007466824 0.4526572606464822 -0.0239998877723 -0.0495273010592 -0.098935691529 0.993570722585
2820.0 0.29184913509011673 -1.0420522609764795 0.44931989193383665 -0.0222414847658 -0.0477916174594 -0.0987402781581 0.993716073698
2840.0 0.2938065014772256 -1.048821861719329 0.44513013001378576 -0.0206176765708 -0.0461754995636 -0.098836152683 0.993817966016
2860.0 0.2946971869982021 -1.0543578698704323 0.44170647676256775 -0.0230598561312 -0.0502408832495 -0.101009760824 0.993348440832
2880.0 0.29050198342208405 -1.0551397341629742 0.43718415899486995 -0.0306204753192 -0.0623056687846 -0.119677549787 0.990382589813
2900.0 0.277913273644266 -1.0539992980559598 0.432127107161112 -0.0383794224029 -0.080760856925 -0.155425305289 0.983792497634
2920.0 0.2623677229860817 -1.0520752599283218 0.4219284857785799 -0.0385977841283 -0.0963057550128 -0.198613196127 0.974570782927
2940.0 0.24720035713651425 -1.0392265595355632 0.4231511094633251 -0.0416938694337 -0.115679450975 -0.244528824929 0.961813672003
2960.0 0.23137005016304452 -1.021869222490323 0.42599736705095725 -0.0511207175651 -0.135102524613 -0.293404831033 0.945011949769
2980.0 0.22422128770413122 -1.008145193243707 0.42452843987034405 -0.0475075379952 -0.136496995796 -0.32942623111 0.933054104663
3000.0 0.21994652918303392 -0.9999438693130064 0.420512977867319 -0.0388575882584 -0.136861334657 -0.350153644036 0.925824761215
3020.0 0.2109069343195214 -0.9913685733501825 0.4188409188351322 -0.0396038794921 -0.15305699517 -0.365359236738 0.917342747881
3040.0 0.18924910041135323 -0.97945435046439 0.4192004006485231 -0.0438501372234 -0.17689915354 -0.388204271941 0.903372181434
3060.0 0.16416232328670224 -0.9717866212123769 0.41899605096959025 -0.0385354407364 -0.187720122327 -0.412188511161 0.890717018333
3080.0 0.1367901202695585 -0.9672971799460915 0.417111419357911 -0.0216870484366 -0.184072380804 -0.433395443044 0.88193844485
3100.0 0.10558104560677765 -0.9604767340103556 0.41783628057030575 -0.0157908282485 -0.188540008057 -0.449748553056 0.872885762359
3120.0 0.07151319684310353 -0.9479603631501713 0.41907860143054565 -0.0280517605608 -0.208897893262 -0.468831632486 0.857771338586
3140.0 0.03669135064919743 -0.9336120836653424 0.4149891931129059 -0.0344014229922 -0.227351618696 -0.494822033374 0.838020846316
3160.0 0.003174957963164791 -0.9198958292872543 0.4039069022247919 -0.025117810202 -0.233421383871 -0.522553591885 0.81964705622
3180.0 -0.027124394593429847 -0.9097932455977675 0.39145176591386466 -0.0132062857362 -0.234357229925 -0.544509978418 0.805239819062
3200.0 -0.05101497189260689 -0.8991448432020822 0.380584725187094 -0.0142654833978 -0.241624849411 -0.560605253942 0.791918984103
3220.0 -0.07201104104138774 -0.8881502826034153 0.37214369642388734 -0.024457616533 -0.251620868596 -0.574814749966 0.778252379824
3240.0 -0.09115045898191021 -0.8774677213379501 0.3633275509375095 -0.030361929687 -0.256447587253 -0.589364344923 0.765481846389
3260.0 -0.11387298735540258 -0.8650187637582667 0.35348177109477114 -0.028085419417 -0.257860829725 -0.604008341322 0.753586707236
3280.0 -0.14041869463846626 -0.8503160083435253 0.3442248898017011 -0.0226146726909 -0.261927924739 -0.615740211026 0.742796291958
3300.0 -0.16684388540526832 -0.8332997851586661 0.33820479733667924 -0.0267350757727 -0.268112368898 -0.625152507619 0.732519853372
3320.0 -0.19139549627169983 -0.8147979836884066 0.3332749228183634 -0.0340074975272 -0.275822238239 -0.634522102442 0.721212371301
3340.0 -0.21164221183478574 -0.7950328447271815 0.3273960149869561 -0.0388466404847 -0.282809322662 -0.647503735883 0.706575358724
3360.0 -0.23195435782062301 -0.7706218100638156 0.3182841424480157 -0.0394707696059 -0.290005428442 -0.666585468314 0.685567446174
3380.0 -0.2519337355391316 -0.7422931021524829 0.30721188211992784 -0.0361566046824 -0.296773525513 -0.690796397097 0.658345283457
3400.0 -0.26882002161793234 -0.7053751935118338 0.30695856356834944 -0.0362927007098 -0.305355792205 -0.717836697654 0.624620809406
3420.0 -0.28310179255337914 -0.6633542492820851 0.3093233115493496 -0.0426217318 -0.312770191133 -0.747313145133 0.584706130144
3440.0 -0.29448468927647314 -0.6193177906796733 0.3056671435366514 -0.0434864172242 -0.320565663618 -0.777306152358 0.539575511242
3460.0 -0.3078603622539112 -0.5741108155402993 0.2930261487654138 -0.0311083420581 -0.330768126691 -0.80023464145 0.499248671549
3480.0 -0.3243117790836355 -0.5250504877119323 0.27912347864943093 -0.0175061390827 -0.344626761972 -0.813379738702 0.4683367706
3500.0 -0.3427609176622285 -0.4755040211906063 0.2667750166369647 -0.0166809890701 -0.357977026316 -0.818946115119 0.448220318331
3520.0 -0.3633833426689135 -0.4300838720875456 0.25540122659423675 -0.0241649792538 -0.367417522973 -0.820006162536 0.438189811604
3540.0 -0.38263223907718336 -0.38946802057296437 0.24521057335047608 -0.0206571745351 -0.371161896269 -0.816969180804 0.440878084639
3560.0 -0.4051171644558392 -0.35940077287204036 0.22844878215333023 -0.0147231862583 -0.372603830971 -0.810978444949 0.450847618115
3580.0 -0.42565231824895217 -0.3313478121853506 0.20947390671597696 -0.00955580798058 -0.370757315444 -0.807760113333 0.458226252943
3600.0 -0.44230920842529386 -0.3060647021472311 0.19326499090054194 -0.0166100968063 -0.364604399067 -0.809108036382 0.460577813541
3620.0 -0.45694297326614414 -0.28334884070443456 0.1771230423973456 -0.0240873663654 -0.358887935076 -0.811535814606 0.460465927567
3640.0 -0.47087393622974105 -0.26264922495525905 0.15954701764272386 -0.0251043699883 -0.354027011899 -0.814000027948 0.459824531702
3660.0 -0.4837634943753787 -0.24412311428462974 0.1406771771269424 -0.0225540554191 -0.351871396227 -0.815460711281 0.459022508663
3680.0 -0.4956801018044815 -0.22650202043986262 0.12164481394049209 -0.0207262888381 -0.352236240086 -0.815923059614 0.458006127591
3700.0 -0.5068776128743981 -0.2092207741213102 0.10500599631588312 -0.0252868434775 -0.354018297233 -0.815763361786 0.456685623093
3720.0 -0.5174875127467948 -0.19253647085665193 0.0898203282178939 -0.0286226066136 -0.354344565879 -0.81623443642 0.455392160477
3740.0 -0.5272945706333937 -0.17578224309853085 0.07551977876246208 -0.0286368781946 -0.352955916247 -0.817243792073 0.45465881132
3760.0 -0.542806461030386 -0.15114405208237494 0.060959999239169886 -0.0256277177619 -0.352714729531 -0.818120934964 0.453446441632
3780.0 -0.5631198265725091 -0.11833019014886209 0.04622563389007779 -0.0217999514315 -0.354330631168 -0.818545365947 0.451617149609
3800.0 -0.5853835849088749 -0.0811307407103901 0.034469636642966345 -0.0250795203115 -0.355428722228 -0.819071814944 0.449625180612
3820.0 -0.6096718677076942 -0.04239701396243497 0.021985107937522227 -0.0298697470691 -0.356138578845 -0.819336710276 0.448286143062
3840.0 -0.6350144147855359 -0.004413234311131444 0.008649815913334363 -0.0303487080492 -0.356909241657 -0.81956655926 0.447219637408
3860.0 -0.6596164791558545 0.03356990625724837 -0.0061866224152941525 -0.0273078981538 -0.359118441921 -0.818689962343 0.447252690244
3880.0 -0.683686317431973 0.07185098280490325 -0.02083996162174198 -0.026424685129 -0.361245209102 -0.818658431795 0.44564785085
3900.0 -0.7058168308805942 0.11071156221907613 -0.03407471167893569 -0.0301402865155 -0.362428135754 -0.821076926893 0.439966009671
3920.0 -0.7261992480725885 0.1496664529496925 -0.046997333884463956 -0.0320658267573 -0.362439355839 -0.82556468054 0.431337981563
3940.0 -0.7452690032796571 0.18841739975557953 -0.060386922917689476 -0.0311869285932 -0.362276659895 -0.831058662061 0.420861613114
3960.0 -0.7629282917101491 0.22761593113241274 -0.07458716436079472 -0.0279365594459 -0.362861945772 -0.836601971507 0.409448285169
3980.0 -0.7770250856492931 0.26987063998143435 -0.0864797183875357 -0.031399150591 -0.365516532573 -0.8447464057 0.389634787737
4000.0 -0.7842912257902619 0.319783782553283 -0.08705637616514625 -0.040487866397 -0.365002917053 -0.859595263759 0.355288032082
4020.0 -0.787610480973853 0.3699786984090062 -0.09057147186854503 -0.0379227824159 -0.363587873401 -0.874770127817 0.318029785349
4040.0 -0.7908694986035295 0.4202460369565201 -0.0968755004138958 -0.0272835026285 -0.36751649962 -0.884368732811 0.286494637678
4060.0 -0.7950075488763274 0.4725019978437143 -0.10668124092398158 -0.024672804359 -0.373699444306 -0.890036639489 0.259951453964
4080.0 -0.8018097080076817 0.5247441121284572 -0.12005855998862451 -0.0266414947976 -0.379614111883 -0.892790822045 0.241055812806
4100.0 -0.8103552568439817 0.5741092400915359 -0.1358322116565724 -0.0275012947819 -0.387220761347 -0.892618469423 0.229207392579
4120.0 -0.8194289760322285 0.6208025635986458 -0.15305462168787942 -0.0253743458157 -0.393539794212 -0.89194502005 0.221171097011
4140.0 -0.8262345091891934 0.6653947086827092 -0.16992723502881982 -0.0246646424638 -0.395159099675 -0.89407283508 0.209462901081
4160.0 -0.831342647000916 0.7080077066139542 -0.18712256517268838 -0.0248125580053 -0.394231381461 -0.897638301852 0.195477451092
4180.0 -0.8352897060886666 0.7471157197695528 -0.20544564930408588 -0.0183465165617 -0.393308971295 -0.900563638239 0.184273144843
4200.0 -0.8395265090879638 0.7842874646949919 -0.22336338775553044 -0.0138328257581 -0.39276581283 -0.902544829209 0.175944594894
4220.0 -0.843043731894738 0.8226824875108704 -0.2398817748808857 -0.0193019620366 -0.391204812756 -0.905295178285 0.164398506415
4240.0 -0.8445698823178288 0.8607881137640979 -0.2579835082804476 -0.0226046127155 -0.390661991738 -0.908256396848 0.148130203806
4260.0 -0.8437286183325295 0.8982953037129696 -0.2782813266904153 -0.0193126695019 -0.390827599468 -0.911140948599 0.129240009583
4280.0 -0.8403779881288499 0.9353779335455114 -0.29765808149157824 -0.0156145073829 -0.391615139445 -0.913660133621 0.1077911404
4300.0 -0.8342733623965455 0.9740698382788493 -0.3148702358218302 -0.0175499057158 -0.390322439088 -0.916884136963 0.0816325531852
4320.0 -0.8200923736596933 1.0148125295242405 -0.3315607849143111 -0.0231850208247 -0.386932634831 -0.920783701286 0.0436230026332
4340.0 -0.7980415821088229 1.0528769181092117 -0.34847348845655096 0.0285242089511 0.384262001453 0.922770658643 0.00483686791525
4360.0 -0.7711189019470774 1.0868672148953762 -0.3651293678760966 0.0272621284751 0.383398597212 0.921335751485 0.0583328813188
4380.0 -0.7397895103751846 1.1159251470845435 -0.380479689177581 0.0215543480657 0.383940375457 0.916003135486 0.114295467774
4400.0 -0.7049537105916717 1.141342166046138 -0.3927953361087261 0.0179103791502 0.381769254668 0.907967604436 0.171832138448
4420.0 -0.6666859548919705 1.1625133806395143 -0.40287199915105426 0.0178622027484 0.375808677634 0.897104462595 0.231629796702
4440.0 -0.6267741736761969 1.1787607452416 -0.41123044285683763 0.0174785035923 0.368485260399 0.88282195296 0.290755075885
4460.0 -0.5867031226368415 1.1903385441303516 -0.4181404070574959 0.0137575711443 0.362111673632 0.865226135415 0.346510605394
4480.0 -0.5477657817439551 1.201359860627352 -0.423733717578688 0.00716749677256 0.360449791238 0.847434799666 0.389716352366
4500.0 -0.5092621906407208 1.2128428123337975 -0.42486451180975754 0.00572863602635 0.356282933913 0.832474502717 0.424282754843
4520.0 -0.4696475315594475 1.2231848293368985 -0.42004394588700417 0.0117900142849 0.340385142436 0.820151619592 0.459728475574
4540.0 -0.42744619071201034 1.226172768109541 -0.41297725899930865 0.0170302241111 0.319764716737 0.801420484153 0.505159088779
4560.0 -0.38546172486403774 1.2212503291351322 -0.4070439181162063 0.0132854318209 0.310197002756 0.772824814054 0.553482722012
4580.0 -0.3445315852739481 1.213027355675394 -0.4021807312106019 0.00469349915697 0.312430346852 0.740789395471 0.594639656422
4600.0 -0.30445044970204393 1.2044194337276137 -0.39313684215110306 0.00244528662248 0.308694354524 0.712109318884 0.630557002988
4620.0 -0.2670840643670696 1.193402213154039 -0.3764050006016627 0.00726198918223 0.282962354188 0.685422436406 0.670876779519
4640.0 -0.23376511280989826 1.1780042999982572 -0.36146326763363756 0.00897466625859 0.258427306486 0.655234605909 0.70979038726
4660.0 -0.20501011095328187 1.1586743665809967 -0.3521644872465624 0.00470796867262 0.250587342632 0.619200095868 0.744160641274
4680.0 -0.18221277204409214 1.140834930398974 -0.34896340652362595 0.00106023013458 0.251622310757 0.58766125891 0.768985912366
4700.0 -0.16229896166298952 1.1256117700086092 -0.345811994591092 0.000997464351227 0.245235733457 0.564812118724 0.787937631188
4720.0 -0.14211837112926234 1.1089986554886766 -0.33569962482487986 0.00225126499643 0.222268047859 0.543826939437 0.809224385847
4740.0 -0.12270827614671925 1.0869698790736582 -0.3254610115100251 -0.00113678947864 0.200502661562 0.516569670597 0.832438085287
4760.0 -0.104073018172358 1.0590475755294728 -0.31617206134216136 -0.00553211807083 0.187314643709 0.479932326493 0.85705751377
4780.0 -0.0856664220056817 1.0276956543293196 -0.30849335071921086 -0.00795688805236 0.179316492851 0.439194946259 0.880278411927
4800.0 -0.06830358704415548 0.9966107326614256 -0.30428943754927723 -0.00671752835384 0.174887021699 0.400658511932 0.899356526229
4820.0 -0.052621470129085884 0.9639000410397834 -0.30231877619668984 -0.00378902721265 0.167689875341 0.365678883181 0.915502432207
4840.0 -0.03694419476487029 0.9298414370586271 -0.3004089368935623 -0.0018980370331 0.154333977896 0.336896897929 0.92880455473
4860.0 -0.023155029535780514 0.893472979807116 -0.299641261697143 -0.00176974417858 0.139808777575 0.307505676389 0.94121763302
4880.0 -0.012161349779180052 0.8555054984668556 -0.29885899017589224 -0.00459999139623 0.123029854227 0.277015312086 0.952945440158
4900.0 -0.004506668560505663 0.8155841826056519 -0.2990768381185005 -0.00799158263022 0.110188438382 0.242618327492 0.963810660773
4920.0 0.0003301297378045837 0.773885466319858 -0.2982493532602827 -0.0117175440769 0.0968912539263 0.206509286403 0.973564943238
4940.0 0.001402978318744042 0.7313134818584837 -0.296138863664001 -0.013970160642 0.0813804230936 0.16783966045 0.982350197093
4960.0 -0.0005363751280951404 0.6886295011056408 -0.293863583000947 -0.0125560031503 0.0625200626646 0.130513704475 0.989393633239
4980.0 -0.005850351019410459 0.6487598498133473 -0.29168249930541645 -0.0115510390645 0.0435468474824 0.096106868039 0.994350901587
5000.0 -0.014449930071329633 0.6163107010190917 -0.29433704913807807 -0.0110107112285 0.028832895474 0.0667630574522 0.997291392992
5020.0 -0.02213617507998532 0.588214529015179 -0.29862476644157954 -0.0100969776812 0.0189931686556 0.0428796209123 0.998848661558
5040.0 -0.027317281582431012 0.5605437310355128 -0.3002181249871005 -0.0111549152782 0.0143132500347 0.0246542155968 0.999531324368
5060.0 -0.030840019136439523 0.5308204712669397 -0.29699755701556374 -0.0093608081596 0.0137272937178 0.0126960946367 0.999781349025
5080.0 -0.03329748316539765 0.49879275932501216 -0.2868802495746094 -0.0117500480457 0.00864887105716 0.00764643637053 0.999864323502
5100.0 -0.036472792982114775 0.4668958311321587 -0.273300533324493 -0.0150377196302 0.000617854415772 0.00394587951195 0.999878950313
5120.0 -0.04431718472307604 0.42581080494626544 -0.25394336692205266 -0.0226674217235 -0.00932068006282 -0.00442481828184 0.999689818843
5260.0 -0.17141147749951177 0.1101317857546495 -0.13251793813504562 0.00440132636292 -0.0424970890985 -0.0738555640814 0.996353341641
5280.0 -0.17844013760780505 0.06276190728139035 -0.11426408898280957 0.00792218057273 -0.0285758793551 -0.0617365494264 0.997651871466
5300.0 -0.18223243010961324 0.012787803640489901 -0.09352070585173618 0.00738322462869 -0.0160111337555 -0.0462356654782 0.998774947036
5320.0 -0.19101953730002993 -0.0364798767353725 -0.06699158233142889 -0.00111216168619 -0.0208160260145 -0.0323311444142 0.999259802683
5340.0 -0.19870007245764243 -0.08496582892784074 -0.040644371751157635 -0.00654194480749 -0.0327782284648 -0.0225234276634 0.999187412803
5360.0 -0.20230269128694633 -0.13651570237742014 -0.021552755347630695 0.0010962621055 -0.026792722167 -0.0176975369323 0.999483739455
5380.0 -0.19674663336816792 -0.1846300920221034 -0.007877460235998227 0.015757455346 -0.00646041445698 -0.00232367759083 0.999852272173
5400.0 -0.18475030300868195 -0.2316157422984865 0.008098708727468259 0.0211075566027 0.00648451304941 0.0258448766541 0.999422065243
5420.0 -0.17408731562110938 -0.27946740214541194 0.030499062206557542 0.018732616503 0.00747738112469 0.0536680929208 0.998355103985
5440.0 -0.1686751815286285 -0.3326068086656762 0.057562506044641304 0.0125229263035 0.00671135669898 0.065214827806 0.99777009388
5460.0 -0.16490939888363673 -0.38537455807367943 0.08630472042338976 0.00738752426766 0.00720660201583 0.0673194012659 0.997678098179
5480.0 -0.15761137996757238 -0.43535176927243696 0.10989074327656102 0.00577148510763 0.0102167228041 0.0654028596188 0.997789945073
5500.0 -0.14146147923035304 -0.47879705927130484 0.12704056693968566 0.00677612507287 0.019563216506 0.0725678825838 0.997148568222
5520.0 -0.12516322407849076 -0.5198062570433093 0.14356681830169818 0.00871646192373 0.0249700888366 0.0809391125454 0.996368093636
5540.0 -0.11202743360101063 -0.5600892738726383 0.16204927738306163 0.00863446065671 0.0198911667728 0.0847121234283 0.996169485438
5560.0 -0.0908842598071844 -0.5937251576345489 0.17493131817425053 0.00926739855841 0.0293685353056 0.0965495086535 0.994851645642
5580.0 -0.06776801520393756 -0.6205486611763632 0.183930036136044 0.0102537193212 0.0469939823491 0.113066270006 0.992422513575
5600.0 -0.04317097390860007 -0.6414522949349029 0.19457749778195624 0.00634203961949 0.0567633652386 0.135673988232 0.989105792025
5620.0 -0.01728903113544808 -0.6591249891827757 0.20756224890835298 -0.000598489027483 0.0613564990339 0.16270403048 0.984765159976
5640.0 0.006516423194300145 -0.6808644789593512 0.22390611565508575 -0.00376902637401 0.0623561781862 0.181620345769 0.981382469522
5660.0 0.027350028640764256 -0.710640749168795 0.24359913877115313 -0.00295003758338 0.062367717509 0.186621604038 0.980445787383
5680.0 0.04736870992553686 -0.7446577506820914 0.26361274514642485 -0.000329805193114 0.0660574613157 0.184047539419 0.980695062834
5700.0 0.06686952770170891 -0.7810572548672425 0.28445182115150675 0.00235217429765 0.0680506612806 0.180576163272 0.981201214855
5720.0 0.0853615496967347 -0.8202737860030104 0.30730511657526816 0.0045737036974 0.0643026116358 0.176850944072 0.982124227861
5740.0 0.10378887679762916 -0.8565107085211274 0.3319259006572568 0.00558065473221 0.0549095577583 0.175082900912 0.983005480436
5760.0 0.12205541927194508 -0.8941772279315293 0.35416851390572146 0.00664395655509 0.0545058246152 0.169749439992 0.983956350936
5780.0 0.13897244028535458 -0.9309813257629389 0.3728952162626938 0.00829152267064 0.0617203163748 0.160245401772 0.985110787886
5800.0 0.15241830420167618 -0.9626981906415276 0.3897135231540241 0.00587813988478 0.0609726060335 0.149878198273 0.986805104601
5820.0 0.16320897210989735 -0.9869498659167608 0.40388679715957215 0.00136366692911 0.0537911037778 0.143802078902 0.988142509798
5840.0 0.1724934907031234 -1.0091112828875144 0.413687785201719 -0.00307148988575 0.0472626351716 0.138593156081 0.989216228311
5860.0 0.1834300668849995 -1.0260944136838597 0.41445022614867316 -0.00075298241238 0.0537405166682 0.138775839472 0.98886432652
5880.0 0.20076533085038686 -1.0334200819089887 0.4076222087227297 0.0026532027525 0.0721906934159 0.156484938567 0.985034988364
5900.0 0.21527658511582715 -1.0319859970637553 0.40149797161847606 0.0012460414373 0.0816956765852 0.178368922772 0.980565546609
5920.0 0.22370692222541175 -1.031658019738137 0.40435259403529883 -0.0132522163098 0.0655711181983 0.18566580355 0.980333115126
5940.0 0.22821997290077303 -1.0343640666760028 0.40670123631113503 -0.0238673060394 0.0496406403628 0.178044344672 0.982479704552
5960.0 0.23460758427261622 -1.0401254262571742 0.4016948469894328 -0.0228803310703 0.0551629575286 0.165601669618 0.984382865346
5980.0 0.24588895247249606 -1.0466925664729976 0.39454012369394115 -0.0146242221795 0.070458301232 0.163939518681 0.983842260796
6000.0 0.26043899322521835 -1.0489099048299666 0.39267150020457836 -0.0101305952189 0.0707053383671 0.173890096747 0.982171248011
6020.0 0.27628427607953887 -1.0494300454559284 0.3960718552131285 -0.0124028006378 0.0635535787205 0.18874781788 0.979888449985
6040.0 0.2922362825077718 -1.0473661615947243 0.3989725995798255 -0.0157224713907 0.0658509412682 0.201999499617 0.977042813587
6060.0 0.3053790922689545 -1.0370657111625086 0.394089286274712 -0.0180244083816 0.0766741639462 0.211242925017 0.974254905
6080.0 0.31688573651376095 -1.019802455627003 0.38825496764886985 -0.0197392937886 0.0819046710003 0.217620657115 0.972390474422
6100.0 0.3260395433082219 -1.0040652570814033 0.38742895053802795 -0.0257820585063 0.0737643116605 0.216247236091 0.973206681372
6120.0 0.3325967491417217 -0.9973756304150175 0.3936099607330508 -0.0327755757013 0.0554382272399 0.197355117163 0.978214353977
6140.0 0.3352457549379443 -1.0020109316066033 0.40618731174843364 -0.0413523779955 0.0272108664968 0.147444703378 0.987830759303
6160.0 0.3301036339055673 -1.0096034046437579 0.416414363522859 -0.0494766137758 -0.00500790223678 0.0701725220081 0.996294536149
6180.0 0.31742425236660105 -1.0177995377230515 0.42147487784956944 -0.0556830166797 -0.0366832158858 -0.0273074196344 0.997400645758
6200.0 0.2968564978670932 -1.0221582418522168 0.42114794766802793 -0.0592239342512 -0.0696736449406 -0.137753129144 0.986236373403
6220.0 0.2699919540583929 -1.0184024791888997 0.4158672625768488 -0.0647633759013 -0.109371908497 -0.253689378987 0.958897903722
6240.0 0.24539861552865658 -1.0057275470720077 0.4005217009833885 -0.056226724922 -0.137495138919 -0.355244523941 0.922894885882
6260.0 0.2286156596253913 -0.989451348095803 0.38117528499206077 -0.0319672148215 -0.155070192593 -0.422538538741 0.892408267456
6280.0 0.22126531901351545 -0.9653963675197546 0.37773148721795075 -0.0346934177216 -0.191798700994 -0.472025274724 0.859768436898
6300.0 0.2186307366641246 -0.9365467423946013 0.3770387794820475 -0.0614894766196 -0.234812919972 -0.530323568526 0.81230465316
6320.0 0.22344115977638174 -0.9095024196257815 0.36948852054254816 -0.0696060575405 -0.258140589012 -0.598112267628 0.75549993274
