1542828209.631703 0.0000000 0.0000000 0.0000000 -0.0000000 -0.0000000 -0.0000000 1.0000000
1542828210.181760 -0.0207757 -0.0230048 0.0108930 -0.0005058 -0.0002853 -0.0115554 0.9999331
1542828210.230398 -0.0233326 -0.0237669 0.0116445 0.0000737 0.0001439 -0.0123656 0.9999236
1542828210.580693 -0.0362674 -0.0382292 0.0182776 0.0001974 0.0003802 -0.0206265 0.9997872
1542828211.131385 -0.0560211 -0.0580279 0.0312791 0.0005435 -0.0014198 -0.0335735 0.9994351
1542828212.682613 -0.1227888 -0.1086157 0.0674169 -0.0067534 -0.0209904 -0.0748412 0.9969516
1542828213.079647 -0.1403852 -0.1191277 0.0745949 -0.0078048 -0.0256929 -0.0849184 0.9960260
1542828213.480379 -0.1542539 -0.1282662 0.0837546 -0.0077316 -0.0312065 -0.0942516 0.9950292
1542828214.230330 -0.1818589 -0.1477462 0.0968527 -0.0056237 -0.0345076 -0.1085503 0.9934760
1542828214.331240 -0.1867803 -0.1481437 0.0982023 -0.0040760 -0.0342112 -0.1101806 0.9933143
1542828215.680971 -0.2458172 -0.1832447 0.1254945 -0.0056145 -0.0519482 -0.1402617 0.9887348
1542828216.779610 -0.2894754 -0.2077324 0.1431676 -0.0068167 -0.0619894 -0.1627285 0.9846981
1542828217.379462 -0.3103551 -0.2183242 0.1508223 -0.0052985 -0.0635308 -0.1732632 0.9828101
1542828218.080135 -0.3300766 -0.2334341 0.1584578 -0.0036296 -0.0623809 -0.1819809 0.9813147
1542828219.629359 -0.3637178 -0.2570098 0.1740543 -0.0045882 -0.0600624 -0.1814896 0.9815462
1542828221.029165 -0.4004053 -0.2753591 0.1922671 -0.0104564 -0.0671561 -0.1856858 0.9802559
1542828221.429938 -0.4112597 -0.2848044 0.1963572 -0.0115153 -0.0678919 -0.1880984 0.9797332
1542828221.828616 -0.4234215 -0.2949209 0.2000370 -0.0121389 -0.0672853 -0.1908546 0.9792343
1542828222.129805 -0.4330675 -0.3019878 0.2018617 -0.0115860 -0.0666338 -0.1931679 0.9788319
1542828224.128543 -0.4853196 -0.3395918 0.2203086 -0.0078810 -0.0729367 -0.2029959 0.9764276
1542828224.427675 -0.4918976 -0.3439831 0.2242484 -0.0081010 -0.0749723 -0.2035642 0.9761533
1542828225.879187 -0.5313656 -0.3633925 0.2359043 -0.0082584 -0.0720993 -0.2038972 0.9762989
1542828226.528206 -0.5409395 -0.3723095 0.2396513 -0.0074434 -0.0684251 -0.1980414 0.9777741
1542828227.330341 -0.5522673 -0.3712175 0.2393496 -0.0071264 -0.0632252 -0.1921023 0.9793102
1542828228.080419 -0.5483770 -0.3706997 0.2362902 -0.0048320 -0.0535307 -0.1691202 0.9841288
1542828229.677648 -0.4987363 -0.3497888 0.2203458 0.0077657 -0.0008450 -0.0559107 0.9984052
1542828230.278097 -0.4708248 -0.3257807 0.2175530 0.0070170 0.0195303 0.0004483 0.9997846
1542828230.677584 -0.4527261 -0.3087177 0.2143662 0.0036513 0.0341287 0.0386214 0.9986643
1542828231.027471 -0.4374520 -0.2898307 0.2113959 0.0012245 0.0478027 0.0724859 0.9962225
1542828231.828846 -0.4097821 -0.2373585 0.1984344 -0.0014757 0.0818901 0.1506933 0.9851819
1542828232.128088 -0.4026794 -0.2178358 0.1908236 -0.0024527 0.0953547 0.1803802 0.9789609
1542828232.376940 -0.3964767 -0.2000314 0.1837954 -0.0025607 0.1052857 0.2052218 0.9730326
1542828232.628593 -0.3932793 -0.1813173 0.1751086 -0.0017001 0.1157954 0.2303982 0.9661807
1542828232.828665 -0.3854878 -0.1667751 0.1683613 -0.0020634 0.1209708 0.2512395 0.9603335
1542828233.077319 -0.3826577 -0.1489898 0.1604726 -0.0017038 0.1296694 0.2767296 0.9521574
1542828233.326871 -0.3811739 -0.1337828 0.1510690 -0.0017967 0.1388934 0.3017513 0.9432134
1542828233.627476 -0.3759918 -0.1125789 0.1396494 -0.0010279 0.1464480 0.3325601 0.9316415
1542828234.027277 -0.3740019 -0.0891898 0.1281954 -0.0006808 0.1509299 0.3673230 0.9177655
1542828234.276654 -0.3710633 -0.0792287 0.1220832 -0.0017213 0.1517227 0.3864017 0.9097642
1542828234.529092 -0.3735678 -0.0655550 0.1155434 0.0008947 0.1538031 0.4035065 0.9019569
1542828234.778732 -0.3731383 -0.0547648 0.1104013 0.0027046 0.1553490 0.4189731 0.8946066
1542828235.027571 -0.3739429 -0.0467983 0.1034462 0.0044959 0.1586016 0.4327610 0.8874363
1542828235.627984 -0.3755051 -0.0270190 0.0873320 0.0118780 0.1700677 0.4585466 0.8721645
1542828235.877560 -0.3740745 -0.0167592 0.0801675 0.0157219 0.1762233 0.4681959 0.8657314
1542828236.126491 -0.3735320 -0.0117462 0.0716010 0.0172299 0.1850588 0.4775533 0.8587195
1542828236.377402 -0.3753483 -0.0082857 0.0616436 0.0186559 0.1957934 0.4864606 0.8512773
1542828237.126712 -0.3724515 0.0204907 0.0345062 0.0273355 0.2168266 0.5138481 0.8295777
1542828237.376235 -0.3708847 0.0217077 0.0264998 0.0268329 0.2224954 0.5223155 0.8227773
1542828237.626302 -0.3701430 0.0207697 0.0190183 0.0258504 0.2272960 0.5300218 0.8165446
1542828238.226406 -0.3692878 0.0194389 0.0047373 0.0236270 0.2357166 0.5461019 0.8035249
1542828239.675715 -0.3680284 0.0185589 -0.0285560 0.0195487 0.2530206 0.5809576 0.7733607
1542828240.926240 -0.3659364 0.0151231 -0.0609770 0.0097453 0.2732389 0.6129690 0.7412925
1542828241.277076 -0.3677928 0.0138965 -0.0760790 0.0081991 0.2787342 0.6218612 0.7317983
1542828241.826033 -0.3683717 0.0127617 -0.0827776 0.0036392 0.2869393 0.6358908 0.7164464
1542828242.177947 -0.3657795 0.0137235 -0.0978365 0.0008543 0.2883173 0.6448821 0.7078132
1542828242.675755 -0.3619363 0.0403049 -0.1054441 0.0043626 0.2852325 0.6598817 0.6951112
1542828243.225409 -0.3761847 0.0469249 -0.1215638 0.0075112 0.2936236 0.6720863 0.6797270
1542828243.475170 -0.3785137 0.0555542 -0.1264778 0.0087873 0.2947063 0.6781727 0.6731663
1542828244.025542 -0.3838313 0.0528661 -0.1314153 0.0053349 0.3041831 0.6911296 0.6555792
1542828244.175518 -0.3840970 0.0522307 -0.1349431 0.0039548 0.3063567 0.6953852 0.6500533
1542828244.775645 -0.3839058 0.0801750 -0.1531163 0.0063961 0.3047960 0.7136024 0.6307377
1542828244.975495 -0.3824218 0.0847411 -0.1582898 0.0053992 0.3048920 0.7193286 0.6241620
1542828245.076189 -0.3873184 0.0832624 -0.1571791 0.0055262 0.3084372 0.7208961 0.6206005
1542828245.176028 -0.3879397 0.0897345 -0.1594053 0.0059978 0.3081893 0.7238837 0.6172323
1542828245.476056 -0.4049595 0.1001079 -0.1674761 0.0119105 0.3131069 0.7296371 0.6078255
1542828245.576112 -0.4002911 0.1068904 -0.1722773 0.0107225 0.3108619 0.7342294 0.6034542
1542828245.725815 -0.3984728 0.1107313 -0.1734863 0.0091149 0.3112665 0.7380944 0.5985371
1542828246.275976 -0.4010404 0.1134838 -0.1796540 0.0042640 0.3177910 0.7515824 0.5780264
1542828246.424659 -0.4054906 0.1246154 -0.1862769 0.0071183 0.3163186 0.7559530 0.5730855
1542828248.425365 -0.4509046 0.1776637 -0.2156190 0.0108754 0.3290751 0.8025883 0.4974368
1542828248.674220 -0.4616320 0.1791111 -0.2144095 0.0126314 0.3330795 0.8051660 0.4905162
1542828249.024899 -0.4596275 0.1931325 -0.2218349 0.0117344 0.3295012 0.8128150 0.4802323
1542828249.374383 -0.4727539 0.2025167 -0.2233874 0.0155091 0.3314815 0.8163839 0.4726487
1542828249.524184 -0.4773034 0.2034971 -0.2221952 0.0162937 0.3335866 0.8175844 0.4690525
1542828251.475116 -0.5047721 0.2402929 -0.2293505 0.0201651 0.3440052 0.8331949 0.4324814
1542828252.373842 -0.5240347 0.2565967 -0.2349587 0.0195840 0.3542359 0.8426320 0.4050985
1542828252.523862 -0.5283087 0.2609681 -0.2380386 0.0198931 0.3552814 0.8449981 0.3991963
1542828255.873058 -0.6743847 0.3047428 -0.2301330 0.0315262 0.3523021 0.8870613 0.2966676
1542828256.824973 -0.7193667 0.3109364 -0.2229849 0.0268340 0.3556533 0.8926907 0.2754888
1542828257.773455 -0.7541299 0.3135452 -0.2189118 0.0218209 0.3583038 0.8960874 0.2610931
1542828257.923543 -0.7589824 0.3165978 -0.2188171 0.0222185 0.3573723 0.8970714 0.2589485
1542828260.072666 -0.8177072 0.3290704 -0.2026797 0.0297755 0.3662811 0.9012765 0.2294610
1542828261.272450 -0.8468169 0.3421073 -0.1934908 0.0346496 0.3705735 0.9034269 0.2128252
1542828262.022372 -0.8621763 0.3466149 -0.1865614 0.0334425 0.3724330 0.9054871 0.2006697
1542828262.871999 -0.8808744 0.3533753 -0.1783508 0.0323134 0.3756003 0.9072550 0.1864635
1542828263.972050 -0.9056900 0.3690373 -0.1730058 0.0321219 0.3750786 0.9110475 0.1681569
1542828265.922678 -0.9319106 0.3824112 -0.1586011 0.0393297 0.3688044 0.9107922 0.1813673
1542828267.772114 -0.9456275 0.3823109 -0.1535649 0.0307805 0.3668970 0.8998426 0.2339281
1542828270.923421 -0.9447689 0.3585669 -0.1551798 0.0239112 0.3590608 0.8702017 0.3365302
1542828275.772083 -0.9684915 0.3408468 -0.1869771 0.0234954 0.3498867 0.8443123 0.4051715
1542828277.021032 -0.9748435 0.3303553 -0.1917676 0.0174183 0.3435745 0.8346512 0.4301286
1542828282.021119 -0.9983383 0.2585664 -0.1890713 0.0062868 0.3126940 0.7528345 0.5791573
1542828285.669464 -1.0398076 0.2371410 -0.1861349 0.0138230 0.2917050 0.7225775 0.6265771
1542828286.968064 -1.0641546 0.2247047 -0.1838377 0.0029943 0.2894428 0.6975209 0.6554987
1542828287.368539 -1.0661490 0.2222047 -0.1853509 -0.0016452 0.2902172 0.6933454 0.6595783
1542828289.518358 -1.0938261 0.2195866 -0.1747923 0.0048116 0.2794583 0.6836116 0.6742070
1542828289.967840 -1.0996535 0.2171910 -0.1729128 0.0067789 0.2739365 0.6789178 0.6811633
1542828290.417574 -1.1062546 0.2142286 -0.1712005 0.0067874 0.2695918 0.6727073 0.6890131
1542828291.419806 -1.1227726 0.2118469 -0.1698004 0.0026238 0.2701107 0.6586118 0.7023275
1542828291.667401 -1.1244681 0.2104946 -0.1687478 0.0007054 0.2725364 0.6560008 0.7038369
1542828292.167380 -1.1275774 0.2067258 -0.1642556 -0.0014044 0.2796635 0.6508796 0.7057918
1542828293.318263 -1.1134708 0.2002859 -0.1493168 0.0001504 0.2828816 0.6491809 0.7060751
1542828293.967485 -1.1023391 0.2052293 -0.1434323 0.0092115 0.2767848 0.6503612 0.7073441
1542828294.517092 -1.0832133 0.1952635 -0.1339059 0.0099472 0.2742927 0.6497357 0.7088782
1542828295.216963 -1.0615311 0.1856710 -0.1236517 0.0132704 0.2751884 0.6461299 0.7117664
1542828295.466908 -1.0506899 0.1805171 -0.1206630 0.0127183 0.2761918 0.6447368 0.7126507
1542828296.066812 -1.0315899 0.1716640 -0.1135042 0.0151245 0.2813254 0.6407418 0.7141969
1542828296.617729 -1.0092242 0.1620107 -0.1099499 0.0161016 0.2847770 0.6385583 0.7147630
1542828296.867513 -0.9995425 0.1582391 -0.1083648 0.0171195 0.2853064 0.6380855 0.7149504
1542828297.167438 -0.9916213 0.1530158 -0.1027331 0.0193079 0.2870298 0.6364101 0.7156978
1542828297.467458 -0.9813187 0.1497803 -0.0997379 0.0215001 0.2862787 0.6362861 0.7160463
1542828297.866819 -0.9656728 0.1430154 -0.0964614 0.0223437 0.2838359 0.6364368 0.7168586
1542828298.316598 -0.9479156 0.1368157 -0.0928069 0.0231945 0.2805225 0.6363062 0.7182504
1542828301.865666 -0.8722970 0.0864608 -0.0880307 0.0107735 0.2753526 0.6176461 0.7365991
1542828304.867013 -0.8488153 0.0377455 -0.0877223 0.0031439 0.2362063 0.5713618 0.7859659
1542828305.517751 -0.8521167 0.0322817 -0.0941952 0.0031618 0.2452907 0.5648508 0.7878872
1542828306.766026 -0.8477012 0.0405263 -0.1194593 0.0046894 0.2710555 0.5828751 0.7660049
1542828307.466966 -0.8454106 0.0531132 -0.1315613 0.0091019 0.2787120 0.6036919 0.7468553
1542828308.165421 -0.8433435 0.0711496 -0.1439136 0.0136380 0.2808648 0.6300493 0.7238556
1542828308.765299 -0.8479605 0.0896921 -0.1506844 0.0170038 0.2841673 0.6537538 0.7011175
1542828309.365398 -0.8513426 0.1106572 -0.1592185 0.0163854 0.2894201 0.6768377 0.6766523
1542828309.814462 -0.8578805 0.1243641 -0.1646214 0.0144926 0.2981307 0.6919788 0.6573229
1542828310.814207 -0.8670195 0.1534066 -0.1781733 0.0086166 0.3120950 0.7241644 0.6149052
1542828311.364609 -0.8782412 0.1702731 -0.1811284 0.0109280 0.3137118 0.7390967 0.5959879
1542828312.514650 -0.8834486 0.1952671 -0.1829047 0.0145779 0.3085637 0.7609729 0.5705227
1542828313.064115 -0.8907961 0.2052219 -0.1858575 0.0160709 0.3139662 0.7687755 0.5569123
1542828313.413730 -0.8951834 0.2133962 -0.1892322 0.0166950 0.3175494 0.7737624 0.5478827
1542828316.064532 -0.8990685 0.2732112 -0.2109182 0.0225886 0.3514394 0.8108351 0.4674684
1542828316.764483 -0.8893839 0.2880694 -0.2096869 0.0284409 0.3515433 0.8189166 0.4527517
1542828318.113177 -0.8808088 0.3206869 -0.2123676 0.0320802 0.3538300 0.8345809 0.4210106
1542828318.764042 -0.8931665 0.3380105 -0.2170054 0.0307273 0.3620958 0.8426040 0.3974432
1542828320.262998 -0.8994433 0.3755114 -0.2239579 0.0267202 0.3649698 0.8601035 0.3553942
1542828320.663265 -0.8960283 0.3869946 -0.2249523 0.0277470 0.3653851 0.8624525 0.3491411
1542828321.662508 -0.8769456 0.4193521 -0.2322277 0.0278171 0.3694395 0.8643645 0.3400215
1542828322.713404 -0.8479022 0.4562425 -0.2396766 0.0278582 0.3729446 0.8651106 0.3342454
1542828323.163563 -0.8353304 0.4722975 -0.2435607 0.0285388 0.3746584 0.8655591 0.3310953
1542828323.612847 -0.8221377 0.4881928 -0.2478257 0.0292063 0.3767608 0.8663436 0.3265689
1542828324.413028 -0.8065660 0.5155984 -0.2601456 0.0303703 0.3826022 0.8688477 0.3127249
1542828326.462932 -0.8188131 0.5679207 -0.2967454 0.0346335 0.3932158 0.8852035 0.2461639
1542828328.812004 -0.8128985 0.6210641 -0.3296478 0.0293796 0.3800363 0.8974710 0.2219351
1542828329.211651 -0.8140548 0.6292500 -0.3359751 0.0292474 0.3798000 0.8982106 0.2193499
1542828329.611843 -0.8153762 0.6388727 -0.3438550 0.0291362 0.3787692 0.8996094 0.2153783
1542828330.511842 -0.8220344 0.6566384 -0.3591561 0.0288003 0.3805801 0.9011375 0.2056227
1542828330.912110 -0.8240083 0.6651145 -0.3666734 0.0288440 0.3812923 0.9016633 0.2019592
1542828331.711501 -0.8261075 0.6808849 -0.3806646 0.0292084 0.3834718 0.9019644 0.1963582
1542828332.510581 -0.8290054 0.6991818 -0.3953359 0.0303523 0.3835331 0.9028311 0.1920342
1542828332.862665 -0.8294513 0.7058031 -0.3998311 0.0305419 0.3839956 0.9029629 0.1904535
1542828333.362671 -0.8295786 0.7161646 -0.4074593 0.0311105 0.3831553 0.9037746 0.1881904
1542828334.460335 -0.8330604 0.7387953 -0.4218362 0.0321897 0.3822279 0.9048969 0.1844651
1542828335.610452 -0.8367079 0.7681295 -0.4227247 0.0313977 0.3807653 0.9060513 0.1819424
1542828336.360478 -0.8449188 0.7941043 -0.3948077 0.0328919 0.3766775 0.9072750 0.1840770
1542828338.859717 -0.8940463 0.8494478 -0.2752425 0.0292945 0.3678572 0.9098958 0.1895060
1542828340.560729 -0.9249634 0.8823199 -0.2120512 0.0300577 0.3687962 0.9104213 0.1849837
1542828341.559778 -0.9437019 0.8990965 -0.1823582 0.0324908 0.3712949 0.9104189 0.1795047
1542828342.161842 -0.9546267 0.9075664 -0.1672232 0.0329109 0.3734062 0.9103762 0.1752138
1542828342.460254 -0.9601907 0.9121033 -0.1612019 0.0332022 0.3740943 0.9104592 0.1732490
1542828346.509715 -0.9775183 0.9726449 -0.1168116 0.0362733 0.3761662 0.9076698 0.1825344
1542828347.358430 -0.9684979 0.9818833 -0.1185979 0.0318815 0.3782722 0.9034537 0.1991612
1542828347.760211 -0.9647281 0.9864271 -0.1213475 0.0300067 0.3789056 0.9016547 0.2062742
1542828348.408113 -0.9583046 0.9932513 -0.1268037 0.0283126 0.3796873 0.8988314 0.2171129
1542828348.808162 -0.9544960 0.9980839 -0.1312563 0.0278728 0.3796028 0.8972700 0.2236769
1542828350.658303 -0.9371536 1.0226493 -0.1545406 0.0270210 0.3786935 0.8911242 0.2485130
1542828351.107784 -0.9321553 1.0304070 -0.1620874 0.0266861 0.3781413 0.8899447 0.2535655
1542828351.607497 -0.9264181 1.0373923 -0.1700048 0.0263804 0.3780697 0.8880944 0.2601070
1542828354.057184 -0.8906496 1.0651116 -0.2040073 0.0305218 0.3688232 0.8774653 0.3051107
1542828354.557544 -0.8839213 1.0697231 -0.2108524 0.0315142 0.3679173 0.8743479 0.3148961
1542828354.907926 -0.8786166 1.0719221 -0.2159898 0.0308501 0.3678862 0.8720053 0.3214263
1542828355.707539 -0.8665391 1.0778531 -0.2271518 0.0281301 0.3679335 0.8664390 0.3363288
1542828356.107549 -0.8629193 1.0794742 -0.2325878 0.0257328 0.3698356 0.8639506 0.3408065
1542828356.907159 -0.8601581 1.0809898 -0.2431005 0.0204239 0.3770564 0.8618315 0.3386116
1542828366.555386 -0.8087763 1.0544455 -0.2640796 0.0310918 0.3794488 0.8862085 0.2639818
1542828370.604657 -0.7931917 1.0424377 -0.2611250 0.0314368 0.3764970 0.9051741 0.1947350
1542828379.703137 -0.7818170 1.0374846 -0.2740817 0.0352531 0.3738558 0.9251811 0.0550365
1542828380.854675 -0.7936319 1.0272921 -0.2685000 0.0379239 0.3705331 0.9273455 0.0360202
1542828381.455183 -0.7945940 1.0267169 -0.2635654 0.0444292 0.3668585 0.9285786 0.0343915
1542828382.053806 -0.7903044 1.0283830 -0.2609138 0.0480736 0.3646398 0.9291310 0.0379802
1542828384.353563 -0.7456223 1.0436254 -0.2676842 0.0388456 0.3738600 0.9222314 0.0906040
1542828390.251424 -0.7058600 1.1287984 -0.3080684 0.0347521 0.3829162 0.9112033 0.1479054
1542828393.950655 -0.7155198 1.1971836 -0.3424180 0.0314768 0.3844203 0.9104735 0.1492253
1542828394.953565 -0.7203741 1.2089758 -0.3491243 0.0341249 0.3831509 0.9100554 0.1543699
1542828396.850589 -0.7228546 1.2276781 -0.3556193 0.0332273 0.3733808 0.9105087 0.1745184
1542828398.100435 -0.7203734 1.2386186 -0.3630943 0.0310719 0.3709913 0.9089472 0.1876568
1542828398.599857 -0.7198776 1.2436677 -0.3668846 0.0301300 0.3708344 0.9080442 0.1924310
1542828399.499845 -0.7222440 1.2515032 -0.3748507 0.0295853 0.3725555 0.9060482 0.1985037
1542828409.498071 -0.6885713 1.2751884 -0.3824427 0.0252401 0.3503167 0.8438322 0.4056950
1542828415.097948 -0.6857769 1.3237103 -0.3775621 0.0200018 0.3442752 0.8243255 0.4489565
1542828417.647419 -0.6974095 1.3570580 -0.3581957 0.0239757 0.3397416 0.8201299 0.4597692
1542828418.097559 -0.7005285 1.3668489 -0.3489413 0.0250956 0.3342677 0.8218339 0.4606781
1542828418.497405 -0.7029474 1.3755231 -0.3412420 0.0244310 0.3306171 0.8230535 0.4611706
1542828419.747602 -0.7149701 1.4011353 -0.3193156 0.0182771 0.3326652 0.8230331 0.4600178
1542828421.646567 -0.7317781 1.4394584 -0.2838699 0.0182410 0.3430066 0.8235679 0.4513863
1542828421.996989 -0.7325842 1.4469426 -0.2757979 0.0213271 0.3435966 0.8243526 0.4493653
1542828422.747546 -0.7302458 1.4607384 -0.2560079 0.0278109 0.3401107 0.8248503 0.4507474
1542828423.847408 -0.7202852 1.4787089 -0.2256549 0.0300592 0.3358591 0.8213596 0.4600689
1542828424.195945 -0.7136306 1.4848753 -0.2167395 0.0277855 0.3361674 0.8191649 0.4638839
1542828424.549935 -0.7069880 1.4910747 -0.2078173 0.0256994 0.3379421 0.8162694 0.4678022
1542828425.646491 -0.6806109 1.5104917 -0.1798220 0.0200543 0.3397703 0.8081955 0.4805975
1542828426.298954 -0.6696707 1.5203125 -0.1649631 0.0215027 0.3370807 0.8055987 0.4867495
1542828427.297838 -0.6561773 1.5337040 -0.1480947 0.0252903 0.3308156 0.8039528 0.4935397
1542828427.647666 -0.6523484 1.5380750 -0.1441084 0.0267937 0.3296134 0.8032888 0.4953426
1542828428.295604 -0.6460307 1.5450628 -0.1374509 0.0276135 0.3302676 0.8015822 0.4976211
1542828428.996323 -0.6409959 1.5523183 -0.1315273 0.0274599 0.3342142 0.7987854 0.4994884
1542828432.094252 -0.6160169 1.5654960 -0.1540831 0.0251746 0.3485852 0.7859015 0.5101111
1542828432.795294 -0.6097122 1.5684315 -0.1513431 0.0216475 0.3378447 0.7862816 0.5168689
1542828433.594183 -0.6033732 1.5756161 -0.1550439 0.0216205 0.3290914 0.7870067 0.5213943
1542828434.395556 -0.5952367 1.5792395 -0.1655190 0.0174072 0.3343301 0.7837540 0.5231158
1542828435.047167 -0.5890656 1.5808966 -0.1782164 0.0161553 0.3423262 0.7796631 0.5240965
1542828435.395811 -0.5858508 1.5817549 -0.1862925 0.0166701 0.3455496 0.7775878 0.5250475
1542828435.695575 -0.5837548 1.5821114 -0.1927846 0.0191566 0.3454973 0.7756147 0.5279077
1542828436.298680 -0.5781482 1.5747737 -0.1975105 0.0198352 0.3428378 0.7676151 0.5411432
1542828436.594136 -0.5762731 1.5716925 -0.1994745 0.0215793 0.3379797 0.7629815 0.5506026
1542828436.893540 -0.5740284 1.5685929 -0.2006319 0.0217257 0.3334751 0.7587566 0.5591161
1542828437.194727 -0.5720580 1.5661036 -0.2025934 0.0219661 0.3304435 0.7559564 0.5646721
1542828437.844087 -0.5691638 1.5638376 -0.2103102 0.0205478 0.3290997 0.7505342 0.5726862
1542828438.894782 -0.5639584 1.5664573 -0.2216708 0.0150159 0.3313572 0.7452838 0.5783848
1542828440.044572 -0.5652854 1.5771836 -0.2147647 0.0169768 0.3107862 0.7454386 0.5894447
1542828440.943738 -0.5653831 1.5769194 -0.2233275 0.0153332 0.3039632 0.7436716 0.5952511
1542828443.094221 -0.5641158 1.5616983 -0.2742329 0.0236590 0.3335695 0.7225568 0.6050482
1542828443.394104 -0.5626936 1.5571225 -0.2791746 0.0246928 0.3291532 0.7189022 0.6117419
1542828444.642474 -0.5614821 1.5499656 -0.2910886 0.0287204 0.3098808 0.7117307 0.6297527
1542828445.043420 -0.5593605 1.5523388 -0.2903795 0.0257505 0.3045390 0.7128049 0.6312702
1542828445.442385 -0.5561950 1.5565388 -0.2893028 0.0205488 0.2980799 0.7151762 0.6318617
1542828445.794200 -0.5537455 1.5601443 -0.2886894 0.0150473 0.2930914 0.7178548 0.6313125
1542828446.193046 -0.5523016 1.5600176 -0.2912731 0.0070671 0.2915657 0.7206221 0.6290019
1542828446.592645 -0.5513160 1.5595127 -0.2996009 0.0025200 0.2932705 0.7230495 0.6254482
1542828446.992174 -0.5493377 1.5561616 -0.3108792 -0.0027699 0.3001540 0.7243934 0.6206079
1542828447.442612 -0.5478604 1.5562117 -0.3260485 -0.0030629 0.3102601 0.7232744 0.6169307
1542828447.841849 -0.5449055 1.5539393 -0.3398772 -0.0033343 0.3190505 0.7221516 0.6137530
1542828448.294348 -0.5412303 1.5488454 -0.3540080 -0.0019051 0.3267336 0.7207209 0.6113943
1542828448.692876 -0.5375683 1.5423552 -0.3647474 -0.0000063 0.3287843 0.7190115 0.6123099
1542828449.091630 -0.5337881 1.5351616 -0.3738334 0.0018519 0.3263387 0.7174125 0.6154826
1542828449.543795 -0.5293502 1.5277803 -0.3824381 0.0042115 0.3202043 0.7161785 0.6201129
1542828449.991556 -0.5286088 1.5266086 -0.3890350 0.0103035 0.3138020 0.7168263 0.6225612
1542828457.641728 -0.5127507 1.5694953 -0.3454840 0.0125215 0.2983409 0.7192993 0.6272516
1542828458.240178 -0.5073787 1.5674073 -0.3434521 0.0110267 0.3012883 0.7156032 0.6300920
1542828458.691624 -0.5028142 1.5657043 -0.3411559 0.0099623 0.3017687 0.7129629 0.6328667
1542828463.290544 -0.4440967 1.5397429 -0.3067144 0.0102182 0.2883895 0.6778417 0.6762084
1542828463.989634 -0.4358366 1.5405407 -0.2931339 0.0100068 0.2849126 0.6757548 0.6797649
1542828465.041990 -0.4260181 1.5422610 -0.2778386 0.0073623 0.2760134 0.6759585 0.6832588
1542828465.540590 -0.4231677 1.5443854 -0.2726578 0.0072828 0.2749371 0.6752347 0.6844082
1542828475.338259 -0.4205443 1.4689658 -0.3046740 -0.0026866 0.2418756 0.5783243 0.7791213
1542828476.338315 -0.4298337 1.4565034 -0.3128866 -0.0036002 0.2361587 0.5629075 0.7920551
1542828477.338466 -0.4337953 1.4486272 -0.3219250 -0.0053375 0.2370852 0.5561712 0.7965147
1542828478.087949 -0.4360249 1.4450147 -0.3274065 -0.0047570 0.2378091 0.5556141 0.7966914
1542828481.736537 -0.4347606 1.4397917 -0.3484510 -0.0000991 0.2410138 0.5720154 0.7840350
1542828487.135404 -0.4111370 1.4577352 -0.3092243 0.0074147 0.2551281 0.6288060 0.7344778
1542828487.636019 -0.4082717 1.4635190 -0.2999420 0.0047487 0.2549174 0.6329439 0.7310106
1542828488.685931 -0.4033223 1.4737967 -0.2824530 -0.0019403 0.2594092 0.6394240 0.7237680
1542828489.186316 -0.4020351 1.4749172 -0.2790529 -0.0069428 0.2668856 0.6411141 0.7195114
1542828490.236021 -0.4055252 1.4871931 -0.2634881 0.0016193 0.2682635 0.6496229 0.7113523
1542828490.785653 -0.4040765 1.4899995 -0.2567750 0.0027890 0.2644174 0.6566948 0.7062773
1542828491.734825 -0.4060901 1.4993638 -0.2489631 0.0098802 0.2646086 0.6666945 0.6967087
1542828494.234587 -0.4096534 1.5188828 -0.2441388 0.0068811 0.2940724 0.6825399 0.6690391
1542828495.284971 -0.4082850 1.5289898 -0.2422529 0.0106103 0.2922217 0.6930857 0.6588825
1542828496.134351 -0.4064507 1.5364318 -0.2433306 0.0138369 0.2922767 0.7004703 0.6509411
1542828496.583941 -0.4042865 1.5390459 -0.2463673 0.0135031 0.2942032 0.7035618 0.6467326
1542828497.034244 -0.4025531 1.5421124 -0.2502008 0.0137528 0.2975102 0.7058176 0.6427441
1542828497.984215 -0.3981564 1.5466944 -0.2620994 0.0129035 0.3067221 0.7097628 0.6340284
1542828498.383697 -0.3973898 1.5483681 -0.2668733 0.0143773 0.3111212 0.7114250 0.6299773
1542828498.786368 -0.3941784 1.5506390 -0.2735516 0.0142914 0.3127876 0.7133626 0.6269557
1542828500.683520 -0.3801204 1.5621355 -0.3014529 0.0160837 0.3148306 0.7240552 0.6134877
1542828501.083436 -0.3771727 1.5650837 -0.3072369 0.0162443 0.3144906 0.7265431 0.6107101
1542828502.734293 -0.3665193 1.5794224 -0.3275101 0.0148825 0.3151547 0.7363071 0.5985883
1542828503.234616 -0.3630717 1.5831866 -0.3339938 0.0143054 0.3156718 0.7390057 0.5949935
1542828505.882704 -0.3561424 1.5958041 -0.3437800 0.0157472 0.2990436 0.7348744 0.6085101
1542828507.232452 -0.3661233 1.6084398 -0.3299961 0.0115858 0.2957916 0.7295696 0.6165236
1542828507.784998 -0.3677229 1.6149791 -0.3273208 0.0069073 0.2979956 0.7287576 0.6164927
1542828510.682509 -0.3831825 1.6447304 -0.3274554 0.0100295 0.3041670 0.7368882 0.6036370
1542828511.081733 -0.3851978 1.6440145 -0.3273680 0.0101301 0.3031132 0.7360109 0.6052336
1542828513.082309 -0.4085585 1.6418045 -0.3270709 0.0062536 0.3036305 0.7196331 0.6244178
1542828514.081915 -0.4123932 1.6463232 -0.3346376 0.0000145 0.3075226 0.7164235 0.6262327
1542828514.284939 -0.4123772 1.6476824 -0.3337984 0.0003598 0.3072883 0.7161225 0.6266916
1542828514.481838 -0.4131911 1.6473663 -0.3348295 -0.0002155 0.3084688 0.7158864 0.6263814
1542828517.880920 -0.4066739 1.6197283 -0.3945756 0.0164845 0.2962752 0.6975238 0.6522346
1542828518.480813 -0.4038256 1.6065658 -0.4025953 0.0154058 0.2883459 0.6852788 0.6685898
1542828519.332889 -0.3988714 1.5840666 -0.4142558 0.0108365 0.2794576 0.6657152 0.6918160
1542828519.980553 -0.3963534 1.5659478 -0.4248464 0.0083880 0.2736093 0.6495949 0.7092912
1542828521.131209 -0.3932986 1.5396202 -0.4477316 0.0035295 0.2715494 0.6269655 0.7301799
1542828522.232199 -0.3886333 1.5238914 -0.4754163 0.0030142 0.2764305 0.6220717 0.7325324
1542828524.579307 -0.3890927 1.4957967 -0.4597949 -0.0067852 0.2292670 0.5870477 0.7763798
1542828525.280017 -0.3874126 1.4851980 -0.4717862 -0.0138714 0.2280102 0.5791866 0.7825356
1542828528.379643 -0.3795931 1.4630065 -0.5047452 0.0050250 0.2364700 0.5689821 0.7876015
1542828532.778216 -0.3732522 1.4535199 -0.5360669 0.0055283 0.2574006 0.5742809 0.7771202
1542828533.827805 -0.3729427 1.4556453 -0.5341665 0.0150320 0.2397806 0.5785789 0.7794395
1542828534.927469 -0.3776001 1.4466994 -0.5429432 0.0066227 0.2227224 0.5726945 0.7889055
1542828536.627239 -0.3852118 1.4199588 -0.5559412 -0.0036727 0.2301921 0.5379720 0.8109156
1542828537.678208 -0.3984905 1.4003892 -0.5405349 -0.0094578 0.2015881 0.5114135 0.8353018
1542828538.477515 -0.4116499 1.3838824 -0.5280058 -0.0135736 0.1811021 0.4855028 0.8551636
1542828539.326874 -0.4210578 1.3703930 -0.5241832 -0.0180272 0.1809782 0.4613753 0.8683633
1542828540.228299 -0.4334494 1.3571843 -0.5223175 -0.0183822 0.1867665 0.4381604 0.8790881
1542828541.126979 -0.4499207 1.3440156 -0.5130526 -0.0162703 0.1792198 0.4172369 0.8908024
1542828542.927538 -0.4675740 1.3330045 -0.4939825 -0.0088433 0.1473808 0.3953093 0.9066042
1542828543.676134 -0.4761285 1.3187807 -0.4822650 -0.0141900 0.1260019 0.3655491 0.9221150
1542828544.628324 -0.4871607 1.3046221 -0.4710478 -0.0222811 0.1115754 0.3130133 0.9429089
1542828545.527263 -0.4906515 1.2947545 -0.4487065 -0.0311174 0.1077672 0.2601027 0.9590436
1542828546.426147 -0.4988329 1.2889438 -0.4230378 -0.0405005 0.0827345 0.2072435 0.9739429
1542828548.326555 -0.5155236 1.2799509 -0.3895138 -0.0441923 0.0529261 0.1082277 0.9917321
1542828549.176196 -0.5252349 1.2775648 -0.3809739 -0.0365229 0.0457196 0.0788059 0.9951711
1542828550.075438 -0.5363727 1.2765280 -0.3678854 -0.0306596 0.0292631 0.0562261 0.9975181
1542828551.725423 -0.5585976 1.2767377 -0.3434545 -0.0313864 0.0075323 0.0250772 0.9991643
1542828552.526459 -0.5675357 1.2735569 -0.3324399 -0.0365469 -0.0051449 -0.0000752 0.9993187
1542828553.324629 -0.5813223 1.2660681 -0.3203403 -0.0441819 -0.0179549 -0.0405872 0.9980372
1542828554.274774 -0.5989832 1.2561736 -0.3095372 -0.0465076 -0.0274776 -0.0948965 0.9940205
1542828555.174317 -0.6140053 1.2447536 -0.3040419 -0.0425955 -0.0324556 -0.1396100 0.9887574
1542828556.024173 -0.6240398 1.2381519 -0.2959922 -0.0406767 -0.0471126 -0.1733241 0.9828960
1542828556.674867 -0.6303434 1.2329023 -0.2885498 -0.0455534 -0.0644862 -0.1980140 0.9770142
1542828558.025232 -0.6313487 1.2215300 -0.2806028 -0.0492179 -0.0844974 -0.2428358 0.9651262
1542828559.775477 -0.6326208 1.1976414 -0.2761731 -0.0453474 -0.0966093 -0.3024105 0.9471843
1542828560.873420 -0.6512553 1.1919111 -0.2727604 -0.0439468 -0.1105907 -0.3353388 0.9345514
1542828561.374863 -0.6574012 1.1897025 -0.2722114 -0.0407713 -0.1189922 -0.3440529 0.9304871
1542828562.923321 -0.6610650 1.1745436 -0.2770832 -0.0305596 -0.1335675 -0.3446306 0.9286849
1542828563.973681 -0.6586085 1.1607429 -0.2801859 -0.0257061 -0.1328327 -0.3359694 0.9321048
1542828564.473109 -0.6583054 1.1537868 -0.2794682 -0.0259706 -0.1321240 -0.3325213 0.9334337
1542828564.973300 -0.6616175 1.1480969 -0.2773080 -0.0279483 -0.1322866 -0.3319029 0.9335736
1542828565.524493 -0.6678928 1.1400158 -0.2736476 -0.0317707 -0.1318762 -0.3338394 0.9328187
1542828566.626320 -0.6885726 1.1273401 -0.2652569 -0.0368435 -0.1289001 -0.3420029 0.9300867
1542828567.223814 -0.7045577 1.1197448 -0.2618279 -0.0348309 -0.1265474 -0.3459921 0.9290113
1542828567.772298 -0.7203057 1.1136577 -0.2588111 -0.0324642 -0.1270429 -0.3478692 0.9283282
1542828568.372242 -0.7386492 1.1071641 -0.2551617 -0.0337195 -0.1322373 -0.3505118 0.9265624
1542828568.922304 -0.7554622 1.1015396 -0.2518264 -0.0363783 -0.1397941 -0.3525012 0.9245957
1542828570.274198 -0.7967938 1.0834632 -0.2490041 -0.0352082 -0.1505684 -0.3591927 0.9203641
1542828570.821833 -0.8125358 1.0750068 -0.2491693 -0.0317684 -0.1510397 -0.3625051 0.9191126
1542828571.372380 -0.8289324 1.0670409 -0.2491040 -0.0285401 -0.1498069 -0.3658513 0.9180938
1542828571.921807 -0.8460404 1.0611112 -0.2478168 -0.0271372 -0.1496533 -0.3703135 0.9163708
1542828572.472505 -0.8646902 1.0552872 -0.2454618 -0.0286686 -0.1508031 -0.3749750 0.9142376
1542828573.074554 -0.8868135 1.0509784 -0.2418851 -0.0327301 -0.1530656 -0.3792653 0.9119526
1542828574.121355 -0.9204825 1.0396976 -0.2356540 -0.0404592 -0.1590210 -0.3823732 0.9093218
1542828574.721407 -0.9296650 1.0304835 -0.2350020 -0.0371737 -0.1567292 -0.3762042 0.9124278
1542828575.372399 -0.9368433 1.0172971 -0.2351296 -0.0311445 -0.1481153 -0.3654608 0.9184390
1542828577.221415 -0.9556133 0.9802061 -0.2317095 -0.0256949 -0.1315657 -0.3285738 0.9349169
1542828578.473026 -0.9786072 0.9578021 -0.2236301 -0.0343650 -0.1329510 -0.3158972 0.9388035
1542828579.070465 -0.9879992 0.9459271 -0.2200724 -0.0353018 -0.1303068 -0.3100360 0.9410906
1542828579.670607 -0.9976050 0.9337993 -0.2174557 -0.0334333 -0.1244438 -0.3054935 0.9434351
1542828580.220181 -1.0071362 0.9218514 -0.2163556 -0.0313355 -0.1185819 -0.3015716 0.9455216
1542828582.270573 -1.0501251 0.8786018 -0.2057793 -0.0313328 -0.1135644 -0.2863341 0.9508597
1542828582.670870 -1.0593655 0.8712357 -0.2027996 -0.0321193 -0.1151634 -0.2836377 0.9514491
1542828583.070242 -1.0693762 0.8635133 -0.2003994 -0.0326943 -0.1157557 -0.2815556 0.9519759
1542828583.470756 -1.0787487 0.8558426 -0.1976340 -0.0327778 -0.1163628 -0.2793149 0.9525589
1542828583.922344 -1.0910833 0.8475082 -0.1953948 -0.0325178 -0.1151648 -0.2775441 0.9532308
1542828584.320074 -1.1011896 0.8392354 -0.1938859 -0.0319352 -0.1141366 -0.2762720 0.9537436
1542828585.820783 -1.1401905 0.8098675 -0.1889546 -0.0280371 -0.1089341 -0.2718565 0.9557413
1542828586.419664 -1.1557976 0.7982830 -0.1860713 -0.0281716 -0.1083598 -0.2699037 0.9563559
1542828586.769624 -1.1649412 0.7914230 -0.1845526 -0.0286810 -0.1082896 -0.2685596 0.9567270
1542828587.519172 -1.1846220 0.7775540 -0.1803759 -0.0304468 -0.1089643 -0.2651624 0.9575431
1542828588.120653 -1.1995267 0.7667568 -0.1765625 -0.0314667 -0.1092048 -0.2626211 0.9581828
1542828588.469194 -1.2086747 0.7598456 -0.1748304 -0.0322729 -0.1087653 -0.2613766 0.9585462
1542828588.770116 -1.2163727 0.7546850 -0.1733271 -0.0325024 -0.1081496 -0.2601929 0.9589301
1542828589.469524 -1.2333817 0.7412515 -0.1695684 -0.0332050 -0.1069606 -0.2575960 0.9597402
1542828590.669070 -1.2633653 0.7179940 -0.1640152 -0.0330244 -0.1026445 -0.2534329 0.9613248
1542828591.268568 -1.2781928 0.7058335 -0.1611676 -0.0328535 -0.1006499 -0.2513393 0.9620908
1542828591.519656 -1.2839165 0.7014042 -0.1597494 -0.0324060 -0.1002797 -0.2502878 0.9624188
1542828592.970310 -1.3174285 0.6744131 -0.1510013 -0.0328476 -0.1000328 -0.2435104 0.9641666
1542828593.219859 -1.3231510 0.6699091 -0.1490733 -0.0330343 -0.1001335 -0.2422721 0.9644617
1542828594.117908 -1.3433808 0.6535907 -0.1425354 -0.0338147 -0.0997754 -0.2378773 0.9655650
1542828594.417979 -1.3497909 0.6483852 -0.1401753 -0.0337575 -0.0992418 -0.2362586 0.9660193
1542828595.568156 -1.3740724 0.6274030 -0.1316489 -0.0325973 -0.0943694 -0.2317645 0.9676348
1542828596.619610 -1.3963106 0.6090310 -0.1231995 -0.0321817 -0.0915840 -0.2258178 0.9693210
1542828596.968976 -1.4033852 0.6028013 -0.1202118 -0.0325584 -0.0912280 -0.2236975 0.9698334
1542828597.717695 -1.4180393 0.5897174 -0.1133153 -0.0328282 -0.0907446 -0.2189330 0.9709563
1542828598.267953 -1.4290617 0.5802235 -0.1088346 -0.0326214 -0.0900340 -0.2155844 0.9717783
1542828598.819236 -1.4399686 0.5695800 -0.1044892 -0.0325723 -0.0887302 -0.2123825 0.9726046
1542828599.118356 -1.4453311 0.5644744 -0.1022978 -0.0318024 -0.0880603 -0.2107648 0.9730428
1542828599.969352 -1.4624679 0.5484766 -0.0957678 -0.0311250 -0.0845242 -0.2065760 0.9742758
1542828600.567162 -1.4743742 0.5380142 -0.0912143 -0.0301458 -0.0823460 -0.2032344 0.9751955
1542828601.266838 -1.4877629 0.5251105 -0.0852843 -0.0300487 -0.0806291 -0.1994604 0.9761207
1542828602.218379 -1.5110521 0.5138361 -0.0760097 -0.0335273 -0.0861563 -0.2023889 0.9749317
1542828602.467755 -1.5189340 0.5108240 -0.0735216 -0.0361053 -0.0902568 -0.2068573 0.9735298
1542828602.817674 -1.5313264 0.5065291 -0.0700058 -0.0401162 -0.0960506 -0.2149040 0.9710723
1542828604.017522 -1.5668769 0.4924875 -0.0619713 -0.0405677 -0.1012414 -0.2346906 0.9659321
1542828604.316721 -1.5742744 0.4873324 -0.0612186 -0.0384995 -0.0997928 -0.2374095 0.9655029
1542828604.866550 -1.5877197 0.4786781 -0.0605166 -0.0332793 -0.0961776 -0.2415484 0.9650372
1542828605.167395 -1.5945386 0.4742403 -0.0597677 -0.0303846 -0.0948347 -0.2431448 0.9648647
1542828605.468971 -1.6037412 0.4691053 -0.0586602 -0.0291993 -0.0936900 -0.2447156 0.9646159
1542828606.067477 -1.6215199 0.4600037 -0.0539536 -0.0275356 -0.0975910 -0.2483821 0.9633401
1542828606.366813 -1.6334913 0.4555504 -0.0506688 -0.0279913 -0.1008927 -0.2501917 0.9625182
1542828606.666094 -1.6465997 0.4497378 -0.0464704 -0.0301066 -0.1052506 -0.2522433 0.9614516
1542828607.216312 -1.6695400 0.4412316 -0.0379663 -0.0323398 -0.1141260 -0.2569196 0.9591255
1542828607.465662 -1.6813474 0.4355894 -0.0341924 -0.0332502 -0.1160771 -0.2592410 0.9582352
1542828608.066710 -1.7089294 0.4199419 -0.0237522 -0.0332994 -0.1175723 -0.2636302 0.9568527
1542828608.366696 -1.7222019 0.4124178 -0.0191276 -0.0312249 -0.1170520 -0.2659134 0.9563545
1542828608.665875 -1.7366821 0.4036303 -0.0146913 -0.0292555 -0.1151853 -0.2683646 0.9559587
1542828608.966290 -1.7500072 0.3955318 -0.0105538 -0.0264725 -0.1136415 -0.2703194 0.9556738
1542828609.266972 -1.7645661 0.3877810 -0.0070721 -0.0236838 -0.1116425 -0.2722954 0.9554216
1542828609.565550 -1.7774165 0.3792023 -0.0028413 -0.0215858 -0.1111235 -0.2737239 0.9551235
1542828610.866412 -1.8344847 0.3477494 0.0135467 -0.0201297 -0.1162506 -0.2794883 0.9528730
1542828611.116562 -1.8446679 0.3415686 0.0171026 -0.0208750 -0.1184496 -0.2802302 0.9523681
1542828611.365213 -1.8554583 0.3357167 0.0203555 -0.0217465 -0.1201587 -0.2815061 0.9517580
1542828611.916615 -1.8757238 0.3241306 0.0268714 -0.0237390 -0.1238133 -0.2836609 0.9506015
1542828612.666300 -1.9022335 0.3083436 0.0334721 -0.0252719 -0.1254399 -0.2875367 0.9491832
1542828612.915843 -1.9107566 0.3036855 0.0357919 -0.0251587 -0.1252508 -0.2892046 0.9487044
1542828613.165129 -1.9194703 0.2982562 0.0377186 -0.0250795 -0.1240949 -0.2905759 0.9484393
1542828613.715434 -1.9375226 0.2853575 0.0422288 -0.0229079 -0.1203230 -0.2919706 0.9485520
1542828613.966238 -1.9464060 0.2791192 0.0448409 -0.0219672 -0.1194015 -0.2928390 0.9484229
1542828614.467288 -1.9674666 0.2672459 0.0503843 -0.0198453 -0.1175646 -0.2952303 0.9479578
1542828614.764996 -1.9804921 0.2590423 0.0538626 -0.0194554 -0.1174863 -0.2961256 0.9476962
1542828615.316389 -2.0048499 0.2464706 0.0621774 -0.0200497 -0.1188895 -0.2972759 0.9471486
1542828615.815204 -2.0272405 0.2349402 0.0706353 -0.0226383 -0.1214433 -0.2974962 0.9466969
1542828616.315753 -2.0498772 0.2229059 0.0789903 -0.0257028 -0.1245377 -0.2979354 0.9460784
1542828616.565977 -2.0614214 0.2170941 0.0829398 -0.0269010 -0.1260813 -0.2981170 0.9457833
1542828616.764235 -2.0696659 0.2126856 0.0861343 -0.0271991 -0.1277542 -0.2982473 0.9455092
1542828617.514221 -2.1046157 0.1940475 0.0967985 -0.0284950 -0.1302450 -0.2997890 0.9446433
1542828617.765740 -2.1153319 0.1877820 0.1004104 -0.0281377 -0.1310739 -0.3004201 0.9443387
1542828618.016677 -2.1272304 0.1821998 0.1031886 -0.0269282 -0.1306777 -0.3014792 0.9440914
1542828618.266747 -2.1389267 0.1753473 0.1061565 -0.0260450 -0.1304456 -0.3025549 0.9438041
1542828619.265286 -2.1851532 0.1507799 0.1166535 -0.0207866 -0.1295463 -0.3064212 0.9428105
1542828619.513991 -2.1960115 0.1448679 0.1196972 -0.0198789 -0.1301855 -0.3068070 0.9426166
1542828620.015719 -2.2202096 0.1346053 0.1257328 -0.0199937 -0.1317497 -0.3084355 0.9418651
1542828620.264739 -2.2319741 0.1285874 0.1289398 -0.0213477 -0.1336612 -0.3093126 0.9412782
1542828620.464891 -2.2417371 0.1248133 0.1310635 -0.0219470 -0.1349748 -0.3103518 0.9407348
1542828620.663587 -2.2515371 0.1213585 0.1333149 -0.0224416 -0.1362409 -0.3114843 0.9401662
1542828620.963761 -2.2653480 0.1142833 0.1382069 -0.0242702 -0.1384351 -0.3124276 0.9394869
1542828621.864548 -2.3080790 0.0950377 0.1493438 -0.0236888 -0.1391373 -0.3158372 0.9382572
1542828622.064740 -2.3173285 0.0901863 0.1520706 -0.0229541 -0.1389271 -0.3164634 0.9380956
1542828622.314679 -2.3294942 0.0839057 0.1553724 -0.0224032 -0.1384028 -0.3172282 0.9379281
1542828622.564411 -2.3412385 0.0782139 0.1585978 -0.0213778 -0.1380094 -0.3178470 0.9378005
1542828623.113358 -2.3682547 0.0664039 0.1654240 -0.0194657 -0.1366154 -0.3193755 0.9375269
1542828623.614338 -2.3935122 0.0544661 0.1722832 -0.0201316 -0.1364895 -0.3198825 0.9373583
1542828623.864366 -2.4048567 0.0494563 0.1759842 -0.0200246 -0.1374201 -0.3202465 0.9371003
1542828624.314407 -2.4275494 0.0395920 0.1828936 -0.0217084 -0.1387745 -0.3211362 0.9365585
1542828624.564009 -2.4399033 0.0345905 0.1863339 -0.0225042 -0.1396080 -0.3217469 0.9362062
1542828625.214407 -2.4725609 0.0210254 0.1953586 -0.0238537 -0.1413525 -0.3239520 0.9351500
1542828625.663141 -2.4951620 0.0110637 0.2011120 -0.0241403 -0.1425060 -0.3254601 0.9344437
1542828625.962739 -2.5093441 0.0050389 0.2043629 -0.0237524 -0.1432300 -0.3263508 0.9340322
1542828626.462673 -2.5319529 -0.0032831 0.2085613 -0.0231495 -0.1444125 -0.3272069 0.9335657
1542828626.815415 -2.5464449 -0.0099870 0.2110327 -0.0232590 -0.1451859 -0.3280774 0.9331374
1542828627.064975 -2.5555749 -0.0147007 0.2125545 -0.0230616 -0.1459324 -0.3287065 0.9328043
1542828627.363733 -2.5667133 -0.0195896 0.2148857 -0.0228225 -0.1464292 -0.3292515 0.9325401
1542828628.063680 -2.5915618 -0.0312563 0.2190327 -0.0224351 -0.1466549 -0.3306421 0.9320219
1542828628.312580 -2.5999482 -0.0357004 0.2209007 -0.0225891 -0.1464553 -0.3313071 0.9318134
1542828628.814989 -2.6170728 -0.0441285 0.2245028 -0.0223327 -0.1455089 -0.3329825 0.9313706
1542828630.312377 -2.6676390 -0.0678761 0.2352369 -0.0251820 -0.1434505 -0.3383940 0.9296651
1542828630.662916 -2.6794703 -0.0734023 0.2376242 -0.0265153 -0.1433480 -0.3392725 0.9293237
1542828630.912263 -2.6872406 -0.0777991 0.2398837 -0.0275961 -0.1440915 -0.3398735 0.9289575
1542828631.265866 -2.6998293 -0.0826980 0.2426011 -0.0286133 -0.1440340 -0.3410614 0.9285002
1542828631.811868 -2.7178638 -0.0911962 0.2460514 -0.0296616 -0.1450553 -0.3424138 0.9278103
1542828632.362029 -2.7346601 -0.0998317 0.2493876 -0.0294431 -0.1462190 -0.3438103 0.9271179
1542828632.611810 -2.7419786 -0.1041703 0.2510570 -0.0291942 -0.1465864 -0.3444092 0.9268454
1542828633.211812 -2.7605543 -0.1137114 0.2547154 -0.0284410 -0.1468355 -0.3456855 0.9263542
1542828633.761547 -2.7773938 -0.1217874 0.2577716 -0.0278921 -0.1470295 -0.3471739 0.9257833
1542828634.061539 -2.7869341 -0.1252828 0.2591999 -0.0277570 -0.1467727 -0.3479131 0.9255506
1542828634.611527 -2.8029559 -0.1333553 0.2637811 -0.0289106 -0.1473945 -0.3489898 0.9250109
1542828635.211431 -2.8205998 -0.1428177 0.2693850 -0.0313446 -0.1481953 -0.3492784 0.9246947
1542828635.512999 -2.8288641 -0.1456668 0.2718408 -0.0316171 -0.1487206 -0.3494388 0.9245405
1542828635.761244 -2.8361950 -0.1500382 0.2742350 -0.0327441 -0.1490076 -0.3496552 0.9243732
1542828636.863991 -2.8669958 -0.1644934 0.2822241 -0.0321957 -0.1489976 -0.3508717 0.9239330
1542828637.161399 -2.8762796 -0.1694258 0.2843077 -0.0319766 -0.1481566 -0.3512652 0.9239264
1542828637.912360 -2.8965964 -0.1809587 0.2903059 -0.0307703 -0.1478126 -0.3518214 0.9238108
1542828639.011955 -2.9263520 -0.1954789 0.2984047 -0.0295999 -0.1474683 -0.3514589 0.9240420
1542828639.611720 -2.9425085 -0.2037634 0.3032319 -0.0307987 -0.1478312 -0.3509230 0.9241485
1542828640.211825 -2.9578435 -0.2109694 0.3086211 -0.0316769 -0.1478805 -0.3498090 0.9245332
1542828640.960324 -2.9782920 -0.2213965 0.3161700 -0.0334381 -0.1485553 -0.3499037 0.9243271
1542828641.210885 -2.9871926 -0.2237998 0.3178881 -0.0340544 -0.1492297 -0.3515172 0.9235835
1542828641.461025 -2.9962797 -0.2268897 0.3207090 -0.0349286 -0.1507476 -0.3535973 0.9225097
1542828642.062520 -3.0204248 -0.2347983 0.3278252 -0.0375245 -0.1551425 -0.3602141 0.9191129
1542828642.311435 -3.0305851 -0.2361099 0.3297837 -0.0375715 -0.1571251 -0.3639832 0.9172875
1542828642.812054 -3.0520525 -0.2403575 0.3356401 -0.0378739 -0.1602310 -0.3714356 0.9137435
1542828643.311146 -3.0742335 -0.2455862 0.3408020 -0.0345469 -0.1608033 -0.3776760 0.9112133
1542828644.311975 -3.1237772 -0.2605677 0.3530381 -0.0271419 -0.1597726 -0.3875361 0.9074975
1542828644.560229 -3.1355591 -0.2628863 0.3573078 -0.0253138 -0.1608502 -0.3894591 0.9065363
1542828644.762771 -3.1455150 -0.2649203 0.3598346 -0.0245010 -0.1614919 -0.3906232 0.9059435
1542828645.060017 -3.1617808 -0.2686866 0.3646117 -0.0245209 -0.1624946 -0.3924504 0.9049734
1542828645.459563 -3.1807487 -0.2732845 0.3722380 -0.0246978 -0.1652803 -0.3942507 0.9036807
1542828646.159565 -3.2168736 -0.2816375 0.3845300 -0.0264692 -0.1696361 -0.3978822 0.9012284
1542828646.659780 -3.2423685 -0.2875892 0.3942409 -0.0280905 -0.1731798 -0.4004517 0.8993654
1542828646.910123 -3.2568595 -0.2911219 0.3975744 -0.0290087 -0.1734044 -0.4021199 0.8985483
1542828647.160697 -3.2681587 -0.2940936 0.4018777 -0.0285797 -0.1744933 -0.4034277 0.8977647
1542828648.160271 -3.3113246 -0.3074770 0.4145615 -0.0238152 -0.1710552 -0.4027829 0.8988543
1542828648.459636 -3.3215599 -0.3115090 0.4195485 -0.0232223 -0.1715470 -0.4021710 0.8990500
1542828648.710699 -3.3316689 -0.3149588 0.4229906 -0.0236582 -0.1716208 -0.4017573 0.8992095
1542828648.959410 -3.3442647 -0.3175322 0.4252976 -0.0241199 -0.1707040 -0.4021052 0.8992162
1542828650.709023 -3.4104977 -0.3358897 0.4501989 -0.0307815 -0.1752093 -0.4017187 0.8983186
1542828651.059167 -3.4230657 -0.3397843 0.4545718 -0.0314942 -0.1747433 -0.4021797 0.8981784
1542828651.558924 -3.4393890 -0.3440716 0.4589915 -0.0301872 -0.1731058 -0.4033424 0.8980190
1542828652.508271 -3.4695175 -0.3528206 0.4681545 -0.0280312 -0.1699464 -0.4054611 0.8977382
1542828652.758570 -3.4773369 -0.3551414 0.4707714 -0.0281030 -0.1695608 -0.4056455 0.8977255
1542828653.809419 -3.5118227 -0.3647467 0.4829932 -0.0311003 -0.1698160 -0.4070236 0.8969544
1542828654.308598 -3.5275865 -0.3677748 0.4879053 -0.0319430 -0.1702979 -0.4072160 0.8967460
1542828655.559262 -3.5454006 -0.3860311 0.4996067 -0.0277097 -0.1620470 -0.3895970 0.9061938
1542828656.909499 -3.5427551 -0.4094722 0.5111011 -0.0249194 -0.1418174 -0.3493479 0.9258633
1542828659.758494 -3.5416257 -0.4495759 0.5391253 -0.0329448 -0.1157570 -0.2883851 0.9499205
1542828659.959183 -3.5396662 -0.4527525 0.5389653 -0.0304261 -0.1114098 -0.2828133 0.9521968
1542828660.760049 -3.5290935 -0.4640212 0.5400763 -0.0251102 -0.1001211 -0.2592295 0.9602840
1542828661.957402 -3.5094798 -0.4770748 0.5477446 -0.0313868 -0.0952069 -0.2209853 0.9701113
1542828662.408293 -3.4999969 -0.4826117 0.5509683 -0.0341414 -0.0923720 -0.2053501 0.9737213
1542828663.407049 -3.4867465 -0.4948745 0.5531426 -0.0348408 -0.0721894 -0.1729604 0.9816616
1542828663.906760 -3.4741883 -0.4975794 0.5595065 -0.0325659 -0.0668680 -0.1581880 0.9846038
1542828665.006495 -3.4745948 -0.5111829 0.5670723 -0.0303261 -0.0521983 -0.1369088 0.9887425
1542828665.608401 -3.4757380 -0.5214986 0.5728900 -0.0303427 -0.0498571 -0.1259899 0.9903132
1542828665.858565 -3.4750125 -0.5253475 0.5764204 -0.0300196 -0.0503693 -0.1215730 0.9908490
1542828666.757539 -3.4758840 -0.5358026 0.5888501 -0.0296128 -0.0515411 -0.1050134 0.9926927
1542828667.956205 -3.4888773 -0.5542549 0.5996076 -0.0291053 -0.0435650 -0.0878422 0.9947556
1542828668.106176 -3.4863226 -0.5515548 0.6007347 -0.0255645 -0.0433276 -0.0853238 0.9950824
1542828669.755824 -3.4742439 -0.5804111 0.6111563 -0.0172740 -0.0124796 -0.0453498 0.9987439
1542828669.907657 -3.4715660 -0.5767051 0.6122045 -0.0142154 -0.0102532 -0.0394013 0.9990698
1542828670.206483 -3.4709389 -0.5823609 0.6147197 -0.0147217 -0.0059454 -0.0315014 0.9993776
1542828670.556839 -3.4683695 -0.5823602 0.6195564 -0.0133608 -0.0044867 -0.0218174 0.9996626
1542828670.755658 -3.4678688 -0.5791391 0.6225166 -0.0118154 -0.0045475 -0.0166292 0.9997815
1542828670.956449 -3.4689221 -0.5829337 0.6240659 -0.0133060 -0.0036746 -0.0122657 0.9998295
