0.0 -2.7890250785779287 -5.003651750117708 1.8768916811284049 0.0951715108133 0.467137721038 0.878635837021 0.0269035130802
20.0 -2.7001015960346746 -4.791188224220486 1.8022704221245 0.100136165876 0.460424989428 0.881785890042 0.0208619633975
40.0 -2.6005993097171594 -4.58250607334872 1.7261285405266478 0.107491500836 0.456577937288 0.88263339733 0.0306667629092
60.0 -2.496928877994501 -4.3747173209442565 1.642799747661037 0.106716675116 0.457388572644 0.882053385197 0.0372702364993
80.0 -2.394336045129172 -4.163080241067758 1.5557208001537424 0.102502487523 0.4573948604 0.882706683407 0.0333480554128
100.0 -0.8462867573297331 -1.7660171119639394 0.20477876707686507 0.102759442278 0.481935287485 0.867287736451 0.0706460041421
120.0 -2.187366584669067 -3.728441284409922 1.3550661309838028 0.109493817108 0.454203503615 0.883965633983 0.0177493452358
140.0 -2.076039542072797 -3.5184865060286774 1.2317762064846125 0.114334926878 0.46881833776 0.875684978054 0.0176836050086
160.0 -1.9631666735688766 -3.316432273398365 1.095164821532184 0.125875656433 0.490420977212 0.862128133322 0.019433629699
180.0 -1.8502158729695937 -3.1266185145784813 0.9453995191734628 0.138938770291 0.512071175136 0.847360547511 0.021429704299
200.0 -1.728650382664262 -2.9369998118640717 0.7957428530092653 0.146360500945 0.524941895345 0.837766061414 0.0340974576421
220.0 -1.5853416028319227 -2.7391775592318552 0.6499576446425875 0.144642809371 0.517755197603 0.841072284244 0.0600451973813
240.0 -1.420361656501798 -2.531381737542816 0.5155947974124461 0.133923841506 0.494135442436 0.85404062341 0.0922452316894
260.0 -1.2538671102683963 -2.321897861039438 0.40796330456932395 0.112933716793 0.466697169536 0.870613770766 0.107104573716
280.0 -1.1030266857939652 -2.1247114361052106 0.32129657192804184 0.101181396549 0.451453482105 0.880217757011 0.105682442871
300.0 -0.9735283917720581 -1.938117664563092 0.2520271300149184 0.106503028467 0.45583714716 0.878658905051 0.0939581224276
320.0 -0.7599943235648355 -1.5927288636304 0.16139511136422593 0.0994785076724 0.511812616725 0.852385811692 0.0398785643933
340.0 -0.6902278075562847 -1.4118639286190613 0.12740218582023766 0.0981761695941 0.530497063044 0.841908144428 0.0111795425196
360.0 -2.2935673516973116 -3.948412641306582 1.4620017412429953 0.103155447071 0.453798131633 0.884809598022 0.0231988084803
380.0 -0.6219647091745203 -1.2261052564020825 0.08985841165824003 -0.0958432496927 -0.534550121228 -0.839681114994 0.00242167439371
400.0 -0.5590606975636685 -1.0438635898395356 0.05304195957323991 0.101092388371 0.526117796927 0.844370122256 0.00441468125596
420.0 -0.4691282772393421 -0.853561663641417 0.006619116332420598 0.110475152088 0.506515431994 0.854850149568 0.0216467019887
440.0 -0.366873860759949 -0.6651163253169828 -0.04611267853734559 0.120289792696 0.488207588084 0.8631038496 0.0472806674576
460.0 -0.24393470134614018 -0.4830192080940307 -0.10677997878158076 0.119311855964 0.479633940303 0.865603461665 0.0802907932961
480.0 -0.10504163826141583 -0.312581074557978 -0.16550278107272703 0.117748167332 0.478097027151 0.862591507482 0.116165799355
500.0 0.04883468501071671 -0.14267239520141417 -0.2347929191080649 0.115409224531 0.475567772902 0.859103525137 0.149857056448
520.0 0.21475147343890857 0.024154982259329907 -0.30378552871067793 0.112439861264 0.469968211772 0.857439943938 0.176872553165
540.0 0.38526656156986816 0.19312399089081342 -0.36716735925391775 0.109261010404 0.463743557028 0.856277774676 0.199480118098
560.0 0.5600583715474946 0.3568374578476086 -0.4290899140374529 0.106209141657 0.458531743856 0.854384441951 0.220216900935
580.0 0.7399529081378462 0.5110116296520847 -0.4886158587704752 0.103300758006 0.46007526931 0.848420805871 0.240503297545
600.0 0.9200733831606949 0.6609976652912836 -0.5467070908931864 0.10361583989 0.461531439245 0.840726467267 0.2634985684
620.0 1.1046136845650187 0.8038796135136639 -0.5997048913882083 0.106455544794 0.458281046704 0.833870435337 0.288627435088
640.0 1.297216603950349 0.9394028183907955 -0.6445257588624623 0.101157985234 0.453411354572 0.82857755909 0.312481094052
660.0 1.4526886956391891 1.0511579325741454 -0.6676311787478534 0.101948316555 0.444034975139 0.824793916226 0.334894725791
680.0 1.553951222491117 1.1340588217971639 -0.6732428693106306 0.11520752124 0.443630626403 0.818131299997 0.347246699528
700.0 1.6098400824458916 1.211937079993429 -0.6712997770620234 0.130797745736 0.456316087298 0.818131132815 0.324544338576
720.0 1.6391319424356088 1.2889585628678808 -0.6585630582900625 0.139925378985 0.461988861485 0.830517878653 0.277897883073
740.0 1.643380843670822 1.3567938317059942 -0.6455218242799811 0.134302065997 0.464290122582 0.849820020177 0.210246451689
760.0 1.6291410303642009 1.4069441113814516 -0.637083942503815 0.1178820551 0.469523642229 0.865675008932 0.127507448344
780.0 1.6040395105463745 1.4397492281448685 -0.6310794845478245 0.113749371861 0.471187827591 0.873704258601 0.0410363257854
800.0 1.5742798267173461 1.4515061680794714 -0.6270668838651666 -0.117161941472 -0.471728510823 -0.872503092633 0.0498361805592
820.0 1.5449659817052304 1.446316243600952 -0.6235038499593619 -0.120516881342 -0.471862997736 -0.861704943023 0.142427468733
840.0 1.5191035205646581 1.4298353202095178 -0.6108243585293816 -0.124910867002 -0.464776578848 -0.844151141612 0.23619664937
860.0 1.499363314735708 1.4039344887691239 -0.5929229747986069 -0.124235134506 -0.449136231046 -0.821084692145 0.329639508617
880.0 1.4862796243507825 1.3698100840316383 -0.5742447040272086 -0.11773105089 -0.429368393901 -0.789763794591 0.421966030301
900.0 1.48375482189728 1.3291359984902984 -0.5524171200040184 -0.111570392458 -0.408019531605 -0.74839507875 0.510858997628
920.0 1.49342778828552 1.3054546102275617 -0.5378697452012526 -0.117760691089 -0.392409398259 -0.711931866598 0.570351033237
940.0 1.5077682163438062 1.2954980527368016 -0.5335771121411138 -0.124696690741 -0.384706294883 -0.684700698133 0.606330566582
960.0 1.5228166279111712 1.2898777233174719 -0.5413191905230177 -0.118740270052 -0.378522609604 -0.665771871193 0.631956642353
980.0 1.5391646830257486 1.2896432356558365 -0.551214386760282 -0.108365600742 -0.372772802283 -0.652412311316 0.650888247318
1000.0 1.5549114012167442 1.2966345068955751 -0.5581611568436701 -0.104663032206 -0.36741102066 -0.641688501174 0.665049365873
1020.0 1.578680050835408 1.2898621331910682 -0.5583460906230832 -0.100584839211 -0.355819748526 -0.619317169292 0.69261911647
1040.0 1.6119284331285382 1.2725078865665722 -0.5547296527549105 -0.0942304968199 -0.337775955247 -0.583941732494 0.732147574317
1060.0 1.6522935413665953 1.250960208815575 -0.5452552422023391 -0.0911892090557 -0.315403941313 -0.539681789685 0.775208647939
1080.0 1.687983607980059 1.2456207534004933 -0.5338507919863095 -0.0944560148445 -0.299036839778 -0.506550554001 0.803157248586
1100.0 1.7234013274331659 1.24629479264466 -0.5272874303280456 -0.0890183514211 -0.285017063751 -0.482945307914 0.823167562556
1120.0 1.760191199698671 1.2545813178322571 -0.5178399055470068 -0.0802670627924 -0.275305618653 -0.463844287511 0.838219835074
1140.0 1.805607564751842 1.2643556976457426 -0.5051751969929213 -0.0672076942887 -0.259076244967 -0.435279156171 0.859589833191
1160.0 1.8640256484804003 1.2765180043207784 -0.48699314100525987 -0.0565596995319 -0.229337452143 -0.384476072431 0.892403206606
1180.0 1.919927798812243 1.293203414314619 -0.4595485410275548 -0.0666925868191 -0.210975461175 -0.338449767027 0.914600026703
1200.0 1.9736605064026547 1.3140322904627546 -0.4365371176513942 -0.0676348335007 -0.195954419798 -0.301288581106 0.930726912448
1220.0 2.0239523146270213 1.3431094990691017 -0.42997132868954785 -0.0478615492285 -0.171880094618 -0.269695079589 0.94627219616
1240.0 2.05838787784213 1.3934255461229053 -0.4402823901551045 -0.0221710939143 -0.138995348119 -0.22874813325 0.963256470173
1260.0 2.054586633053219 1.4476068639867983 -0.4400140405146206 -0.0136110120866 -0.109646879896 -0.186598108062 0.976203589497
1280.0 2.017103334633162 1.4970385560534654 -0.4251323365512862 -0.0166512485898 -0.0874125397949 -0.152235337977 0.984330323458
1300.0 1.9577435883791179 1.5357445272506585 -0.41090527251051817 -0.0144886154872 -0.065503466964 -0.121566745222 0.990313537367
1320.0 1.8829943214274474 1.5617293507709302 -0.39588912066590565 -0.00932017676535 -0.0455027171271 -0.0932210716245 0.994561445485
1340.0 1.7978201612002198 1.574858558171023 -0.37448289107492977 -0.00682088541523 -0.0280180602273 -0.0633805302127 0.997572740312
1360.0 1.705315780981709 1.5760851254638284 -0.3479988076155597 -0.00512290939014 -0.0128838983924 -0.032321392408 0.999381352915
1380.0 1.612025447024504 1.5700420640395327 -0.3245485161439059 -0.000257547523405 -0.000279760099948 1.99572499973e-05 0.999999927503
1400.0 1.5296775027997178 1.574045390070257 -0.31707689785143733 0.00872390692749 0.0135430698219 0.0385331639875 0.999127456324
1420.0 1.4700331958985586 1.602429157186099 -0.3338084452084142 0.0185118756003 0.0299359872195 0.0956089169329 0.994796502876
1440.0 1.4196738964963644 1.6519963603978254 -0.36028973796766306 0.0214396764259 0.0473083075478 0.162174330008 0.985394210962
1460.0 1.3731889990192963 1.712071261564021 -0.3908725541201477 0.0177801962365 0.0739898081137 0.228102517529 0.970658855836
1480.0 1.3164550849948236 1.7713402457580243 -0.4219670895690515 0.0127001666609 0.103873562502 0.282201055383 0.953630721569
1500.0 1.2429753547887523 1.8057953261526996 -0.441838198396533 0.0114069701042 0.117204209029 0.311378644448 0.942961501972
1520.0 1.160992803810324 1.81085949399907 -0.45445919830783715 0.015864627256 0.124162704473 0.319613170744 0.939244035119
1540.0 1.0780187891958593 1.7965002999726136 -0.46483393336207857 0.0262610659018 0.127248895417 0.318017557803 0.939139450753
1560.0 1.0050258375135404 1.7837670978903972 -0.48091933044845736 0.0398221661844 0.138409896833 0.327251804436 0.933896756624
1580.0 0.9375430103184971 1.774965483317148 -0.4992614371306077 0.0519102159403 0.156300378814 0.349245127214 0.922444232559
1600.0 0.8677687234218815 1.7552612571852282 -0.4992312355095285 0.0535190253892 0.154932143881 0.3612558513 0.917946596821
1620.0 0.7933954285980842 1.7133591124423293 -0.4816911883959553 0.0453312338102 0.139504536008 0.349549336999 0.925364157874
1640.0 0.723983051182998 1.662337779368202 -0.46882627474507965 0.0407572342856 0.142846479477 0.336353297531 0.929946337374
1660.0 0.3097548379744844 1.2967622953895983 -0.4356582279105945 0.0153480404623 0.0312100126052 0.138575293991 0.989741006861
1680.0 0.6008696714408575 1.5796467771490086 -0.4548410428203259 0.0508257621715 0.162753358625 0.34603783953 0.92259736601
1700.0 0.5338513201069643 1.5296527838530085 -0.4315460869460876 0.049315279434 0.130074547018 0.33078688881 0.93339629827
1720.0 0.47440600704000613 1.4746271208124029 -0.4138970843253155 0.043702082179 0.105217415188 0.302874163476 0.946195891268
1740.0 0.44631321647449085 1.431809494758712 -0.412775168664939 0.0413992894187 0.103283997823 0.28780572017 0.951202597803
1760.0 0.4203650903524243 1.3966620164574641 -0.4163178463053028 0.042203308789 0.0946030771679 0.267278805032 0.958035061414
1780.0 0.3826574879692174 1.3587801476516395 -0.41262335375129144 0.0370814157013 0.0651241045331 0.223792987365 0.97175126366
1800.0 0.3486413221660482 1.3276630478901672 -0.4121687713492961 0.0292661565953 0.0436918443279 0.180900185965 0.982094515581
1820.0 0.3304306641169458 1.3111709340744586 -0.41748136858444895 0.0244971580199 0.043722248006 0.157215776289 0.986291769186
1840.0 0.3187125930210586 1.3024150079297825 -0.42319586628463085 0.020018722361 0.0437592829416 0.144573410234 0.988323279583
1860.0 0.3121592339194087 1.2986076171069345 -0.42740847978412094 0.0162302248451 0.037040436141 0.139987416221 0.98932709919
1880.0 0.661244991303795 1.6184684247150019 -0.46453648449392654 0.0447980421843 0.162504673869 0.338713413334 0.925666565246
1900.0 0.30745026606589054 1.294107202452455 -0.44921088932555825 0.017015575618 0.0327432208624 0.136827483675 0.989907365053
1920.0 0.30810171673592646 1.295084211263726 -0.46003910859936403 0.0196227703603 0.0368702414231 0.136187597416 0.989802238071
1940.0 0.3147859802916227 1.304268274887036 -0.470834208210507 0.0215022983265 0.0417400786744 0.142951764438 0.988615299317
1960.0 0.3236394386493531 1.3143366509227774 -0.47233088485120206 0.024081066231 0.0475198470588 0.153687760459 0.986682339292
1980.0 0.3348772470241626 1.3052409292768772 -0.4585503447588423 0.0315004395348 0.069997740929 0.17064283145 0.982338568238
2000.0 0.34548707758440816 1.2792205217188357 -0.4248629417789696 0.0313572416238 0.0793527206114 0.186371597452 0.978767335373
2020.0 0.35053217869493375 1.230022100200546 -0.3735923950045137 0.0238344316312 0.074493939666 0.192282617937 0.978217750637
2040.0 0.35212042429332646 1.1690068355946728 -0.31612717853947114 0.0173393993213 0.0726319693899 0.189534775125 0.979030393436
2060.0 0.3479774543265707 1.1113890470698764 -0.25978186308043094 0.0184985623084 0.0757695414789 0.181151798944 0.980357488632
2080.0 0.34229530519157864 1.0566656100320944 -0.20960291018005864 0.0257938968671 0.0770415450821 0.176068601787 0.981019430328
2100.0 0.32594272111358374 0.9866568323148636 -0.15397366411614724 0.0263221784958 0.0605493181692 0.163773270481 0.984286157001
2120.0 0.29785979145065644 0.903384860641775 -0.0972598139428566 0.0218274620724 0.0425648959943 0.143255577669 0.988529023851
2140.0 0.26722159384474287 0.8096436057364503 -0.04677228337490259 0.0197424365893 0.0320734086016 0.123435476009 0.991637643457
2160.0 0.23967614171504797 0.7092973656040784 -0.008263260175483653 0.0284186759135 0.0369583158335 0.113425551261 0.992452067392
2180.0 0.21819961586024786 0.60486078830607 0.02649758631783448 0.0394089991022 0.040476344102 0.116932285929 0.991531863767
2200.0 0.2024766174478836 0.49684494527854406 0.05850441093775159 0.0505180847697 0.0405127329556 0.12734206244 0.989742714403
2220.0 0.19287674917836445 0.3921574821140966 0.09565106373570789 0.0577780105146 0.0405594791214 0.145344091592 0.986859526576
2240.0 0.18278308294504977 0.288933704605452 0.12613018820242353 0.0592671812554 0.0453175520156 0.161559504231 0.984038742783
2260.0 0.153958368804827 0.22414416510047294 0.14244636843251268 0.0583582043462 0.0573364572714 0.173007376139 0.981516835543
2280.0 0.11456356532996155 0.17004482451247904 0.15655002221105166 0.0494672648021 0.0625935699835 0.182148001467 0.980029152766
2300.0 0.06394306459582834 0.1202364743835856 0.16566928850590595 0.0423805349562 0.0615721792923 0.185403994525 0.979815347812
2320.0 -0.0032798685655796448 0.07942706838811742 0.1675118928531786 0.0391239759568 0.0577209898428 0.182783800798 0.980677155848
2340.0 -0.07900801978359329 0.052377947777853345 0.1595040327161343 0.0376807452422 0.0625451904188 0.182406130136 0.980508166352
2360.0 -0.16122842010106228 0.039052123152904156 0.1496988491078682 0.034589161976 0.0657646879593 0.183419905541 0.980222288026
2380.0 -0.24992131966609316 0.03449962379987944 0.14050774279203848 0.0295464957846 0.0636300547462 0.182325267979 0.98073223531
2400.0 -0.3378883042610165 0.032705907639106725 0.1319652212504796 0.025224505905 0.0593143215753 0.18083834086 0.98139850725
2420.0 -0.40218547926803605 0.016660810445666367 0.1308818888135191 0.0222488534646 0.0449542244087 0.175347460407 0.98322803782
2440.0 -0.4562421915021444 -0.02490807037003963 0.13457640465338497 0.0311148802448 0.0393522045285 0.162858356768 0.985373240887
2460.0 -0.5035756665245017 -0.07523670956513205 0.13636668343537348 0.0414585740282 0.0506231755986 0.160564493282 0.984854062402
2480.0 -0.5661367447710505 -0.10042751901025149 0.13176604766316596 0.0461341649387 0.0546909244088 0.163171682711 0.983999768076
2500.0 -0.6478867726676165 -0.09931976880075148 0.1224800984686965 0.0445110804614 0.0499831395358 0.168444821882 0.983436216264
2520.0 -0.7274937253892501 -0.08122388642671696 0.11108031838493852 0.0338662924403 0.0543391024745 0.181706307437 0.981266097456
2540.0 -0.8021345531594604 -0.055462049642897096 0.10005730843447981 0.0222860302321 0.0580941706065 0.1938391976 0.979058101275
2560.0 -0.8591721904538556 -0.06882953819790338 0.10912896471053293 0.018782330801 0.0494484319783 0.194829557888 0.979409781449
2580.0 -0.9119592705518984 -0.10862883406238276 0.1210599017933208 0.0260263336218 0.0492103997255 0.183920170762 0.981363509258
2600.0 -0.9617400148072595 -0.16301678086187385 0.13343089173452136 0.0334484814388 0.046663650399 0.164668503018 0.984676590021
2620.0 -1.0059831231618699 -0.22437414042446213 0.15376700158449919 0.0339912521572 0.0366200319487 0.148648730873 0.987627016057
2640.0 -1.0419799343115765 -0.2940848526537644 0.17791057342795152 0.0324836794135 0.0332447553348 0.138108863341 0.989325800068
2660.0 -1.0625645255912535 -0.37058271457033576 0.20726820495110868 0.0312839367818 0.0361424798498 0.138258173975 0.989241989494
2680.0 -1.070194162811106 -0.4549812089256131 0.24173102286786777 0.0306154089671 0.0408164010039 0.145663913934 0.98801758199
2700.0 -1.0697218864014535 -0.5416201463345671 0.27591238515733174 0.0318576828831 0.0495376469735 0.160908685036 0.985210385986
2720.0 -1.0766603731363185 -0.6313308702548952 0.30959769066689236 0.0346642465406 0.0544055079685 0.169664700209 0.983388183892
2740.0 -1.0924357234515152 -0.7223518014205819 0.34006290704423325 0.0392612743179 0.0585341024413 0.175583772131 0.981938210966
2760.0 -1.1139941132916562 -0.8141521493523537 0.371350244163353 0.04301135895 0.0596383098261 0.176759100488 0.981503701163
2780.0 -1.13789669146006 -0.9076457528225477 0.40334642276574206 0.0455497965181 0.0628517357161 0.176323206775 0.981267039142
2800.0 -1.16353872511776 -1.0019298145342155 0.4392106399566638 0.0449857921003 0.0617352724596 0.175777393932 0.981461839516
2820.0 -1.1902816624054928 -1.0987730550054713 0.47927209003852805 0.0427999873073 0.0568273543572 0.172469740912 0.98244236541
2840.0 -1.2145153878667956 -1.1999472817096521 0.5237453868165519 0.0405958233071 0.0526969093445 0.166731927817 0.983755802586
2860.0 -1.234215106974712 -1.3051070321023646 0.5664357924967129 0.0399094335541 0.0558386612651 0.163186241208 0.984205025237
2880.0 -1.256234240593296 -1.4123532331764408 0.613656194023403 0.0378508058903 0.0495751559573 0.157298277411 0.98557946018
2900.0 -1.2781032159078567 -1.5211582447102132 0.6604451060104656 0.0380516198639 0.0482937409976 0.152475282153 0.986392962839
2920.0 -1.2977826049472168 -1.6300792107520308 0.7068704214418865 0.0394330227726 0.0464521203832 0.150252262976 0.986768207178
2940.0 -1.3178499002460529 -1.742870226556513 0.7525867736810966 0.0394530744741 0.0455866998746 0.147968238997 0.987152829078
2960.0 -1.3326996341579451 -1.85507861570621 0.7938279293969348 0.0421304568801 0.0502059227595 0.151777825561 0.986239261838
2980.0 -1.3464359389590728 -1.9689952893249618 0.8362941883494917 0.0432373145552 0.0467568193621 0.154820908759 0.985887833724
3000.0 -1.3605289391068824 -2.084771105830197 0.8701099757166794 0.0464440197098 0.0412261107884 0.15522702935 0.985924911026
3020.0 -1.3678584098477213 -2.194253077514259 0.9021310885949649 0.0525731058691 0.0427137359044 0.15542472631 0.985522582063
3040.0 -1.3744148210193226 -2.292698480676971 0.9364410015938274 0.0534725952761 0.045066119432 0.155987366703 0.985280502123
3060.0 -1.3823954186246186 -2.387947534845422 0.9728799886278107 0.047599685377 0.0402431763673 0.15523515152 0.985909125853
3080.0 -1.3918699901635772 -2.4848016812837472 1.0055422594225056 0.0425452998575 0.0379239557113 0.152335699509 0.986684096202
3100.0 -1.3995258186293753 -2.584713723243689 1.028666997340598 0.0443217559344 0.0478635348293 0.147267813084 0.98694318743
3120.0 -1.4054349588947523 -2.6819890877547725 1.0499519165857802 0.0483667380252 0.0418256984021 0.149707528032 0.986660491586
3140.0 -1.408577506520409 -2.7740735759807116 1.0749454409038628 0.0541236212543 0.0417118644053 0.15376576792 0.985741772781
3160.0 -1.4121626849413385 -2.863658446816292 1.1070424390730653 0.0511697871075 0.0422641179477 0.156260305309 0.985483695556
3180.0 -1.4211344608075736 -2.9526019923691282 1.1422998474393486 0.0428015428554 0.0409685142517 0.153911367965 0.98630669651
3200.0 -1.4271016632260498 -3.0404833090816603 1.1791112418592031 0.0374119525368 0.0460296110129 0.153586463846 0.986353293116
3220.0 -1.435157818673128 -3.13156076095531 1.2033876450265988 0.0342858586145 0.049315185684 0.15660027447 0.985834086647
3240.0 -1.4390868165933672 -3.2272516194702723 1.210016159069554 0.041205823601 0.0459625169367 0.16132834074 0.984968371884
3260.0 -1.4394049768904817 -3.318004882306393 1.2154993863623063 0.0568628526681 0.0496855543125 0.167191469713 0.983028470663
3280.0 -1.4439534376931327 -3.4919520646372786 1.2410790343319567 0.057963574887 0.052549829556 0.169070238583 0.982493762741
3300.0 -1.4380922729518635 -3.4081466117051202 1.2223369449627726 0.0621276418897 0.052924193116 0.171042120594 0.981877680202
3320.0 -1.4546991002077543 -3.575688098042953 1.256411885998569 0.0483578027325 0.0506528545142 0.165034024285 0.983798547505
3340.0 -1.4677333943918367 -3.6580426988762835 1.2704971513958525 0.0452419449553 0.0511941538869 0.161040471882 0.984580261553
3360.0 -1.481144201908584 -3.735327970376076 1.2864173767462468 0.0456725499524 0.0583357965692 0.161742390493 0.984047941991
3380.0 -1.5073653690865867 -3.79937568384708 1.3188916811282447 0.0443843256044 0.0696330050308 0.163059891596 0.983154488371
