1662064579203234048.000000 0.009018349 -0.003784134 0.020622186 -0.000872289 -0.015137533 -0.004323953 0.999875724
1662064579248234752.000000 0.011420079 -0.002200707 0.024776448 -0.000382325 -0.017641505 -0.005037325 0.999831676
1662064579287235840.000000 0.015909351 -0.005103677 0.033145029 0.001053655 -0.023225091 -0.007453580 0.999701917
1662064579329236480.000000 0.018804053 -0.007320071 0.039137043 0.001435971 -0.026527802 -0.009224264 0.999604464
1662064579374237440.000000 0.021895701 -0.009888946 0.045765281 0.001875492 -0.029238796 -0.010512623 0.999515414
1662064579422238464.000000 0.023670468 -0.011555391 0.051916175 0.001870647 -0.031106446 -0.011322043 0.999450207
1662064579470239744.000000 0.027353235 -0.010281301 0.060006686 0.000633937 -0.034320045 -0.011086140 0.999349236
1662064579515240704.000000 0.030951146 -0.011734354 0.068865515 0.002217127 -0.036575790 -0.012553397 0.999249637
1662064579557241344.000000 0.033281680 -0.014362690 0.074691318 0.003207401 -0.037993923 -0.013662892 0.999179423
1662064579599242496.000000 0.036588021 -0.015952071 0.080973171 0.004063760 -0.039559718 -0.014694255 0.999100864
1662064579638243072.000000 0.038932025 -0.017548304 0.087126821 0.004840971 -0.040717088 -0.015330466 0.999041378
1662064579680243968.000000 0.043045029 -0.019451870 0.094371252 0.005210276 -0.042464957 -0.016120179 0.998954356
1662064579728244992.000000 0.046635784 -0.019427286 0.100999348 0.004721063 -0.043692444 -0.016150853 0.998903334
1662064579773245952.000000 0.048824567 -0.023413667 0.109381534 0.004849003 -0.043740794 -0.017245615 0.998882294
1662064579815247104.000000 0.051463168 -0.025260741 0.115882836 0.006574775 -0.044243373 -0.018067354 0.998835742
1662064579860247808.000000 0.055012368 -0.027650675 0.123833895 0.007480021 -0.044537742 -0.018840851 0.998802066
1662064579902248960.000000 0.054518152 -0.028031822 0.129679948 0.008565437 -0.042511165 -0.019763269 0.998863757
1662064579944249600.000000 0.059270062 -0.030446939 0.139131024 0.007838833 -0.043430425 -0.019064840 0.998843789
1662064579986250752.000000 0.061477877 -0.032717369 0.146560192 0.005624752 -0.043115430 -0.018924041 0.998875082
1662064580028251392.000000 0.064610124 -0.035278149 0.154228151 0.008072900 -0.042239670 -0.020358436 0.998867452
1662064580067252480.000000 0.066730157 -0.039973691 0.161112115 0.007677583 -0.040983249 -0.020294467 0.998924255
1662064580112253184.000000 0.069403142 -0.039188210 0.164959937 0.009151941 -0.041586518 -0.020220257 0.998888373
1662064580151254272.000000 0.070549712 -0.043768682 0.175531954 0.007631672 -0.038784176 -0.019828670 0.999021709
1662064580190254848.000000 0.076448388 -0.047202837 0.183203086 0.007224822 -0.039289370 -0.020131437 0.998998940
1662064580229255680.000000 0.080663189 -0.048563104 0.190940619 0.010571808 -0.038316939 -0.021463959 0.998979211
1662064580271256576.000000 0.083259478 -0.049765043 0.198808119 0.012491710 -0.037314210 -0.021237643 0.998999774
1662064580310257408.000000 0.086393386 -0.051867057 0.207323954 0.013626770 -0.035722036 -0.021048037 0.999047220
1662064580352258560.000000 0.089340530 -0.055027023 0.214792371 0.013405853 -0.034065191 -0.021079609 0.999107361
1662064580394259200.000000 0.090818636 -0.057325780 0.222597077 0.013477976 -0.032144018 -0.020814830 0.999175608
1662064580442260224.000000 0.095205098 -0.058935937 0.231615961 0.012743570 -0.030477785 -0.020867465 0.999236345
1662064580484261376.000000 0.100068964 -0.061753653 0.240670726 0.014416269 -0.028912850 -0.020338800 0.999271035
1662064580526262016.000000 0.103485994 -0.065373957 0.248930901 0.015919965 -0.026688032 -0.020368224 0.999309480
1662064580568263168.000000 0.105847165 -0.068456575 0.256362826 0.015859196 -0.024292437 -0.020700248 0.999364734
1662064580610263808.000000 0.108699262 -0.069464795 0.262307674 0.014898657 -0.023354828 -0.019987104 0.999416411
1662064580655264768.000000 0.112183966 -0.074031673 0.273457140 0.016048977 -0.020465555 -0.019855173 0.999464571
1662064580697265920.000000 0.117035031 -0.078413323 0.282491773 0.017091120 -0.018456804 -0.019825986 0.999486983
1662064580739266560.000000 0.115687981 -0.081194215 0.292371124 0.018659705 -0.012992654 -0.021220056 0.999516308
1662064580781267712.000000 0.122077845 -0.085345805 0.302011311 0.019540498 -0.012016263 -0.019871801 0.999539375
1662064580823268352.000000 0.126128674 -0.086981647 0.309187263 0.020640310 -0.010736885 -0.019986104 0.999529541
1662064580868269568.000000 0.130042493 -0.093103662 0.321098208 0.017162126 -0.007457137 -0.018213548 0.999659002
1662064580916270592.000000 0.132171199 -0.097793534 0.331168920 0.018711476 -0.003792419 -0.018569499 0.999645293
1662064580955271168.000000 0.133636922 -0.099909537 0.336067528 0.020410080 -0.001811244 -0.018016616 0.999627709
1662064581000272384.000000 0.136713594 -0.103938974 0.349099040 0.022378245 0.002716244 -0.017808279 0.999587297
1662064581045273344.000000 0.140464455 -0.107914276 0.360932946 0.023115208 0.005907656 -0.016648673 0.999576688
1662064581087273984.000000 0.142579436 -0.111535825 0.370044053 0.022012232 0.009324406 -0.015223076 0.999598324
1662064581135275008.000000 0.145925522 -0.115655340 0.379963338 0.021683367 0.012382687 -0.015458769 0.999568701
1662064581177275904.000000 0.146660119 -0.121453486 0.387925684 0.022376683 0.016080521 -0.015116330 0.999506056
1662064581222276864.000000 0.150825262 -0.125268728 0.399415374 0.025262875 0.018991061 -0.014608483 0.999393702
1662064581267278080.000000 0.153237805 -0.128137633 0.409219503 0.024081046 0.022435348 -0.014070704 0.999359250
1662064581312279040.000000 0.155010119 -0.135421187 0.419864684 0.022398088 0.025911110 -0.013249964 0.999325454
1662064581357279744.000000 0.154795527 -0.135438904 0.423176616 0.024047736 0.027736835 -0.013459726 0.999235392
1662064581399280896.000000 0.160690248 -0.143556908 0.441051126 0.027474271 0.031883541 -0.011804535 0.999044180
1662064581441281536.000000 0.161293060 -0.145392179 0.447918087 0.027251275 0.035277646 -0.011807460 0.998936236
1662064581489282560.000000 0.163258731 -0.151807815 0.460116357 0.024386479 0.038687963 -0.010768966 0.998895705
1662064581531283712.000000 0.165727243 -0.155542746 0.470563442 0.024899961 0.041685663 -0.010022730 0.998770237
1662064581564284416.000000 0.168278456 -0.157195672 0.476261675 0.027038714 0.043050684 -0.010386632 0.998652935
1662064581606285056.000000 0.170721233 -0.161965460 0.487440884 0.028091831 0.046393901 -0.008639562 0.998490810
1662064581651286016.000000 0.172288239 -0.165999308 0.496711850 0.030680709 0.049843960 -0.007911358 0.998254359
1662064581690286848.000000 0.172242135 -0.169026732 0.505704403 0.031337742 0.052724764 -0.005582475 0.998101711
1662064581732288000.000000 0.174273655 -0.173106909 0.515002191 0.028117685 0.055920765 -0.006559808 0.998017669
1662064581777288960.000000 0.173504651 -0.172123417 0.527958572 0.030938346 0.059782069 -0.005899593 0.997714520
1662064581816289536.000000 0.175450444 -0.178777754 0.534608305 0.032133140 0.062585086 -0.005429084 0.997507453
1662064581861290752.000000 0.176198080 -0.179085672 0.534636676 0.031577498 0.061983895 -0.005279898 0.997563541
1662064581903291392.000000 0.178566217 -0.188344434 0.555455744 0.035079643 0.067423478 -0.005139607 0.997094333
1662064581945292544.000000 0.180598944 -0.193615228 0.563816011 0.034288861 0.069105297 -0.004808185 0.997008383
1662064581987293184.000000 0.183313534 -0.197081298 0.577434957 0.036394157 0.071193919 -0.004446715 0.996788383
1662064582032294400.000000 0.184149981 -0.202078298 0.587019265 0.033309884 0.073494308 -0.004627557 0.996728480
1662064582068294912.000000 0.186290905 -0.206551015 0.593944609 0.029839808 0.074833021 -0.004353451 0.996740043
1662064582113296128.000000 0.186109468 -0.209512129 0.605369627 0.035979513 0.078527577 -0.002924160 0.996258199
1662064582152296704.000000 0.190089464 -0.213663206 0.614451766 0.037974488 0.078351080 -0.003150944 0.996197343
1662064582194297856.000000 0.189282537 -0.213445410 0.618040502 0.039509773 0.079528652 -0.002848175 0.996045232
1662064582239298560.000000 0.189713493 -0.217399865 0.634278595 0.037805438 0.083323814 -0.001626847 0.995803833
1662064582278299648.000000 0.188768253 -0.222554550 0.645240366 0.038605712 0.085962772 -0.000421582 0.995550036
1662064582320300288.000000 0.187355340 -0.227642328 0.654270470 0.039548658 0.088374890 0.000005691 0.995301902
1662064582365301248.000000 0.186645851 -0.231916010 0.663725078 0.040483806 0.090744145 0.000592890 0.995050848
1662064582404302080.000000 0.188029110 -0.236754060 0.676242888 0.039602283 0.091615364 0.001382572 0.995005786
1662064582446303232.000000 0.189082950 -0.239489332 0.684413314 0.038533036 0.092290662 0.001135289 0.994985640
1662064582485303808.000000 0.187132269 -0.245090693 0.695672691 0.041143216 0.094645806 0.001116885 0.994659841
1662064582536304896.000000 0.185767502 -0.250950336 0.707375109 0.041298985 0.096561968 0.002509093 0.994466662
1662064582578306048.000000 0.187004372 -0.252792537 0.718027055 0.044200182 0.096924312 0.001693072 0.994308412
1662064582620306688.000000 0.188119173 -0.255276829 0.727047503 0.041883051 0.096917868 0.002128080 0.994408488
1662064582665307648.000000 0.187977508 -0.260102689 0.738497555 0.044235390 0.097376682 0.002589511 0.994260669
1662064582707308544.000000 0.187001303 -0.263923526 0.747277915 0.045625139 0.098410115 0.002254452 0.994096935
1662064582752309504.000000 0.188451514 -0.265390128 0.759334922 0.047930367 0.097730912 0.002748729 0.994054258
1662064582794310656.000000 0.187682837 -0.270979613 0.768430054 0.047376242 0.097828284 0.002407048 0.994072139
1662064582839311360.000000 0.188042447 -0.274040133 0.778650939 0.047839861 0.097807646 0.003032705 0.994050205
1662064582881312256.000000 0.187692195 -0.276326209 0.788533449 0.046261020 0.097788453 0.002289929 0.994128823
1662064582923313152.000000 0.187070265 -0.282371044 0.796643198 0.045975123 0.097338021 0.002772594 0.994185090
1662064582965314048.000000 0.186152771 -0.285438210 0.804160237 0.045369804 0.097588547 0.003088190 0.994187415
1662064583007315200.000000 0.185308486 -0.288274199 0.817383528 0.048131704 0.096823946 0.003269869 0.994131684
1662064583058316288.000000 0.184090734 -0.292282164 0.827814698 0.047286998 0.096802898 0.002488116 0.994176507
1662064583100316928.000000 0.183185428 -0.296977341 0.836994886 0.042905398 0.095890991 0.001640619 0.994465351
1662064583145318144.000000 0.182417184 -0.301191181 0.847520292 0.045907639 0.094171613 0.001631680 0.994495630
1662064583187318784.000000 0.180245906 -0.302691042 0.856783152 0.048434980 0.093881607 0.001584116 0.994403303
1662064583229319936.000000 0.179983348 -0.306665123 0.864743888 0.048081394 0.092240438 0.001279814 0.994574428
1662064583274320896.000000 0.177614719 -0.310164481 0.876488328 0.046160460 0.091632187 0.000670834 0.994722247
1662064583319321600.000000 0.176073462 -0.314176023 0.885639369 0.047431864 0.089900203 0.000229594 0.994820654
1662064583364322560.000000 0.174280122 -0.318264574 0.896121502 0.048801199 0.088012144 -0.000160414 0.994923294
1662064583409323776.000000 0.173731104 -0.320747793 0.904642642 0.050607819 0.085831910 0.000253638 0.995023429
1662064583454324480.000000 0.171587303 -0.323233128 0.914391398 0.050417285 0.083770156 -0.000180256 0.995208859
1662064583499325440.000000 0.169278368 -0.326083660 0.922541916 0.047454346 0.082632348 -0.001173059 0.995449007
1662064583544326656.000000 0.168009937 -0.328894526 0.932776868 0.050507203 0.079198860 -0.001960965 0.995576620
1662064583589327616.000000 0.166215450 -0.333043873 0.942336142 0.052270189 0.075171486 -0.002281637 0.995797157
1662064583631328256.000000 0.164464861 -0.335828543 0.951322019 0.053629026 0.073115669 -0.002187105 0.995878160
1662064583676329472.000000 0.162285700 -0.339439988 0.960444212 0.053426936 0.069685869 -0.003288199 0.996131897
1662064583715330048.000000 0.160405591 -0.342517316 0.969984412 0.050608620 0.067421965 -0.004986631 0.996427715
1662064583760331264.000000 0.158298343 -0.343656331 0.977434218 0.054198366 0.065034263 -0.004547965 0.996399760
1662064583802331904.000000 0.155057311 -0.347746521 0.987377405 0.052067503 0.062466443 -0.006235175 0.996668458
1662064583847332864.000000 0.152613625 -0.350748867 0.996150613 0.052087493 0.059175313 -0.007842520 0.996856928
1662064583886333696.000000 0.149878308 -0.354036540 1.005253553 0.052819844 0.056665443 -0.006616990 0.996973097
1662064583928334592.000000 0.148202240 -0.356789708 1.014390707 0.051039841 0.052593745 -0.009003807 0.997270167
1662064583973335808.000000 0.147642061 -0.356299967 1.016409039 0.051538423 0.052297987 -0.009007312 0.997260034
1662064584018336512.000000 0.142851904 -0.361410797 1.031474113 0.052923780 0.045881573 -0.010332598 0.997490466
1662064584063337472.000000 0.139811739 -0.364229739 1.041639686 0.054817446 0.040693730 -0.010553641 0.997610986
1662064584102338304.000000 0.138760626 -0.366736084 1.047315598 0.054616950 0.036045436 -0.010676623 0.997799456
1662064584141339392.000000 0.138378069 -0.367106050 1.050153732 0.054980624 0.034428433 -0.010979534 0.997833312
1662064584183340032.000000 0.134793520 -0.370648146 1.062324882 0.051813707 0.026928660 -0.013961896 0.998196065
1662064584222341120.000000 0.127910465 -0.372970879 1.073782921 0.054733105 0.026249059 -0.015070006 0.998042166
1662064584264341760.000000 0.127568975 -0.374182731 1.080797791 0.056206848 0.021834934 -0.015309113 0.998062968
1662064584309342976.000000 0.121448755 -0.377864629 1.091539979 0.055489756 0.017869988 -0.016248580 0.998167098
1662064584351343616.000000 0.118640840 -0.380478144 1.099275351 0.055056762 0.012501063 -0.017346550 0.998254299
1662064584393344768.000000 0.115348645 -0.382127434 1.109773517 0.053658020 0.009341693 -0.019789072 0.998319566
1662064584435345408.000000 0.110545598 -0.380379409 1.118589997 0.054728784 0.006609562 -0.022946462 0.998215675
1662064584477346304.000000 0.108453147 -0.384819269 1.126716733 0.055736538 -0.000136315 -0.023046417 0.998179495
1662064584519347200.000000 0.104559742 -0.386769235 1.132658362 0.056946035 -0.004347496 -0.023448642 0.998092413
1662064584561348096.000000 0.101494700 -0.387522608 1.143967032 0.057679132 -0.009544686 -0.025160622 0.997972429
1662064584600348928.000000 0.097272687 -0.392204404 1.150284767 0.055677969 -0.012488631 -0.024898592 0.998060167
1662064584645349888.000000 0.094571292 -0.392763197 1.161818862 0.055601574 -0.019828603 -0.027906617 0.997866035
1662064584690351104.000000 0.092577070 -0.396427691 1.169007063 0.055198263 -0.026001472 -0.028929513 0.997717559
1662064584729351680.000000 0.088240221 -0.395717680 1.175810456 0.056972168 -0.028234962 -0.030029029 0.997524559
1662064584774352896.000000 0.082494169 -0.397017360 1.186542034 0.058016837 -0.034436569 -0.031424914 0.997226477
1662064584816353536.000000 0.079469971 -0.397515595 1.194851637 0.056320876 -0.038568839 -0.034016054 0.997087419
1662064584861354496.000000 0.074087821 -0.399385035 1.203080893 0.058205530 -0.043942917 -0.034455676 0.996741712
1662064584903355648.000000 0.067737497 -0.400323659 1.210642457 0.059776697 -0.047541194 -0.035650883 0.996441483
1662064584945356288.000000 0.065296799 -0.403138041 1.218664765 0.059669420 -0.054355230 -0.036208093 0.996079326
1662064584990357504.000000 0.060168780 -0.404557526 1.226529598 0.059233006 -0.058133904 -0.038030636 0.995824099
1662064585032358144.000000 0.056359682 -0.406165719 1.234528661 0.056033071 -0.063315392 -0.040184628 0.995608687
1662064585074359296.000000 0.052655060 -0.407880664 1.241554499 0.057259653 -0.067904413 -0.040828977 0.995210171
1662064585116359936.000000 0.048003852 -0.409234285 1.250188947 0.058881789 -0.074313298 -0.041685030 0.994621992
1662064585164360960.000000 0.044471752 -0.410174847 1.258590341 0.059991747 -0.080393836 -0.043120001 0.994021416
1662064585206362112.000000 0.039345913 -0.411943883 1.265968680 0.059241556 -0.084862217 -0.044161335 0.993649125
1662064585248362752.000000 0.036309242 -0.411769450 1.274397850 0.057865608 -0.090541445 -0.045665815 0.993160844
1662064585293363712.000000 0.032738131 -0.413804144 1.283315539 0.056558728 -0.096237347 -0.046256319 0.992673099
1662064585332364544.000000 0.032536078 -0.413271844 1.284523368 0.058372609 -0.098011397 -0.046768371 0.992370427
1662064585377365504.000000 0.023899429 -0.413574338 1.296957850 0.061037693 -0.106051244 -0.048353020 0.991306961
1662064585419366656.000000 0.020404782 -0.417048097 1.301963687 0.059520610 -0.110306747 -0.049346443 0.990885794
1662064585464367360.000000 0.014862191 -0.418807834 1.312845707 0.059292708 -0.117281541 -0.050781377 0.990025580
1662064585509368320.000000 0.010383124 -0.421921760 1.321248055 0.057651825 -0.122449428 -0.052172236 0.989424348
1662064585557369344.000000 0.008077344 -0.421404600 1.322549939 0.058924977 -0.123276561 -0.052471772 0.989230812
1662064585599370240.000000 0.000908056 -0.422726423 1.337698936 0.061132353 -0.133607641 -0.052944805 0.987729073
1662064585641371136.000000 -0.002125284 -0.423655301 1.344451666 0.061149333 -0.139495268 -0.055155896 0.986792624
1662064585686372352.000000 -0.008228628 -0.424797982 1.354180098 0.058279537 -0.143545210 -0.057127111 0.986273229
1662064585731373056.000000 -0.011708045 -0.425798208 1.361730814 0.059832368 -0.150080025 -0.057334859 0.985194862
1662064585779374080.000000 -0.016194386 -0.423582047 1.368248582 0.062739946 -0.153380409 -0.058678962 0.984426200
1662064585824375040.000000 -0.022546500 -0.428897560 1.375087738 0.061034758 -0.157150343 -0.060521271 0.983827114
1662064585866375936.000000 -0.025705783 -0.426229298 1.382421851 0.060984287 -0.162256166 -0.062010970 0.982908189
1662064585914376960.000000 -0.031042591 -0.425864249 1.392220616 0.060695317 -0.168860748 -0.063142762 0.981740892
1662064585953378048.000000 -0.034879997 -0.430797756 1.398601651 0.060110409 -0.173493952 -0.063575365 0.980940759
1662064586001379072.000000 -0.038432207 -0.431083202 1.406231165 0.061499111 -0.178739756 -0.063073337 0.979944825
1662064586043379712.000000 -0.043410305 -0.434064209 1.413643003 0.060152072 -0.182681203 -0.064499319 0.979208469
1662064586088380928.000000 -0.046781383 -0.435285598 1.422371864 0.058673631 -0.189051628 -0.066336669 0.977965415
1662064586133381888.000000 -0.051638562 -0.435581803 1.428909779 0.059224162 -0.192306817 -0.065793224 0.977334082
1662064586175382528.000000 -0.055951409 -0.435792804 1.435021162 0.061606131 -0.196249321 -0.065523274 0.976420879
1662064586217383680.000000 -0.057128210 -0.436412990 1.438110352 0.061389662 -0.198319033 -0.065623850 0.976009429
1662064586262384384.000000 -0.065353453 -0.438106418 1.447931051 0.062424246 -0.203486189 -0.069272786 0.974627078
1662064586307385344.000000 -0.069160916 -0.439639747 1.455860019 0.059442759 -0.207662210 -0.068814181 0.973964870
1662064586352386560.000000 -0.073211476 -0.439710855 1.464283228 0.060286678 -0.212684020 -0.068576016 0.972845554
1662064586394387200.000000 -0.074721791 -0.440546155 1.464457154 0.060304884 -0.212490574 -0.068819515 0.972869456
1662064586442388224.000000 -0.082342356 -0.444993615 1.472971201 0.059585139 -0.216517687 -0.069860339 0.971951306
1662064586484389376.000000 -0.086669914 -0.445162147 1.483229041 0.061213721 -0.222314268 -0.070688292 0.970480502
1662064586526390016.000000 -0.090953737 -0.445123404 1.489959598 0.060344435 -0.224648669 -0.071169518 0.969962060
1662064586574391040.000000 -0.095527388 -0.446573287 1.496458054 0.058804728 -0.227621898 -0.072785310 0.969243348
1662064586619392256.000000 -0.099808984 -0.447976410 1.501968384 0.060227487 -0.230354309 -0.073107831 0.968485892
1662064586664392960.000000 -0.104134992 -0.449181169 1.509917974 0.060430303 -0.233825266 -0.072592154 0.967679858
1662064586706393856.000000 -0.109714665 -0.449832320 1.512300491 0.061648093 -0.233841449 -0.073909223 0.967499435
1662064586748395008.000000 -0.112275697 -0.449389637 1.521572828 0.060029421 -0.237844929 -0.073588707 0.966649354
1662064586790395648.000000 -0.116822809 -0.451887816 1.527841568 0.060446583 -0.240285054 -0.073811479 0.966002703
1662064586835396864.000000 -0.122058488 -0.452579141 1.535830021 0.061257802 -0.242866948 -0.073676266 0.965315998
1662064586874397440.000000 -0.125980586 -0.451571107 1.540657997 0.063049473 -0.243844897 -0.072416194 0.965049386
1662064586919398656.000000 -0.129318357 -0.453087032 1.548024416 0.061030153 -0.246396244 -0.072817087 0.964500904
1662064586964399616.000000 -0.132845283 -0.454474330 1.553362727 0.057514288 -0.247448668 -0.073159948 0.964421570
1662064587006400256.000000 -0.138302445 -0.455475569 1.561310530 0.058317360 -0.249275669 -0.073770985 0.963856101
1662064587048401408.000000 -0.140175223 -0.455229133 1.565644145 0.060224079 -0.250863820 -0.072758481 0.963403702
1662064587093402112.000000 -0.144480452 -0.456759989 1.570662022 0.060115017 -0.251193017 -0.072823726 0.963319778
1662064587135403264.000000 -0.149107799 -0.456589907 1.578754187 0.060542382 -0.252691984 -0.072616220 0.962916553
1662064587180404224.000000 -0.150792912 -0.455658555 1.586245894 0.059950326 -0.255666792 -0.071456164 0.962254941
1662064587225404928.000000 -0.153134674 -0.456997573 1.586786866 0.058719166 -0.254565537 -0.072854772 0.962517917
1662064587267406080.000000 -0.159612864 -0.459641904 1.595496774 0.059377808 -0.254307210 -0.071616806 0.962638617
1662064587312406784.000000 -0.162414327 -0.460725009 1.602425814 0.059733436 -0.256414056 -0.070864916 0.962113261
1662064587357407744.000000 -0.165423453 -0.460505009 1.609739184 0.060841054 -0.257329315 -0.070609130 0.961818337
1662064587396408832.000000 -0.168897763 -0.460895360 1.614912868 0.058295015 -0.256919175 -0.070609652 0.962085545
1662064587441409536.000000 -0.171879083 -0.461700439 1.621590376 0.058455270 -0.257526964 -0.069234066 0.962013304
1662064587483410688.000000 -0.175619081 -0.463624001 1.626537800 0.058810089 -0.256970972 -0.068720713 0.962177098
1662064587531411712.000000 -0.179103851 -0.464640826 1.632432938 0.059279166 -0.256343961 -0.067654729 0.962391078
1662064587576412416.000000 -0.182729781 -0.465256721 1.639243364 0.059255488 -0.256175220 -0.067155123 0.962472498
1662064587621413376.000000 -0.185190618 -0.465708613 1.644387722 0.059697948 -0.255485207 -0.067461677 0.962607086
1662064587666414592.000000 -0.189242810 -0.467163265 1.651022196 0.058089837 -0.254468769 -0.066048615 0.963072598
1662064587708415232.000000 -0.191538721 -0.468022734 1.654436946 0.058685251 -0.253463626 -0.066249542 0.963287771
1662064587750416384.000000 -0.194728136 -0.468804896 1.661457777 0.058808498 -0.252377421 -0.064077355 0.963712275
1662064587798417408.000000 -0.197479397 -0.468606055 1.668113947 0.060189754 -0.251433432 -0.062852994 0.963954389
1662064587840418048.000000 -0.201431036 -0.469961762 1.674254298 0.059171371 -0.249247104 -0.062263951 0.964623153
1662064587882419200.000000 -0.202314436 -0.468684673 1.679300785 0.059261438 -0.249263138 -0.061068103 0.964689970
1662064587921419776.000000 -0.205482051 -0.471230268 1.683075786 0.057843145 -0.247242510 -0.061507117 0.965267956
1662064587963420928.000000 -0.208409026 -0.472311735 1.689251423 0.057602853 -0.245144039 -0.060739361 0.965865970
1662064588005421568.000000 -0.211429238 -0.473381937 1.695012093 0.057844236 -0.243109092 -0.059350714 0.966452003
1662064588041422336.000000 -0.213598385 -0.473666042 1.699838161 0.055956971 -0.241347775 -0.058217999 0.967073321
1662064588083423488.000000 -0.216128796 -0.475057006 1.704971671 0.055959504 -0.239285052 -0.058300853 0.967580616
1662064588122424064.000000 -0.218470216 -0.476005256 1.711391211 0.057176519 -0.236758575 -0.056757662 0.968222558
1662064588173425152.000000 -0.221351802 -0.477627903 1.717852354 0.056560326 -0.233981267 -0.055537853 0.969004273
1662064588212426240.000000 -0.223601148 -0.478806376 1.723167181 0.055681165 -0.230985016 -0.054098513 0.969855130
1662064588257426944.000000 -0.225281805 -0.478479475 1.726940989 0.056630407 -0.229040235 -0.052966829 0.970323741
1662064588299428096.000000 -0.226905346 -0.479378760 1.734011889 0.053661399 -0.227019146 -0.050546698 0.971096218
1662064588341428736.000000 -0.229445383 -0.480749041 1.739532709 0.054659322 -0.223407358 -0.050014183 0.971905410
1662064588386429696.000000 -0.232414886 -0.481221795 1.744537115 0.054617472 -0.218397528 -0.048819210 0.973106503
1662064588431430912.000000 -0.234460771 -0.482132584 1.751608133 0.055284053 -0.216734737 -0.047235291 0.973518670
1662064588476431616.000000 -0.234988064 -0.483784914 1.757829309 0.054129250 -0.214088738 -0.045360647 0.974257946
1662064588521432576.000000 -0.237103626 -0.484593332 1.763303518 0.054945815 -0.210287109 -0.044426180 0.975082874
1662064588563433728.000000 -0.238638729 -0.484987080 1.765949249 0.052933887 -0.207853049 -0.043589223 0.975753665
1662064588608434432.000000 -0.239580676 -0.485394299 1.771331072 0.052480809 -0.205049604 -0.042704519 0.976410210
1662064588647435520.000000 -0.242493793 -0.487291753 1.779701710 0.053255126 -0.198863357 -0.040428225 0.977743804
1662064588689436160.000000 -0.243745640 -0.487622261 1.785407066 0.054535117 -0.195647031 -0.039354272 0.978365719
1662064588734437120.000000 -0.245707855 -0.488854825 1.791137815 0.054491542 -0.191529930 -0.037637822 0.979249895
1662064588776438272.000000 -0.246490285 -0.489546955 1.796237707 0.053601492 -0.188977599 -0.035596628 0.979871035
1662064588815439104.000000 -0.248140186 -0.490799755 1.801743388 0.051668920 -0.184093833 -0.034590423 0.980939984
1662064588860440064.000000 -0.249330416 -0.491427034 1.807044148 0.053252023 -0.180415213 -0.032866992 0.981597900
1662064588902440704.000000 -0.250367224 -0.492003649 1.809848428 0.052828103 -0.177826986 -0.032340463 0.982110441
1662064588938441472.000000 -0.252604753 -0.493274361 1.816793561 0.052453496 -0.172562942 -0.031647220 0.983091712
1662064588983442432.000000 -0.252579331 -0.494676948 1.822311521 0.051742170 -0.168416858 -0.029572906 0.983912587
1662064589025443328.000000 -0.254974276 -0.495032161 1.827989817 0.050162684 -0.161894068 -0.028432893 0.985122144
1662064589067444224.000000 -0.255223334 -0.496546209 1.833862424 0.050586905 -0.159113809 -0.026595112 0.985604644
1662064589112445440.000000 -0.256412983 -0.497114867 1.838390946 0.051411167 -0.153974310 -0.025534077 0.986406028
1662064589154446080.000000 -0.256544888 -0.498532891 1.844694495 0.051025834 -0.150699839 -0.023583096 0.986980140
1662064589196447232.000000 -0.256616622 -0.499383658 1.850008845 0.051300783 -0.147041515 -0.021692319 0.987560868
1662064589244448256.000000 -0.258079648 -0.500569582 1.856507063 0.048551932 -0.140849173 -0.020223117 0.988633037
1662064589280449024.000000 -0.258237928 -0.500938416 1.861066461 0.048410658 -0.137734309 -0.018757643 0.989107668
1662064589322449664.000000 -0.258239597 -0.502833426 1.866195917 0.049337309 -0.133034736 -0.017391333 0.989729822
1662064589364450816.000000 -0.258508384 -0.503344536 1.871773243 0.049569946 -0.128308937 -0.015055662 0.990380228
1662064589406451456.000000 -0.259515345 -0.504522681 1.875387669 0.049298421 -0.122940727 -0.014590523 0.991081417
1662064589445452544.000000 -0.258552313 -0.507145643 1.880296111 0.045281891 -0.120103918 -0.013572142 0.991635263
1662064589487453184.000000 -0.258492142 -0.508213162 1.885889649 0.045623813 -0.115343466 -0.012084345 0.992203832
1662064589532454144.000000 -0.258944839 -0.510007560 1.892457604 0.046874411 -0.110649571 -0.011028098 0.992692232
1662064589571454976.000000 -0.259430557 -0.512008309 1.896862745 0.046301346 -0.106019251 -0.010107188 0.993234158
1662064589613456128.000000 -0.259100825 -0.512562275 1.902269483 0.046511065 -0.102538958 -0.009052408 0.993599772
1662064589658457088.000000 -0.259525478 -0.513063610 1.907201171 0.044137917 -0.097640462 -0.005694205 0.994226217
1662064589697457664.000000 -0.260150343 -0.513659120 1.911668897 0.045334224 -0.092306957 -0.005454112 0.994683146
1662064589742458880.000000 -0.260299832 -0.515282750 1.918182492 0.045842584 -0.088396735 -0.005173177 0.995016456
1662064589781459456.000000 -0.260493100 -0.516794741 1.923559427 0.046166345 -0.083468854 -0.004041960 0.995432198
1662064589823460352.000000 -0.260359526 -0.517729580 1.927899122 0.045880862 -0.080906346 -0.002727147 0.995661438
1662064589865461248.000000 -0.260165900 -0.518873930 1.934813857 0.044302169 -0.075428694 -0.001301556 0.996165752
1662064589907462400.000000 -0.259706855 -0.520300865 1.941145658 0.044773407 -0.071131274 -0.000275572 0.996461570
1662064589949463040.000000 -0.259014815 -0.521130443 1.945997953 0.044471029 -0.068422712 0.000722211 0.996664584
1662064589994464256.000000 -0.259439349 -0.522797346 1.952502608 0.044532452 -0.062457591 0.001386392 0.997052670
1662064590036464896.000000 -0.259077728 -0.523738980 1.957820415 0.043279808 -0.059061453 0.002411791 0.997312784
1662064590081465856.000000 -0.258916676 -0.524046659 1.963369250 0.041561469 -0.054332621 0.003234231 0.997652352
1662064590123467008.000000 -0.258698016 -0.525933385 1.969830036 0.042778876 -0.050492778 0.004541686 0.997797489
1662064590168467712.000000 -0.258114547 -0.527356863 1.975486636 0.042872779 -0.046514157 0.005206279 0.997983634
1662064590210468864.000000 -0.257636189 -0.528731287 1.982282162 0.042742386 -0.042157967 0.006271637 0.998176575
1662064590255469568.000000 -0.257083327 -0.528982043 1.984450579 0.041642137 -0.041410759 0.007806072 0.998243570
1662064590300470528.000000 -0.256306797 -0.531335711 1.994664192 0.040630214 -0.034870103 0.008553168 0.998529017
1662064590348471552.000000 -0.255828083 -0.531413138 1.997197747 0.042201590 -0.033465885 0.008172221 0.998515069
1662064590390472704.000000 -0.255079567 -0.534031749 2.006829023 0.042765561 -0.027143313 0.008286308 0.998681962
1662064590435473408.000000 -0.255092323 -0.534111440 2.006759167 0.042557836 -0.027263895 0.008512782 0.998685658
1662064590477474560.000000 -0.253172874 -0.537235498 2.018812180 0.040343072 -0.021230409 0.011443424 0.998894811
1662064590516475136.000000 -0.252141386 -0.538250983 2.023924112 0.041949797 -0.019038698 0.012095884 0.998865128
1662064590552475904.000000 -0.251615107 -0.538836718 2.026799679 0.042547178 -0.018077124 0.011593610 0.998863697
1662064590594477056.000000 -0.250710756 -0.541212261 2.034104109 0.042222485 -0.013843093 0.011910778 0.998941302
1662064590639478016.000000 -0.249825060 -0.542128921 2.040239334 0.042486604 -0.011866955 0.011903538 0.998955667
1662064590687478784.000000 -0.248709545 -0.543681204 2.046159506 0.040375676 -0.009384051 0.012411291 0.999063432
1662064590723479808.000000 -0.248134777 -0.545531929 2.049610853 0.041318744 -0.007518309 0.013634247 0.999024749
1662064590762480384.000000 -0.246924371 -0.546377957 2.057203770 0.042140547 -0.005320191 0.012705030 0.999016821
1662064590810481664.000000 -0.246236399 -0.547930360 2.064113140 0.042718917 -0.003290955 0.013028053 0.998996794
1662064590849482240.000000 -0.244664669 -0.548350096 2.069665909 0.041645363 -0.002710156 0.012863866 0.999045968
1662064590894483200.000000 -0.244088292 -0.550325751 2.076277733 0.041302241 -0.000722969 0.014128010 0.999046564
1662064590939484416.000000 -0.243545681 -0.551389039 2.082421780 0.043748256 0.001478123 0.013404503 0.998951614
1662064590981485056.000000 -0.241870701 -0.552529633 2.087825775 0.044692662 0.001836900 0.013386358 0.998909414
1662064591023486208.000000 -0.239518717 -0.556905448 2.094838142 0.044660844 0.002744080 0.012743969 0.998917162
1662064591065486848.000000 -0.235752746 -0.560109079 2.100022078 0.040921438 0.002063271 0.012612524 0.999080658
1662064591107488000.000000 -0.235421374 -0.559344709 2.102357864 0.041710760 0.002139630 0.011801039 0.999057770
1662064591158489088.000000 -0.233793437 -0.561850607 2.113535881 0.044713683 0.003602125 0.011576273 0.998926282
1662064591206490112.000000 -0.231484249 -0.563203335 2.120612621 0.046687242 0.003656730 0.011399554 0.998837829
1662064591254491136.000000 -0.230819613 -0.566475153 2.126046419 0.045903102 0.004782239 0.009820320 0.998886168
1662064591296491776.000000 -0.228123471 -0.567226291 2.132574081 0.045668945 0.003767733 0.009255047 0.998906672
1662064591344492800.000000 -0.226811588 -0.565595210 2.142021656 0.046116348 0.002181855 0.010564075 0.998877823
1662064591389494016.000000 -0.227077946 -0.570054114 2.148748398 0.045555666 0.002595172 0.010517258 0.998903096
1662064591431494656.000000 -0.225837901 -0.569505274 2.148838043 0.045994952 0.001696620 0.010059612 0.998889565
1662064591479495680.000000 -0.224674121 -0.571680725 2.161343336 0.049065549 0.000820006 0.007207497 0.998769283
1662064591524496896.000000 -0.221219704 -0.574808955 2.168292761 0.048598506 -0.001759152 0.006775926 0.998793900
1662064591569497600.000000 -0.220101506 -0.578261316 2.173218012 0.045901541 -0.003292335 0.005899236 0.998923182
1662064591611498496.000000 -0.218056872 -0.578611195 2.180584431 0.046858374 -0.005659028 0.005546703 0.998870134
1662064591650499328.000000 -0.217382386 -0.579937994 2.184486866 0.047791991 -0.006266502 0.005049850 0.998824954
1662064591689500416.000000 -0.214861572 -0.581806481 2.192236423 0.049855933 -0.009544913 0.003778146 0.998703718
1662064591734501120.000000 -0.214605719 -0.582216442 2.193781614 0.049611971 -0.010484770 0.003350186 0.998707950
1662064591776502016.000000 -0.211755112 -0.584742308 2.204996347 0.049261209 -0.014438335 0.000928553 0.998681188
1662064591821503232.000000 -0.210189790 -0.586930513 2.211509943 0.051276516 -0.016792644 -0.001082266 0.998542726
1662064591863503872.000000 -0.209456578 -0.589313924 2.216287374 0.051013745 -0.018935116 -0.002683068 0.998514831
1662064591905505024.000000 -0.208222970 -0.592319906 2.222017765 0.051429238 -0.021916173 -0.003711211 0.998429298
1662064591950505728.000000 -0.205822796 -0.593639910 2.230015516 0.051992390 -0.026484925 -0.005445194 0.998281360
1662064591992506624.000000 -0.204395667 -0.595800698 2.235914707 0.050616261 -0.030000692 -0.006702919 0.998245001
1662064592037507840.000000 -0.202271849 -0.597428858 2.242700338 0.053400815 -0.033484943 -0.008702020 0.997973680
1662064592079508480.000000 -0.200572103 -0.600122035 2.249230862 0.053841658 -0.037858352 -0.011096148 0.997769952
1662064592124509696.000000 -0.199163511 -0.601489484 2.256211042 0.055294260 -0.042196658 -0.013415500 0.997487843
1662064592163510272.000000 -0.197672933 -0.603116453 2.262608767 0.054170102 -0.045896087 -0.014511879 0.997370839
1662064592202511360.000000 -0.196296096 -0.605595350 2.268396616 0.053473033 -0.051441122 -0.015372966 0.997124910
1662064592247512064.000000 -0.194970682 -0.607884765 2.274637699 0.056058690 -0.055882707 -0.018307611 0.996694267
1662064592289513216.000000 -0.194174349 -0.608784080 2.278026342 0.057023685 -0.059071805 -0.019582136 0.996431291
1662064592328513792.000000 -0.192928299 -0.611360013 2.287076473 0.058935679 -0.065372936 -0.022125572 0.995873213
1662064592370514944.000000 -0.191889450 -0.614972949 2.293097019 0.057440754 -0.070722893 -0.025068520 0.995525181
1662064592412515584.000000 -0.190375939 -0.616197407 2.298960209 0.058570698 -0.075663298 -0.026538692 0.995057940
1662064592451516672.000000 -0.189941406 -0.618226826 2.305056810 0.060842328 -0.080788583 -0.029875245 0.994423926
1662064592490517504.000000 -0.187231883 -0.620784283 2.310318708 0.061889183 -0.086308025 -0.032304179 0.993819475
1662064592532518144.000000 -0.185931981 -0.621496260 2.316557646 0.063454606 -0.092428520 -0.032807272 0.993153691
1662064592577519104.000000 -0.184498250 -0.626487553 2.322253466 0.061457943 -0.098983787 -0.036554053 0.992516518
1662064592622520320.000000 -0.185018241 -0.627329886 2.324139595 0.062111843 -0.100435920 -0.037670210 0.992288113
1662064592661520896.000000 -0.181239650 -0.632981300 2.334783316 0.062919356 -0.112560853 -0.042832077 0.990725398
1662064592706522112.000000 -0.182064593 -0.633961439 2.337409019 0.062784776 -0.114320584 -0.043549344 0.990501046
1662064592748522752.000000 -0.180042043 -0.637954175 2.345080376 0.063668221 -0.123104624 -0.048258737 0.989172816
1662064592790523648.000000 -0.180552334 -0.638182402 2.349815130 0.062639877 -0.128389776 -0.048790511 0.988540232
1662064592829524480.000000 -0.181639954 -0.641234934 2.357578278 0.062832192 -0.134668902 -0.049525671 0.987655640
1662064592871525632.000000 -0.177970082 -0.644713581 2.360634089 0.063385077 -0.142156616 -0.055081476 0.986275792
1662064592913526272.000000 -0.175360844 -0.647938251 2.366367340 0.062698290 -0.151982501 -0.057462703 0.984717429
1662064592955527424.000000 -0.174805671 -0.649550438 2.373418808 0.065314546 -0.158959210 -0.061103832 0.983225465
1662064593000528384.000000 -0.173312619 -0.656062901 2.378408432 0.061990317 -0.166222200 -0.065943383 0.981926084
1662064593045529088.000000 -0.171940520 -0.655362368 2.385632515 0.064740688 -0.177058399 -0.066453002 0.979817867
1662064593087530240.000000 -0.171361893 -0.658474445 2.391758680 0.065669596 -0.185696915 -0.070090748 0.977901578
1662064593129530880.000000 -0.170608535 -0.662062049 2.396612406 0.065728411 -0.192048550 -0.074595176 0.976336360
1662064593168531968.000000 -0.169610977 -0.664226115 2.400139332 0.066908278 -0.198198199 -0.077578850 0.974793494
1662064593210532608.000000 -0.170070946 -0.667253375 2.404425859 0.065453798 -0.204168975 -0.080903947 0.973388612
1662064593252533760.000000 -0.167691231 -0.668706000 2.411072731 0.065721355 -0.215047985 -0.080941647 0.971021891
1662064593297534464.000000 -0.165809810 -0.669974625 2.416679144 0.068897612 -0.223226175 -0.084393077 0.968659461
1662064593342535424.000000 -0.165955603 -0.674583077 2.421979427 0.069026574 -0.233212397 -0.088628031 0.965915322
1662064593384536576.000000 -0.165994823 -0.677956522 2.425044537 0.068290234 -0.239115953 -0.091810182 0.964225590
1662064593429537280.000000 -0.165381342 -0.681195199 2.430038929 0.067916632 -0.248402685 -0.095596075 0.961532533
1662064593468538368.000000 -0.165903509 -0.682860851 2.431334972 0.069097988 -0.251386702 -0.098215587 0.960408211
1662064593510539008.000000 -0.164258733 -0.687787414 2.439711094 0.068171173 -0.264859676 -0.102854863 0.956359208
1662064593555539968.000000 -0.163717017 -0.690850675 2.444488049 0.068438992 -0.273880810 -0.105973043 0.953454316
1662064593600541184.000000 -0.162722409 -0.694803119 2.448876381 0.068899892 -0.282594472 -0.109953016 0.950422823
1662064593648542208.000000 -0.162237853 -0.698762834 2.455038309 0.068101540 -0.293969929 -0.113078661 0.946655750
1662064593687543040.000000 -0.161906108 -0.700908720 2.458271503 0.067537852 -0.301571548 -0.115959473 0.943952680
1662064593732544000.000000 -0.161882669 -0.701073766 2.458769321 0.067629322 -0.301874995 -0.115826413 0.943865478
1662064593771544576.000000 -0.161267072 -0.706912637 2.466000795 0.068088740 -0.317366779 -0.121865600 0.937971771
1662064593816545792.000000 -0.161015943 -0.711011052 2.470652580 0.067975268 -0.327231735 -0.125328511 0.934126079
1662064593861546496.000000 -0.160420746 -0.713952303 2.473842859 0.069369242 -0.336459339 -0.128739789 0.930273652
1662064593903547648.000000 -0.160151750 -0.716779947 2.477226496 0.068900354 -0.342919379 -0.131303385 0.927587450
1662064593942548224.000000 -0.160088569 -0.720894217 2.480423212 0.067412406 -0.352194160 -0.134772301 0.923716068
1662064593984549376.000000 -0.160192788 -0.723970592 2.483594418 0.065821521 -0.358909905 -0.137158439 0.920890212
1662064594026550016.000000 -0.160112113 -0.728560090 2.487863064 0.066574097 -0.370672673 -0.142570809 0.915337801
1662064594071550976.000000 -0.160127997 -0.731184125 2.492060184 0.067361869 -0.379417151 -0.144533023 0.911380947
1662064594113552128.000000 -0.160505712 -0.733500004 2.495939970 0.068939820 -0.388124943 -0.148170471 0.907001615
1662064594161552896.000000 -0.161204815 -0.735595703 2.500089169 0.068561137 -0.398427397 -0.150739744 0.902126729
1662064594206553856.000000 -0.161993563 -0.736986578 2.503365993 0.067718714 -0.406759560 -0.152453661 0.898175240
1662064594248555008.000000 -0.162665248 -0.738153398 2.506092787 0.068781614 -0.413052082 -0.154814750 0.894812584
1662064594287555584.000000 -0.162735581 -0.740843773 2.509580851 0.070390210 -0.422891021 -0.158140674 0.889494181
1662064594326556416.000000 -0.161796749 -0.741979599 2.511971474 0.071554087 -0.429115534 -0.160175651 0.886049509
1662064594371557376.000000 -0.163247645 -0.743918896 2.515717030 0.072692357 -0.440000057 -0.162818491 0.880116999
1662064594416558592.000000 -0.163835764 -0.746305823 2.517791271 0.073496424 -0.448045015 -0.165389478 0.875500023
1662064594452559360.000000 -0.164218009 -0.747362494 2.521579027 0.072779506 -0.456772506 -0.166090608 0.870905280
1662064594494560000.000000 -0.164848983 -0.749995530 2.522040844 0.072845228 -0.462055504 -0.169295222 0.867489159
1662064594533561088.000000 -0.165143669 -0.753220141 2.524018764 0.073693566 -0.470699549 -0.173820525 0.861857176
1662064594578561792.000000 -0.164948940 -0.755219936 2.526420116 0.075281195 -0.479668230 -0.174751908 0.856570423
1662064594623562752.000000 -0.165744424 -0.756050229 2.529231071 0.075705402 -0.486289561 -0.175506487 0.852636337
1662064594665563904.000000 -0.166302204 -0.759370148 2.530849934 0.076682396 -0.494731486 -0.179457530 0.846850395
1662064594704564480.000000 -0.166161895 -0.761488199 2.531655788 0.077185050 -0.500092566 -0.181591406 0.843193054
1662064594746565632.000000 -0.167448997 -0.763151050 2.534107208 0.076874509 -0.508013666 -0.182478607 0.838280439
1662064594788566272.000000 -0.167977691 -0.765954494 2.535312176 0.076718062 -0.516510308 -0.185080081 0.832512379
1662064594830567424.000000 -0.168426275 -0.766711533 2.535860538 0.076929346 -0.520793736 -0.185829639 0.829652429
1662064594869568000.000000 -0.168501496 -0.770521522 2.536549568 0.077676862 -0.529456854 -0.190364808 0.823045015
1662064594908568832.000000 -0.168893456 -0.770626485 2.538918972 0.079299010 -0.534853816 -0.190223992 0.819425344
1662064594950569984.000000 -0.169352889 -0.771673799 2.538995743 0.080669135 -0.539892077 -0.191701099 0.815634608
1662064594995570944.000000 -0.169772744 -0.772693694 2.541464329 0.081498176 -0.545506716 -0.192371875 0.811648667
1662064595037571584.000000 -0.169204950 -0.775372624 2.543743610 0.083494179 -0.557585716 -0.195041850 0.802549422
1662064595076572416.000000 -0.170463443 -0.776977301 2.544477224 0.082815252 -0.561456800 -0.195870996 0.799713969
1662064595115573504.000000 -0.171993732 -0.778086245 2.546998501 0.082791239 -0.568551898 -0.197710961 0.794232190
1662064595157574144.000000 -0.171481252 -0.778562009 2.547847509 0.086256392 -0.575034261 -0.198943555 0.788870692
1662064595199575296.000000 -0.172051787 -0.780585408 2.549223185 0.086556941 -0.581957757 -0.200632378 0.783313394
1662064595244576256.000000 -0.171707749 -0.781821072 2.552697659 0.090352133 -0.590008974 -0.200208068 0.776944458
1662064595286576896.000000 -0.169608235 -0.783243716 2.552555084 0.092244476 -0.595117331 -0.201430768 0.772497356
1662064595331578112.000000 -0.172288179 -0.783141077 2.555623770 0.092663199 -0.602836549 -0.199917093 0.766834259
1662064595373578752.000000 -0.172949195 -0.784986854 2.555689335 0.091959432 -0.608346462 -0.201037779 0.762261093
1662064595415579904.000000 -0.174046993 -0.786903024 2.557183981 0.092802815 -0.614072442 -0.202302918 0.757216096
1662064595460580864.000000 -0.175005913 -0.787301183 2.558410168 0.095189467 -0.619324565 -0.202531502 0.752566934
1662064595502581504.000000 -0.175928354 -0.789514601 2.560185909 0.096458919 -0.625647902 -0.203822836 0.746804357
1662064595550582528.000000 -0.175593376 -0.790667415 2.560573816 0.098542437 -0.630424917 -0.203963175 0.742464006
1662064595592583424.000000 -0.175973177 -0.792983294 2.560994625 0.099412069 -0.636851311 -0.205104023 0.736525714
1662064595637584384.000000 -0.176062822 -0.794755280 2.562182903 0.101154387 -0.641791880 -0.205828115 0.731782675
1662064595676585472.000000 -0.175504923 -0.795913100 2.561916828 0.100262552 -0.646158874 -0.205241963 0.728218377
1662064595718586112.000000 -0.176285505 -0.799869716 2.562166214 0.100172773 -0.650689900 -0.207577139 0.723519027
1662064595757586944.000000 -0.176432610 -0.800861537 2.562808037 0.103334412 -0.656095684 -0.205928043 0.718647420
1662064595802587904.000000 -0.175879955 -0.804410934 2.562803984 0.103109308 -0.660592794 -0.207408547 0.714119971
1662064595847589120.000000 -0.176111937 -0.806182027 2.562546253 0.103076823 -0.664198279 -0.206706971 0.710976899
1662064595886589696.000000 -0.174685955 -0.807395339 2.565718889 0.106784925 -0.670199096 -0.206342742 0.704877853
1662064595925590528.000000 -0.176193953 -0.808988810 2.565767527 0.109037049 -0.673579514 -0.207436264 0.700979173
1662064595967591424.000000 -0.177549839 -0.814329803 2.565111399 0.105468184 -0.677264214 -0.209170491 0.697450578
1662064596012592640.000000 -0.177866697 -0.817024410 2.564945221 0.105017886 -0.681151927 -0.211508021 0.693013489
1662064596057593344.000000 -0.178789377 -0.820130706 2.563306093 0.105033234 -0.684521079 -0.210014299 0.690139771
1662064596099594240.000000 -0.177701712 -0.820566118 2.563525200 0.106191881 -0.686001837 -0.211526185 0.688027322
1662064596141595136.000000 -0.180544376 -0.827259600 2.562896252 0.105901048 -0.691904366 -0.212083802 0.681963265
1662064596183596032.000000 -0.181359053 -0.829996109 2.562267303 0.105931774 -0.694625080 -0.212466672 0.679067373
1662064596228597248.000000 -0.183186769 -0.834667087 2.561877012 0.105222709 -0.698081613 -0.214176118 0.675084293
1662064596273597952.000000 -0.182655096 -0.836301863 2.561370134 0.107887790 -0.701361895 -0.213162377 0.671575427
1662064596312599040.000000 -0.183114052 -0.837879360 2.561123610 0.107422978 -0.703793764 -0.213784307 0.668902814
1662064596357599744.000000 -0.185405970 -0.842736959 2.559492826 0.105274424 -0.705430984 -0.216025770 0.666796386
1662064596402600704.000000 -0.186421633 -0.847098231 2.558123112 0.105925173 -0.708218634 -0.216796026 0.663480043
1662064596441601792.000000 -0.187245131 -0.849651694 2.556701183 0.106522195 -0.710652113 -0.216139585 0.660992026
1662064596483602432.000000 -0.188269615 -0.852002025 2.556679010 0.106307447 -0.711473465 -0.217480570 0.659701884
1662064596525603584.000000 -0.190308809 -0.856479526 2.555801868 0.107357509 -0.715196073 -0.217640653 0.655439913
1662064596567604224.000000 -0.191110373 -0.860309958 2.554325819 0.106390707 -0.717292190 -0.218370870 0.653059840
1662064596606605056.000000 -0.192974091 -0.863674819 2.553302526 0.105800413 -0.718402803 -0.219928473 0.651410222
1662064596648605952.000000 -0.194285870 -0.866022587 2.552657843 0.106791072 -0.720753193 -0.218911082 0.648990393
1662064596687606784.000000 -0.196005821 -0.869182527 2.551575899 0.107159637 -0.722292423 -0.218643218 0.647306442
1662064596729607936.000000 -0.197071552 -0.872962117 2.549983978 0.106986627 -0.723535776 -0.219494224 0.645656407
1662064596771608576.000000 -0.198529959 -0.876293659 2.548599720 0.107080139 -0.724891663 -0.219504058 0.644114792
1662064596816609536.000000 -0.199470282 -0.879444122 2.546987772 0.106962234 -0.725850880 -0.218928263 0.643249512
1662064596858610688.000000 -0.200152636 -0.881855786 2.546066761 0.106806546 -0.727192044 -0.218207315 0.642004371
1662064596900611328.000000 -0.201744318 -0.886263013 2.543944836 0.105822884 -0.727625072 -0.219575599 0.641209662
1662064596939612160.000000 -0.203191996 -0.888862073 2.543114185 0.105049916 -0.728451788 -0.219396934 0.640458822
1662064596975613184.000000 -0.204591036 -0.892241240 2.541945457 0.105079390 -0.729236782 -0.219476536 0.639532804
1662064597020613888.000000 -0.205515623 -0.895107806 2.540220261 0.106839038 -0.729651213 -0.218612716 0.639064252
1662064597068614912.000000 -0.208568811 -0.899633706 2.538206577 0.106337741 -0.730595708 -0.218403399 0.638139606
1662064597110616064.000000 -0.208901405 -0.902752280 2.536898613 0.105069250 -0.731393933 -0.218201369 0.637504160
1662064597155616768.000000 -0.212238073 -0.907211185 2.534876823 0.105529562 -0.731783926 -0.217125133 0.637348115
1662064597197617664.000000 -0.214183331 -0.909767985 2.533495903 0.104941480 -0.732317328 -0.216013759 0.637210131
1662064597239618816.000000 -0.214953661 -0.912743807 2.531298161 0.104520567 -0.731714845 -0.215122029 0.638272166
1662064597284619520.000000 -0.215200424 -0.915042818 2.529782534 0.105828397 -0.730389297 -0.215479106 0.639453351
1662064597326620672.000000 -0.218813181 -0.919811130 2.527418613 0.103379004 -0.730452120 -0.216275498 0.639513433
1662064597368621312.000000 -0.219406843 -0.922607064 2.525439024 0.106139466 -0.729642034 -0.214676842 0.640523911
1662064597410622464.000000 -0.220740557 -0.926663816 2.524006605 0.105038211 -0.729596257 -0.212504402 0.641481340
1662064597452623104.000000 -0.223881721 -0.927529454 2.523462772 0.106174231 -0.730603158 -0.210349336 0.640858233
1662064597497624064.000000 -0.226144075 -0.929008365 2.521093845 0.105468035 -0.729832947 -0.206936628 0.642960012
1662064597542625280.000000 -0.226291656 -0.931444168 2.518833399 0.104959890 -0.728362441 -0.204123810 0.645604372
1662064597584625920.000000 -0.228046656 -0.938097239 2.518979788 0.103588022 -0.727551222 -0.207569674 0.645642102
1662064597626627072.000000 -0.231389999 -0.941192269 2.517978430 0.103194788 -0.727376044 -0.207473055 0.645933390
1662064597668627712.000000 -0.232437372 -0.942894816 2.516139984 0.104226626 -0.726025939 -0.204091042 0.648359478
1662064597707628800.000000 -0.234158516 -0.945571661 2.513726234 0.105430275 -0.724569678 -0.201960072 0.650457919
1662064597749629440.000000 -0.235669136 -0.948783934 2.512556553 0.105398528 -0.723513484 -0.201154009 0.651886940
1662064597788630528.000000 -0.238485098 -0.951191068 2.510992050 0.105749547 -0.722872078 -0.198487028 0.653357387
1662064597836631296.000000 -0.241676331 -0.954568028 2.509412766 0.106158152 -0.721235216 -0.196546525 0.655682623
1662064597878632192.000000 -0.243641615 -0.956742764 2.508134604 0.105061010 -0.719883621 -0.195679426 0.657601237
1662064597920633088.000000 -0.246023893 -0.960300803 2.505842209 0.104564413 -0.717657924 -0.195319086 0.660215020
1662064597962633984.000000 -0.248128653 -0.961911559 2.501940966 0.104930118 -0.714924157 -0.194354370 0.663400054
1662064598010635264.000000 -0.251538038 -0.967055976 2.501909971 0.106109895 -0.714222431 -0.189778104 0.665290415
1662064598052635904.000000 -0.253988504 -0.969888091 2.502631903 0.107029893 -0.714039028 -0.188503250 0.665702283
1662064598097636864.000000 -0.255820751 -0.971918046 2.500108242 0.106985681 -0.712038457 -0.187046438 0.668258250
1662064598139638016.000000 -0.258133888 -0.972866416 2.499514341 0.107581377 -0.710067332 -0.182565629 0.671491206
1662064598175638784.000000 -0.260047436 -0.976517200 2.495003939 0.105726041 -0.705248713 -0.182290748 0.676916778
1662064598220639744.000000 -0.262392998 -0.978850543 2.495191336 0.107496828 -0.704515576 -0.179562822 0.678129435
1662064598259640576.000000 -0.265382051 -0.983607769 2.492661238 0.107152499 -0.701272786 -0.178207174 0.681892276
1662064598301641216.000000 -0.268481016 -0.986783147 2.492506742 0.107436925 -0.700262010 -0.176382229 0.683359206
1662064598346642176.000000 -0.270927906 -0.989963174 2.489472389 0.106228419 -0.696525514 -0.174094841 0.687938035
1662064598391643392.000000 -0.273364544 -0.992015958 2.487876415 0.107450731 -0.693500042 -0.171301916 0.691496730
1662064598433644032.000000 -0.276592016 -0.994139314 2.487310410 0.105697587 -0.690892100 -0.169990182 0.694693863
1662064598481645056.000000 -0.276979685 -0.995509028 2.485031605 0.105301447 -0.688464940 -0.170326173 0.697077274
1662064598520646144.000000 -0.280291557 -0.999130249 2.482057095 0.106264383 -0.683781266 -0.165392920 0.702706397
1662064598559646720.000000 -0.283779860 -1.002268076 2.479295015 0.106661052 -0.679255307 -0.163487867 0.707465529
1662064598601647616.000000 -0.286453962 -1.005299449 2.478024960 0.106259637 -0.676497757 -0.161226973 0.710679770
1662064598643648512.000000 -0.288472414 -1.008164644 2.476288557 0.106471404 -0.672891498 -0.157841161 0.714819551
1662064598685649408.000000 -0.291297436 -1.010213375 2.474589825 0.106364153 -0.669170141 -0.155721605 0.718782902
1662064598727650304.000000 -0.294044971 -1.013117313 2.472643614 0.104446821 -0.665010870 -0.154418543 0.723191857
1662064598772651520.000000 -0.296786785 -1.015558600 2.472045183 0.103573762 -0.661336005 -0.152958632 0.726987481
1662064598814652160.000000 -0.299796343 -1.018019915 2.469308853 0.104347393 -0.656994700 -0.149500906 0.731518328
1662064598859653120.000000 -0.302240133 -1.020151973 2.469103098 0.104069360 -0.653887212 -0.146120280 0.735017002
1662064598901654016.000000 -0.305542469 -1.023241878 2.466762304 0.103998423 -0.648920000 -0.144268975 0.739779472
1662064598943654912.000000 -0.306470633 -1.024510384 2.466841221 0.103686064 -0.647851646 -0.143356189 0.740936279
1662064598985656064.000000 -0.309156179 -1.025759339 2.465699673 0.104855023 -0.643991232 -0.139569238 0.744849741
1662064599027656704.000000 -0.312946916 -1.028525114 2.464006424 0.104510389 -0.637562752 -0.135896981 0.751081526
1662064599069657856.000000 -0.316207290 -1.031095743 2.463993788 0.102630980 -0.633211195 -0.134786204 0.755210698
1662064599114658560.000000 -0.319196820 -1.033016562 2.462675095 0.102486432 -0.627717733 -0.132456720 0.760212004
1662064599156659712.000000 -0.320564985 -1.034849524 2.462093115 0.102170743 -0.623930812 -0.129898354 0.763804972
1662064599201660672.000000 -0.324151993 -1.036799192 2.461108208 0.103727996 -0.619126737 -0.126453549 0.768070459
1662064599243661312.000000 -0.326282978 -1.038664937 2.459943771 0.103608549 -0.614493847 -0.124350868 0.772139609
1662064599288662528.000000 -0.329485297 -1.041357875 2.460304022 0.103097960 -0.609754741 -0.120527729 0.776558459
1662064599330663168.000000 -0.331946850 -1.043389201 2.459557533 0.102431409 -0.604864597 -0.116427682 0.781083405
1662064599372664320.000000 -0.332976460 -1.043525219 2.459248066 0.103187613 -0.603041589 -0.115983598 0.782458365
1662064599420665344.000000 -0.333265066 -1.043693423 2.459349394 0.102541648 -0.603044271 -0.115801558 0.782568157
1662064599465666048.000000 -0.333228469 -1.043467760 2.459259987 0.103052206 -0.602939010 -0.115902178 0.782567322
1662064599510667008.000000 -0.343251467 -1.050384760 2.455449581 0.099869460 -0.581386089 -0.107066073 0.800345659
1662064599552668160.000000 -0.345047474 -1.051820517 2.456308842 0.099692568 -0.577336788 -0.101668254 0.803994536
1662064599591668736.000000 -0.347645044 -1.055095673 2.454172134 0.100758716 -0.571525455 -0.100581959 0.808139622
1662064599639670016.000000 -0.350707769 -1.057544351 2.455022335 0.099604771 -0.565873206 -0.096121036 0.812789738
1662064599681670656.000000 -0.352274776 -1.057700038 2.453943014 0.101589546 -0.560456276 -0.092615366 0.816694975
1662064599723671552.000000 -0.355744720 -1.058763742 2.454942226 0.099586345 -0.554776132 -0.090169057 0.821081936
1662064599771672832.000000 -0.358602285 -1.059959292 2.455220938 0.098329775 -0.548163652 -0.087057583 0.825995684
1662064599810673408.000000 -0.360922337 -1.061110020 2.455015182 0.098755382 -0.542676032 -0.083347127 0.829941809
1662064599852674560.000000 -0.363797307 -1.062779546 2.455464363 0.097040147 -0.537150979 -0.079584248 0.834097326
1662064599900675584.000000 -0.363457084 -1.061967611 2.455254555 0.099025063 -0.537144780 -0.079390451 0.833886504
1662064599939676160.000000 -0.368769467 -1.060775757 2.452786922 0.100736983 -0.522907436 -0.071749471 0.843369365
1662064599981677056.000000 -0.370806575 -1.064785004 2.456061840 0.097015664 -0.519984484 -0.071208306 0.845655680
1662064600026678016.000000 -0.373753965 -1.065239310 2.455984116 0.095603280 -0.512285888 -0.067025505 0.850841224
1662064600071679232.000000 -0.376494467 -1.066270947 2.457221985 0.096012101 -0.505728483 -0.063943870 0.854945362
1662064600113679872.000000 -0.378888428 -1.066658497 2.457290649 0.096730456 -0.499246180 -0.060408361 0.858922184
1662064600158680832.000000 -0.381800234 -1.068335056 2.458078861 0.095394731 -0.491733164 -0.055945091 0.863694727
1662064600200681984.000000 -0.383792937 -1.069110870 2.458543777 0.094838150 -0.485924453 -0.053119902 0.867214739
1662064600245682688.000000 -0.386811852 -1.070014477 2.458944559 0.094769239 -0.478762031 -0.050410423 0.871357858
1662064600287683840.000000 -0.388966203 -1.070700645 2.459192514 0.094466865 -0.472216576 -0.047963992 0.875092566
1662064600329684480.000000 -0.391080827 -1.071414709 2.459558964 0.093357533 -0.465362042 -0.045822177 0.878989697
1662064600371685632.000000 -0.393484384 -1.072292805 2.460039377 0.092385955 -0.458430976 -0.043689717 0.882834673
1662064600416686592.000000 -0.395794779 -1.073599696 2.460613728 0.091053173 -0.450634539 -0.039933082 0.887154579
1662064600458687232.000000 -0.397815675 -1.073951602 2.460867882 0.091864213 -0.444405645 -0.037547685 0.890311658
1662064600497688064.000000 -0.399915844 -1.074855566 2.461613655 0.091018811 -0.436950952 -0.034690600 0.894195795
1662064600539688960.000000 -0.400906563 -1.074974895 2.461088419 0.092433751 -0.433050811 -0.033027485 0.896009088
1662064600581690112.000000 -0.402944982 -1.075740814 2.461842299 0.090892874 -0.425844997 -0.030516297 0.899701774
1662064600623690752.000000 -0.405371308 -1.077369690 2.462542295 0.088430405 -0.416318923 -0.027421379 0.904492557
1662064600668691968.000000 -0.407450050 -1.078015089 2.463480949 0.088814981 -0.407996982 -0.023317797 0.908353865
1662064600713692672.000000 -0.410618365 -1.078698039 2.463737488 0.089009911 -0.399126828 -0.020963052 0.912324309
1662064600761693696.000000 -0.412444204 -1.079606771 2.463132143 0.088103645 -0.391573817 -0.017393311 0.915753901
1662064600806694656.000000 -0.413990557 -1.081440687 2.466581345 0.086446188 -0.385604739 -0.014963078 0.918483615
1662064600851695872.000000 -0.415707916 -1.081410885 2.467271566 0.084448650 -0.378167361 -0.010782149 0.921814322
1662064600899696896.000000 -0.417966276 -1.082853317 2.468889236 0.082815647 -0.369006246 -0.008169127 0.925693929
1662064600947697920.000000 -0.418198049 -1.084632039 2.469380379 0.081492007 -0.361048877 -0.003903080 0.928971291
1662064600989698560.000000 -0.421669662 -1.084924579 2.470677376 0.083369672 -0.352632254 -0.001813549 0.932039022
1662064601031699712.000000 -0.421969026 -1.085804820 2.471125841 0.081086613 -0.349755794 0.001238569 0.933324397
1662064601079700480.000000 -0.423816383 -1.085818768 2.472204685 0.081523627 -0.343994200 0.002496690 0.935422719
1662064601124701440.000000 -0.426848143 -1.087829828 2.474154472 0.079127610 -0.329701245 0.007785793 0.940731287
1662064601172702464.000000 -0.428630114 -1.088961959 2.475245237 0.076692633 -0.319999278 0.011451603 0.944239140
1662064601217703680.000000 -0.429788321 -1.089612484 2.476005077 0.075904615 -0.314118534 0.013644629 0.946246207
1662064601262704384.000000 -0.431657255 -1.090970993 2.477784634 0.074926950 -0.303223521 0.016710604 0.949822187
1662064601307705344.000000 -0.432611108 -1.091427922 2.478345633 0.074896447 -0.295542955 0.020655189 0.952165067
1662064601349706496.000000 -0.434411198 -1.092751741 2.480079651 0.073247351 -0.287619412 0.023493921 0.954650700
1662064601388707072.000000 -0.435330868 -1.093464255 2.480805397 0.072519064 -0.280984282 0.025620067 0.956625581
1662064601424707840.000000 -0.436387599 -1.094128609 2.481429815 0.070268624 -0.275091201 0.026847959 0.958470821
1662064601466708992.000000 -0.438105583 -1.095812559 2.484233379 0.069039218 -0.265856117 0.031513803 0.961020827
1662064601511709696.000000 -0.438577443 -1.095488548 2.483687401 0.069625653 -0.260728627 0.032845758 0.962337792
1662064601550710784.000000 -0.439810872 -1.096052289 2.485117912 0.069549501 -0.252160788 0.033923939 0.964586496
1662064601595711744.000000 -0.440868706 -1.096673608 2.486382723 0.068779804 -0.244627103 0.036552917 0.966483712
1662064601640712448.000000 -0.443063557 -1.097427368 2.486617565 0.065733194 -0.234548807 0.040998466 0.969012499
1662064601685713408.000000 -0.444024414 -1.097785592 2.487667084 0.066634953 -0.226485536 0.044464942 0.970714688
1662064601727714304.000000 -0.445133001 -1.098043680 2.489578485 0.066806339 -0.222775355 0.044125192 0.971576571
1662064601769715200.000000 -0.446847349 -1.098903775 2.491737604 0.065614127 -0.210962743 0.048429921 0.974086344
1662064601811716352.000000 -0.447625726 -1.099562049 2.492769241 0.065334447 -0.204532132 0.049555365 0.975419044
1662064601853716992.000000 -0.449875951 -1.099461675 2.493066072 0.065435275 -0.194800988 0.049907025 0.977384329
1662064601901718016.000000 -0.449836791 -1.098649263 2.500330210 0.064757533 -0.188778937 0.054118596 0.978386581
1662064601943718912.000000 -0.450418770 -1.099659562 2.501754284 0.063959837 -0.182067022 0.057075791 0.979542315
1662064601988719872.000000 -0.452283770 -1.099183798 2.505708218 0.062935174 -0.172538429 0.060132489 0.981149256
1662064602036720896.000000 -0.452374935 -1.099406600 2.508857250 0.060319256 -0.166583478 0.063977018 0.982098997
1662064602078722048.000000 -0.453496426 -1.099407911 2.509936810 0.060716648 -0.161323428 0.064044997 0.982947886
1662064602120722688.000000 -0.454651952 -1.098808885 2.513001680 0.062778555 -0.148952231 0.066107310 0.984632969
1662064602168723712.000000 -0.455486119 -1.100389838 2.517140388 0.060506769 -0.141676217 0.069665588 0.985603154
1662064602210724864.000000 -0.456064820 -1.100786686 2.519527197 0.059682582 -0.134422660 0.072799280 0.986442566
1662064602249725696.000000 -0.456592143 -1.100600719 2.522543430 0.057769924 -0.128001586 0.074090570 0.987313926
1662064602294726656.000000 -0.456888497 -1.101415753 2.524813652 0.056239013 -0.120436430 0.075652741 0.988235295
1662064602333727232.000000 -0.457837164 -1.101758957 2.527853966 0.058007769 -0.112022415 0.079246476 0.988840759
1662064602375728128.000000 -0.457617074 -1.102508187 2.528052568 0.057441659 -0.109580591 0.080620222 0.989036381
1662064602414729216.000000 -0.458654404 -1.102597117 2.532429457 0.056779701 -0.100209840 0.083124183 0.989860833
1662064602456729856.000000 -0.458905011 -1.102324963 2.535535574 0.055697080 -0.093916334 0.085057668 0.990375102
1662064602495730944.000000 -0.459295869 -1.103224397 2.538233757 0.053936727 -0.084834993 0.088795945 0.990963757
1662064602546732032.000000 -0.459792346 -1.104034543 2.541687489 0.054417979 -0.076966695 0.090717115 0.991405725
1662064602591732736.000000 -0.459869802 -1.104589224 2.544040442 0.054590587 -0.069476888 0.093667671 0.991674960
1662064602633733632.000000 -0.459080517 -1.105716705 2.547892332 0.054348938 -0.063118510 0.096769080 0.991815567
1662064602675734528.000000 -0.460248739 -1.106401205 2.548049927 0.053956829 -0.057030097 0.098316923 0.992053449
1662064602714735616.000000 -0.460455060 -1.107019186 2.552290201 0.051673535 -0.049456816 0.100623064 0.992350161
1662064602762736640.000000 -0.460657716 -1.107427478 2.552593946 0.051461082 -0.047447216 0.101052389 0.992415726
1662064602807737344.000000 -0.460767835 -1.108745694 2.559854507 0.051365055 -0.033744399 0.105836645 0.992482543
1662064602846738432.000000 -0.461057365 -1.109091640 2.561251640 0.051794745 -0.028955862 0.107697792 0.992411256
1662064602888739072.000000 -0.460773081 -1.109798074 2.566447258 0.050463192 -0.020164696 0.110607214 0.992377400
1662064602930740224.000000 -0.460778534 -1.110994220 2.569191933 0.047445294 -0.014209033 0.112370282 0.992431343
1662064602972740864.000000 -0.460711956 -1.111561894 2.570414543 0.047514386 -0.010963069 0.113725387 0.992314875
1662064603017741824.000000 -0.460487694 -1.113224626 2.575521231 0.047225758 -0.000016858 0.116873913 0.992023349
1662064603056742656.000000 -0.460388809 -1.113937736 2.578281164 0.047152512 0.006221330 0.118578903 0.991804898
1662064603095743744.000000 -0.460577786 -1.114767671 2.581069708 0.046939179 0.012503678 0.120267250 0.991552413
1662064603140744448.000000 -0.460109502 -1.116591811 2.585023880 0.043401241 0.018703887 0.122048289 0.991398394
1662064603182745344.000000 -0.459449530 -1.116261721 2.588542461 0.044514582 0.025197791 0.125517488 0.990771890
1662064603218746112.000000 -0.458702177 -1.117037773 2.590849161 0.044705603 0.029868372 0.126956567 0.990450084
1662064603269747200.000000 -0.458542198 -1.118036151 2.595532656 0.044386569 0.037275691 0.128736943 0.989983439
1662064603308748288.000000 -0.458940148 -1.118626237 2.597218275 0.043781113 0.041659568 0.129684001 0.989712000
1662064603347749120.000000 -0.458576441 -1.120454311 2.600540876 0.041561432 0.050143108 0.132570356 0.989031613
1662064603389749760.000000 -0.457392603 -1.121845484 2.604598522 0.040509414 0.055422116 0.134668320 0.988509893
1662064603434750720.000000 -0.457481146 -1.123195648 2.608536959 0.040955104 0.062194429 0.136346519 0.987858415
1662064603479751936.000000 -0.456579208 -1.123797417 2.611274719 0.042210530 0.067640945 0.137376875 0.987304747
1662064603521752576.000000 -0.455809981 -1.125461340 2.615483999 0.040419575 0.074402936 0.140196905 0.986496508
1662064603563753728.000000 -0.454613060 -1.127098560 2.617390156 0.038385928 0.078469031 0.143002331 0.985859752
1662064603605754368.000000 -0.454155773 -1.128668547 2.621639729 0.036029261 0.085896097 0.144304737 0.985139549
1662064603650755328.000000 -0.453187019 -1.129412532 2.624498844 0.037315860 0.091715075 0.145247504 0.984428287
1662064603689756160.000000 -0.453126550 -1.129764557 2.626531124 0.038335606 0.097275548 0.146661252 0.983645499
1662064603740757504.000000 -0.451547682 -1.131487727 2.631172180 0.037818592 0.102912314 0.149440780 0.982673049
1662064603782758144.000000 -0.450570285 -1.133080959 2.633306026 0.034937248 0.107220486 0.151100293 0.982065141
1662064603827759360.000000 -0.449889779 -1.134021044 2.636842728 0.036020849 0.113468893 0.153486565 0.980953217
1662064603869760000.000000 -0.449346185 -1.134752870 2.639675856 0.037257608 0.118829049 0.154607296 0.980095983
1662064603914760960.000000 -0.448811054 -1.135529995 2.642067194 0.038985729 0.124093384 0.156240210 0.979116917
1662064603950761728.000000 -0.447554588 -1.136772156 2.645167112 0.036968540 0.128785476 0.157959223 0.978313088
1662064603992762880.000000 -0.446426541 -1.137799978 2.647894859 0.036954474 0.133257896 0.160987124 0.977220476
1662064604034763520.000000 -0.446240723 -1.138146162 2.650638819 0.037907705 0.138843626 0.160985559 0.976406217
1662064604076764672.000000 -0.445252895 -1.138852358 2.652872801 0.037845626 0.143443242 0.162091285 0.975560486
1662064604118765312.000000 -0.443585515 -1.140672803 2.656984329 0.036195487 0.148076683 0.164345205 0.974553168
1662064604160766464.000000 -0.443370402 -1.141324401 2.657089710 0.034766916 0.149112090 0.164642319 0.974397182
1662064604208767488.000000 -0.441552758 -1.142366529 2.664714813 0.033546586 0.158383533 0.167725295 0.972449243
1662064604247768064.000000 -0.441473037 -1.142595768 2.668618917 0.035753980 0.163934827 0.168946296 0.971238494
1662064604289769216.000000 -0.439504743 -1.145018101 2.672708035 0.036060162 0.169037342 0.170451015 0.970088899
1662064604337769984.000000 -0.438269764 -1.146544099 2.676972151 0.036671113 0.174799696 0.171087220 0.968932152
1662064604379770880.000000 -0.437303305 -1.146984339 2.679641008 0.036624480 0.178455412 0.172290280 0.968053937
1662064604421771776.000000 -0.435995936 -1.148485303 2.684390545 0.033856001 0.183089837 0.173677519 0.967040896
1662064604463772672.000000 -0.434748650 -1.149531245 2.687893629 0.035390902 0.187729120 0.174748421 0.965902865
1662064604508773888.000000 -0.433437407 -1.150344253 2.691832781 0.036628678 0.192868456 0.175890788 0.964635968
1662064604550774528.000000 -0.432031602 -1.151282310 2.694046497 0.036533397 0.196422413 0.177409917 0.963643789
1662064604595775488.000000 -0.431930363 -1.151762009 2.694880486 0.036343116 0.196383119 0.177106008 0.963714838
1662064604640776704.000000 -0.429183781 -1.154116511 2.701874971 0.032053392 0.204448327 0.180229172 0.961608529
1662064604682777344.000000 -0.427874297 -1.155150652 2.705166817 0.035930358 0.209901512 0.180540159 0.960237324
1662064604724778496.000000 -0.425999552 -1.156798005 2.709096432 0.035749462 0.212867483 0.182141021 0.959288299
1662064604769779200.000000 -0.423809499 -1.158791184 2.713507652 0.034230452 0.217597768 0.183982015 0.957930088
1662064604814780160.000000 -0.422310472 -1.159749985 2.717175007 0.034383852 0.222174644 0.185088605 0.956660032
1662064604853780992.000000 -0.420947284 -1.161213517 2.719863176 0.035280384 0.225419223 0.185727820 0.955744088
1662064604901782016.000000 -0.418667376 -1.162170291 2.725086451 0.036484905 0.230045721 0.187116116 0.954324603
1662064604943783168.000000 -0.417849600 -1.163256049 2.726405382 0.036084887 0.232273519 0.188390419 0.953549147
1662064604985783808.000000 -0.415244401 -1.165608406 2.731119156 0.033384763 0.236189097 0.190168366 0.952331960
1662064605027784704.000000 -0.413367599 -1.166544080 2.734578371 0.036429178 0.240047321 0.190849468 0.951118708
1662064605072785920.000000 -0.410109341 -1.167858124 2.737409115 0.036682088 0.242060617 0.191725925 0.950422168
1662064605114786560.000000 -0.409725934 -1.166572094 2.741647243 0.039456200 0.246812329 0.191387385 0.949156404
1662064605156787712.000000 -0.406521499 -1.170790792 2.745202541 0.035335846 0.249188706 0.194302663 0.948104918
1662064605198788352.000000 -0.404583901 -1.172764421 2.748822451 0.035983276 0.252639592 0.195480749 0.946924388
1662064605240789504.000000 -0.403444380 -1.173226595 2.752875805 0.037050869 0.255978972 0.194736212 0.946139455
1662064605282790144.000000 -0.401406616 -1.174979329 2.755947113 0.037191510 0.258405864 0.196095645 0.945192933
1662064605324791296.000000 -0.399749994 -1.176554918 2.759714127 0.034845740 0.261444032 0.197251573 0.944205821
1662064605366791936.000000 -0.397937626 -1.176987886 2.761723995 0.034543067 0.263074994 0.198510975 0.943499744
1662064605411792896.000000 -0.395555139 -1.178781152 2.765395880 0.036434948 0.265993923 0.198785067 0.942551970
1662064605462793984.000000 -0.393037975 -1.181077242 2.770439863 0.037716068 0.269839108 0.199763060 0.941200852
1662064605510795008.000000 -0.391829371 -1.182051778 2.772861481 0.036366217 0.271746099 0.200602531 0.940526545
1662064605552796160.000000 -0.388481021 -1.184296966 2.777571917 0.037307087 0.274630129 0.201248556 0.939513445
1662064605591796992.000000 -0.386697888 -1.184474945 2.780190945 0.039776538 0.276553184 0.200995624 0.938902020
1662064605630797568.000000 -0.385505915 -1.185967207 2.781492949 0.038645003 0.277606666 0.202121675 0.938396513
1662064605672798720.000000 -0.382476509 -1.184827685 2.786519051 0.043074876 0.280792981 0.201013371 0.937493205
1662064605714799360.000000 -0.380656719 -1.188067913 2.790620327 0.038606808 0.282688171 0.202480420 0.936802328
1662064605765800448.000000 -0.376597047 -1.190715432 2.794996023 0.039371483 0.285003960 0.203606099 0.935824394
1662064605810801408.000000 -0.374750793 -1.191875219 2.798224926 0.041212339 0.287583560 0.203971177 0.934876025
1662064605852802560.000000 -0.372325897 -1.194138885 2.801232576 0.039811928 0.289123178 0.205888197 0.934041202
1662064605897803264.000000 -0.369999468 -1.195368528 2.804313660 0.037545044 0.290583044 0.207243606 0.933382094
1662064605936804352.000000 -0.368810833 -1.197107315 2.807765961 0.036555387 0.292689800 0.206654981 0.932893395
1662064605978804992.000000 -0.366335809 -1.197500944 2.808685541 0.039212443 0.292390943 0.206782430 0.932851017
1662064606020806144.000000 -0.364542127 -1.199336171 2.813323975 0.038598068 0.295534790 0.206527650 0.931941926
1662064606065806848.000000 -0.361437023 -1.201817274 2.816865921 0.037965983 0.297893971 0.209218025 0.930615723
1662064606110807808.000000 -0.358807325 -1.202865601 2.820327044 0.038106348 0.298950732 0.208312184 0.930474341
1662064606155809024.000000 -0.358612239 -1.202860832 2.820770741 0.038395677 0.299019694 0.208439052 0.930411875
1662064606197809664.000000 -0.353744805 -1.206060648 2.827206373 0.039564982 0.301536322 0.209182590 0.929383159
1662064606242810624.000000 -0.351944089 -1.206229329 2.829893112 0.040050671 0.302853078 0.209638983 0.928831279
1662064606287811840.000000 -0.349984646 -1.208737731 2.833602905 0.037602127 0.304408073 0.210036457 0.928335309
1662064606329812480.000000 -0.347228408 -1.209390402 2.837133884 0.040545568 0.305050194 0.209316865 0.928163230
1662064606368813568.000000 -0.345194876 -1.212033272 2.839779615 0.040136408 0.306667030 0.210096538 0.927471817
1662064606413814272.000000 -0.342120349 -1.213252783 2.842992544 0.040998574 0.307519227 0.210718200 0.927010775
1662064606452815360.000000 -0.341286361 -1.215123892 2.846122503 0.037957281 0.309046566 0.210470513 0.926688552
1662064606491815936.000000 -0.339258671 -1.215892553 2.849088192 0.037887957 0.309674501 0.210870728 0.926390767
1662064606533817088.000000 -0.336693525 -1.216932654 2.851743698 0.039551795 0.310349613 0.210377589 0.926207364
1662064606578817792.000000 -0.335139334 -1.217987537 2.855164051 0.041517310 0.312055618 0.209956169 0.925643623
1662064606620818944.000000 -0.332069933 -1.221070886 2.859738588 0.040765226 0.313220531 0.209890515 0.925298393
1662064606668819968.000000 -0.328656733 -1.221957684 2.861987114 0.038524352 0.311905652 0.210647807 0.925666451
1662064606710820608.000000 -0.327563107 -1.224000573 2.865376472 0.039116114 0.313609421 0.210279316 0.925149560
1662064606752821760.000000 -0.324458241 -1.225032091 2.868574381 0.040983804 0.314075112 0.209737659 0.925033689
1662064606794822400.000000 -0.322534442 -1.226573348 2.871625900 0.041429833 0.314904064 0.210038915 0.924663603
1662064606836823552.000000 -0.320878625 -1.228019238 2.874099016 0.041970871 0.315960974 0.209239915 0.924459755
1662064606881824256.000000 -0.317448974 -1.229464054 2.878100395 0.040993240 0.315308779 0.210247546 0.924497664
1662064606923825152.000000 -0.315205038 -1.229819179 2.881958246 0.043053038 0.315613180 0.208630338 0.924666524
1662064606968826368.000000 -0.313686371 -1.231358171 2.882988691 0.041958895 0.315522969 0.209703356 0.924504876
1662064607010827008.000000 -0.311244249 -1.231966853 2.885885954 0.043211713 0.315298915 0.208788693 0.924730659
1662064607055827968.000000 -0.307882011 -1.234854221 2.890851974 0.040939957 0.315500587 0.209140971 0.924685538
1662064607100829184.000000 -0.305382550 -1.235445499 2.893677473 0.042616233 0.315426558 0.208747879 0.924723923
1662064607142829824.000000 -0.305335402 -1.236348271 2.894608259 0.042477671 0.315687209 0.208479211 0.924701989
1662064607187831040.000000 -0.301374376 -1.237608194 2.899630308 0.044679165 0.315474898 0.207206309 0.924956739
1662064607229831680.000000 -0.298594475 -1.239606857 2.902949572 0.041575462 0.314811289 0.208275124 0.925087452
1662064607271832832.000000 -0.297375858 -1.240782976 2.905893087 0.043513693 0.315841436 0.206940234 0.924946785
1662064607316833792.000000 -0.294373691 -1.242613673 2.908517838 0.043617457 0.314761430 0.207290620 0.925231516
1662064607358834432.000000 -0.292863905 -1.243294477 2.910971642 0.044342455 0.314491898 0.206785679 0.925401747
1662064607406835456.000000 -0.289258182 -1.244807124 2.915075541 0.042268954 0.313138664 0.206590652 0.926000953
1662064607448836608.000000 -0.286687970 -1.245879173 2.917061090 0.043472189 0.312781513 0.205994159 0.926198840
1662064607493837312.000000 -0.284173131 -1.247123480 2.921110153 0.043775130 0.312320530 0.204736665 0.926618874
1662064607535838464.000000 -0.282244623 -1.248195410 2.923719645 0.041529939 0.311347216 0.204584390 0.927083373
1662064607577839104.000000 -0.279812217 -1.249577999 2.926313162 0.043617848 0.311267316 0.203553513 0.927241147
1662064607619840256.000000 -0.278021753 -1.249679923 2.929033756 0.045197684 0.311036259 0.202661857 0.927438259
1662064607664841216.000000 -0.275563836 -1.250869870 2.931260347 0.044403095 0.309692949 0.202478558 0.927966118
1662064607709841920.000000 -0.272337079 -1.251832128 2.935270309 0.043095697 0.307764083 0.202291042 0.928710103
1662064607751843072.000000 -0.269124448 -1.253120422 2.938636303 0.044881139 0.306502968 0.201030433 0.929316103
1662064607790843648.000000 -0.267322242 -1.253787756 2.940507412 0.045045070 0.306347072 0.200179368 0.929543257
1662064607829844480.000000 -0.265542984 -1.255433321 2.943064213 0.045047026 0.304946810 0.200279012 0.929982066
1662064607871845376.000000 -0.263246715 -1.255523086 2.945625305 0.043829028 0.303730220 0.199412778 0.930624366
1662064607910846208.000000 -0.260936797 -1.257491946 2.947939396 0.044024583 0.302764177 0.198856354 0.931048810
1662064607958847232.000000 -0.257564008 -1.258207560 2.951480627 0.045568924 0.301156521 0.197165057 0.931855202
1662064608003848192.000000 -0.255209923 -1.258983135 2.955088139 0.045632418 0.299748033 0.196819559 0.932379186
1662064608048849408.000000 -0.253252089 -1.259264469 2.957917929 0.045159224 0.298332810 0.196365461 0.932951689
1662064608090850048.000000 -0.251138628 -1.259931087 2.960405111 0.043582663 0.296469659 0.196430653 0.933606625
1662064608135851264.000000 -0.247610211 -1.260370851 2.963719845 0.045235906 0.295250088 0.194864899 0.934242368
1662064608177851904.000000 -0.245322883 -1.261939168 2.966726065 0.045727812 0.293261230 0.193137437 0.935203075
1662064608219852800.000000 -0.242924809 -1.261793852 2.969306469 0.045403060 0.290526837 0.193319589 0.936034322
1662064608267854080.000000 -0.240038335 -1.262557030 2.972586632 0.044087376 0.288718641 0.192906216 0.936741710
1662064608312855040.000000 -0.237295806 -1.263408303 2.975871563 0.045693442 0.287180930 0.191614300 0.937402368
1662064608354855680.000000 -0.234723449 -1.263723493 2.978458643 0.046894558 0.285153359 0.190400586 0.938208997
1662064608396856832.000000 -0.232854784 -1.264267445 2.980479717 0.047150910 0.283607870 0.189166158 0.938914061
1662064608441857536.000000 -0.229979336 -1.264396429 2.984144211 0.046516567 0.281242788 0.188426554 0.939805448
1662064608486858496.000000 -0.228379607 -1.264704108 2.987177134 0.048036125 0.280390978 0.187182486 0.940231979
1662064608528859392.000000 -0.226107299 -1.265241861 2.988761902 0.048193198 0.278101712 0.186941639 0.940951467
1662064608570860288.000000 -0.222653061 -1.267088532 2.991721869 0.047356497 0.275113732 0.184964463 0.942262173
1662064608615861504.000000 -0.220200598 -1.266484618 2.994274616 0.046144493 0.271934271 0.184246764 0.943385184
1662064608657862144.000000 -0.217366487 -1.266538143 2.998323202 0.046134133 0.269466221 0.184083760 0.944125414
1662064608699863296.000000 -0.215621740 -1.266940951 3.001210213 0.048050534 0.268327177 0.182656154 0.944631398
1662064608744864000.000000 -0.213162452 -1.267802715 3.003567696 0.047910083 0.266034931 0.180887580 0.945626676
1662064608786864896.000000 -0.210889101 -1.268716455 3.005911112 0.047802128 0.263897568 0.179610297 0.946474075
1662064608828866048.000000 -0.208370268 -1.268687248 3.009415627 0.046667162 0.260749668 0.179488093 0.947425902
1662064608870866688.000000 -0.206669211 -1.269384146 3.011874199 0.047875535 0.259316087 0.177570254 0.948120236
1662064608915867904.000000 -0.204269320 -1.269637823 3.014952183 0.048547719 0.256553710 0.176187769 0.949094951
1662064608957868544.000000 -0.202819109 -1.269961596 3.017376423 0.049294718 0.254942358 0.174997285 0.949710727
1662064608999869696.000000 -0.199949920 -1.270193696 3.020503759 0.048174024 0.251550466 0.174047291 0.950846553
1662064609038870272.000000 -0.198391020 -1.270081758 3.022853851 0.046829756 0.248712748 0.173502833 0.951759338
1662064609083871488.000000 -0.195762008 -1.270972013 3.025725126 0.047977611 0.246464550 0.171741366 0.952606082
1662064609128872448.000000 -0.193925649 -1.271099091 3.028789282 0.049362965 0.244052023 0.170168474 0.953438342
1662064609170873088.000000 -0.190891623 -1.271475315 3.031623840 0.049151588 0.241022363 0.168879092 0.954448700
1662064609212874240.000000 -0.189186066 -1.271990299 3.033903122 0.046587124 0.238184124 0.168168515 0.955414772
1662064609254874880.000000 -0.187024146 -1.271918893 3.036713362 0.047892775 0.235597312 0.167389184 0.956128180
1662064609299876096.000000 -0.185658753 -1.272407174 3.038298845 0.048529375 0.234016687 0.166270196 0.956679404
1662064609341876736.000000 -0.182507485 -1.272457600 3.042105436 0.048868734 0.230019152 0.163926870 0.958034992
1662064609386877696.000000 -0.180453002 -1.272225261 3.044781446 0.049286246 0.227244124 0.162693545 0.958885729
1662064609428878848.000000 -0.178528368 -1.272627592 3.047647238 0.047172140 0.224359512 0.162440524 0.959713876
1662064609470879488.000000 -0.176878512 -1.272842050 3.050535679 0.048730642 0.222329333 0.160554007 0.960425675
1662064609515880704.000000 -0.174248576 -1.272714853 3.053171873 0.049015082 0.218785793 0.159784585 0.961352766
1662064609560881664.000000 -0.172799140 -1.272428036 3.055907011 0.050244369 0.216461658 0.158378437 0.962047935
1662064609605882368.000000 -0.172535628 -1.272501349 3.055746794 0.049999312 0.216472968 0.158319920 0.962067783
1662064609653883392.000000 -0.168627620 -1.272475362 3.061782122 0.047725424 0.209593207 0.155953825 0.964091003
1662064609698884608.000000 -0.166132838 -1.272499800 3.065182447 0.049353022 0.206255391 0.153952226 0.965050161
1662064609740885248.000000 -0.164295226 -1.273047805 3.067627668 0.048471667 0.203930050 0.152527153 0.965814948
1662064609785886208.000000 -0.163373679 -1.272221208 3.070265055 0.050938886 0.201721668 0.151331082 0.966339767
1662064609827887360.000000 -0.161753595 -1.271914124 3.073350191 0.049103569 0.198579073 0.150064662 0.967282712
1662064609869888000.000000 -0.159145206 -1.272031426 3.076316833 0.049057800 0.194563240 0.149668559 0.968162119
1662064609917889024.000000 -0.156528309 -1.272191525 3.079601049 0.049991094 0.191007465 0.147298306 0.969185352
1662064609956889856.000000 -0.155015886 -1.271690488 3.082336187 0.050712328 0.188223004 0.146484584 0.969815791
1662064610001890816.000000 -0.153364971 -1.272250772 3.084474564 0.049080718 0.185718194 0.145811006 0.970483899
1662064610043891968.000000 -0.151607513 -1.272181034 3.087651968 0.050356381 0.183280617 0.144094765 0.971138060
1662064610082892544.000000 -0.150256857 -1.271816492 3.089572668 0.051375680 0.180884510 0.142632216 0.971749663
1662064610124893440.000000 -0.149148613 -1.272130966 3.092599869 0.051263560 0.177888975 0.140243426 0.972655833
1662064610166894336.000000 -0.147903815 -1.271723986 3.095010996 0.048993509 0.175201803 0.139981881 0.973298013
1662064610208895488.000000 -0.146159396 -1.272172809 3.097749233 0.048184659 0.172138736 0.139088660 0.974012852
1662064610250896128.000000 -0.144311726 -1.271646857 3.101353645 0.050665218 0.169055358 0.135792866 0.974891603
1662064610292897280.000000 -0.143123880 -1.271757722 3.103524923 0.050195530 0.167264849 0.135878071 0.975212872
1662064610334897920.000000 -0.141239047 -1.271496058 3.106453419 0.050711963 0.163283601 0.133530870 0.976184547
1662064610376899072.000000 -0.140290722 -1.271284461 3.108596087 0.050516367 0.161178395 0.131835252 0.976774871
1662064610418899712.000000 -0.138684720 -1.271268368 3.111207962 0.051370222 0.157880813 0.131265253 0.977345467
1662064610463900928.000000 -0.136851341 -1.270841002 3.114455223 0.052478418 0.154674053 0.130601361 0.977888167
1662064610505901568.000000 -0.135128260 -1.270566106 3.118055344 0.052488014 0.151039898 0.128077358 0.978789151
1662064610547902464.000000 -0.134003133 -1.270205498 3.120668411 0.052802332 0.147972599 0.126761705 0.979411900
1662064610589903360.000000 -0.132647514 -1.270263553 3.123394966 0.050448552 0.145025775 0.125434667 0.980147302
1662064610634904320.000000 -0.131749257 -1.270146728 3.126098871 0.051869661 0.143588409 0.123569086 0.980521619
1662064610676905472.000000 -0.129665583 -1.270142794 3.129048347 0.052286718 0.139126509 0.122351117 0.981295109
1662064610715906048.000000 -0.128644958 -1.269554734 3.131305218 0.054446630 0.136193916 0.120590374 0.981806934
1662064610760907264.000000 -0.127480000 -1.269653678 3.134244442 0.051907651 0.134230539 0.119995646 0.982287586
1662064610805907968.000000 -0.125610292 -1.269745827 3.137873650 0.052607216 0.130298018 0.117905721 0.983032644
1662064610850908928.000000 -0.124617882 -1.269884229 3.139367819 0.053320132 0.128152266 0.116311327 0.983466208
1662064610889910016.000000 -0.123369642 -1.269852042 3.142968655 0.053025417 0.125604481 0.115947865 0.983853579
1662064610931910656.000000 -0.122270316 -1.269746184 3.146111488 0.051884819 0.123010278 0.113834508 0.984488785
1662064610976911872.000000 -0.121176936 -1.269605875 3.148573399 0.051310141 0.119961232 0.112945557 0.984997392
1662064611021912576.000000 -0.120616905 -1.269312263 3.150366783 0.053449720 0.118692406 0.112369634 0.985103250
1662064611066913536.000000 -0.118258253 -1.269342065 3.154737949 0.052703641 0.114008032 0.110174775 0.985944211
1662064611111914752.000000 -0.117429554 -1.269519091 3.157964706 0.052088313 0.111675985 0.108408317 0.986439526
1662064611153915392.000000 -0.115768395 -1.269294500 3.161321402 0.050618134 0.107463919 0.108038865 0.987024248
1662064611198916352.000000 -0.114975400 -1.268698573 3.163969517 0.052559886 0.105764069 0.106023028 0.987324953
1662064611240917504.000000 -0.113831118 -1.268867731 3.166990042 0.052136138 0.103560381 0.105499640 0.987637043
1662064611282918144.000000 -0.112933949 -1.268854380 3.169187307 0.051382724 0.101384111 0.104428105 0.988016188
1662064611321918976.000000 -0.111917861 -1.268800259 3.172832727 0.050015874 0.098361537 0.103168733 0.988523960
1662064611363919872.000000 -0.111020520 -1.268839002 3.174891949 0.049963687 0.096638866 0.100250222 0.988996744
1662064611402920704.000000 -0.109690666 -1.268372893 3.178644896 0.051074412 0.093431905 0.099757776 0.989297867
1662064611447921664.000000 -0.109070957 -1.268049002 3.180091381 0.051725797 0.091317460 0.100366332 0.989399910
1662064611495922688.000000 -0.107562676 -1.268050313 3.184966564 0.052999053 0.088663943 0.096917517 0.989917576
1662064611537923584.000000 -0.106867619 -1.267981887 3.187703133 0.050226223 0.086112998 0.095673718 0.990408242
1662064611579924480.000000 -0.106039926 -1.268031478 3.190230608 0.051012795 0.083955429 0.094525784 0.990663469
1662064611627925760.000000 -0.105372265 -1.267889500 3.193392038 0.052521806 0.081836127 0.093176164 0.990889788
1662064611666926336.000000 -0.104620002 -1.268264651 3.195943594 0.052626863 0.079625696 0.091319337 0.991237104
1662064611708927488.000000 -0.103978917 -1.268219233 3.198233128 0.050571699 0.078032196 0.090178028 0.991575241
1662064611753928192.000000 -0.102880307 -1.268187642 3.201690197 0.050802778 0.074959800 0.089860998 0.991829157
1662064611795929088.000000 -0.102623999 -1.268437743 3.204067945 0.050775684 0.074734263 0.087760143 0.992035687
1662064611843930368.000000 -0.101355411 -1.268325329 3.208204985 0.051604144 0.071423061 0.086915828 0.992311120
1662064611885931008.000000 -0.101435065 -1.268388987 3.208140373 0.051502064 0.071784317 0.086747058 0.992305160
1662064611924932096.000000 -0.099910699 -1.268234730 3.214809895 0.049997069 0.067351803 0.085128032 0.992832959
1662064611969932800.000000 -0.099426299 -1.268157244 3.217190742 0.052131038 0.065487906 0.084836073 0.992872953
1662064612017933824.000000 -0.098650530 -1.268340230 3.219364882 0.051186863 0.063822515 0.083412021 0.993151069
1662064612059934976.000000 -0.097927451 -1.268061638 3.222487688 0.051533919 0.060791470 0.083600082 0.993307471
1662064612104935936.000000 -0.097438134 -1.268453598 3.224642038 0.048284668 0.059772741 0.082063518 0.993660629
1662064612149936640.000000 -0.096915334 -1.268453956 3.226917028 0.048229869 0.058586452 0.081874087 0.993749619
1662064612194937600.000000 -0.096378520 -1.268592715 3.230251789 0.049721241 0.057988882 0.079464063 0.993906736
1662064612233938432.000000 -0.096026167 -1.268921971 3.233354568 0.049971383 0.057887837 0.076312900 0.994147062
1662064612278939392.000000 -0.095795140 -1.268292069 3.233464956 0.049764935 0.056309376 0.078409180 0.994084895
1662064612326940416.000000 -0.092946649 -1.268654346 3.236559391 0.045967810 0.052380498 0.077877820 0.994524240
1662064612371941632.000000 -0.092705056 -1.268528104 3.242027760 0.049504612 0.051453311 0.076822601 0.994484901
1662064612410942208.000000 -0.092372581 -1.269004107 3.245061398 0.050532047 0.050103538 0.075995758 0.994565725
1662064612452943360.000000 -0.091095246 -1.269532800 3.247762680 0.049043778 0.048911240 0.074291110 0.994828284
1662064612491944192.000000 -0.090218052 -1.269975662 3.249329567 0.046306156 0.049224079 0.072927438 0.995044947
1662064612530944768.000000 -0.090157449 -1.269791245 3.254268408 0.049097311 0.047457583 0.071709514 0.995085418
1662064612569945856.000000 -0.088026017 -1.271080613 3.254158020 0.047283191 0.045867134 0.070556641 0.995330215
1662064612614946560.000000 -0.087473832 -1.269957304 3.256224871 0.047353465 0.044188924 0.070982933 0.995372534
1662064612659947520.000000 -0.087730885 -1.268522620 3.260241032 0.047938738 0.043294720 0.070521966 0.995416582
1662064612704948736.000000 -0.091011062 -1.269945264 3.268933296 0.045854978 0.045148857 0.068766370 0.995555222
1662064612749949440.000000 -0.090804480 -1.270156980 3.269555330 0.047281843 0.043813560 0.068589762 0.995560288
1662064612788950528.000000 -0.090979964 -1.270008326 3.270142555 0.043888580 0.042531222 0.070050366 0.995669544
1662064612833951232.000000 -0.091013357 -1.270696640 3.269467354 0.043638982 0.042526744 0.070026889 0.995682418
1662064612875952128.000000 -0.083228737 -1.265015602 3.263033867 0.022240581 0.025252804 0.083084352 0.995974243
1662064612875952128.000000 -0.083228737 -1.265015602 3.263033867 0.022240581 0.025252804 0.083084352 0.995974243
1662064612875952128.000000 -0.083228737 -1.265015602 3.263033867 0.022240581 0.025252804 0.083084352 0.995974243
1662064612875952128.000000 -0.083228737 -1.265015602 3.263033867 0.022240581 0.025252804 0.083084352 0.995974243
1662064612875952128.000000 -0.083228737 -1.265015602 3.263033867 0.022240581 0.025252804 0.083084352 0.995974243
1662064612875952128.000000 -0.083228737 -1.265015602 3.263033867 0.022240581 0.025252804 0.083084352 0.995974243
1662064612875952128.000000 -0.083228737 -1.265015602 3.263033867 0.022240581 0.025252804 0.083084352 0.995974243
1662064612875952128.000000 -0.083228737 -1.265015602 3.263033867 0.022240581 0.025252804 0.083084352 0.995974243
1662064612875952128.000000 -0.083228737 -1.265015602 3.263033867 0.022240581 0.025252804 0.083084352 0.995974243
1662064612875952128.000000 -0.083228737 -1.265015602 3.263033867 0.022240581 0.025252804 0.083084352 0.995974243
1662064612875952128.000000 -0.083228737 -1.265015602 3.263033867 0.022240581 0.025252804 0.083084352 0.995974243
1662064612875952128.000000 -0.083228737 -1.265015602 3.263033867 0.022240581 0.025252804 0.083084352 0.995974243
1662064612875952128.000000 -0.083228737 -1.265015602 3.263033867 0.022240581 0.025252804 0.083084352 0.995974243
1662064612875952128.000000 -0.083228737 -1.265015602 3.263033867 0.022240581 0.025252804 0.083084352 0.995974243
1662064612875952128.000000 -0.083228737 -1.265015602 3.263033867 0.022240581 0.025252804 0.083084352 0.995974243
1662064612875952128.000000 -0.083228737 -1.265015602 3.263033867 0.022240581 0.025252804 0.083084352 0.995974243
1662064612875952128.000000 -0.083228737 -1.265015602 3.263033867 0.022240581 0.025252804 0.083084352 0.995974243
1662064612875952128.000000 -0.083228737 -1.265015602 3.263033867 0.022240581 0.025252804 0.083084352 0.995974243
1662064612875952128.000000 -0.083228737 -1.265015602 3.263033867 0.022240581 0.025252804 0.083084352 0.995974243
1662064612875952128.000000 -0.083228737 -1.265015602 3.263033867 0.022240581 0.025252804 0.083084352 0.995974243
1662064612875952128.000000 -0.083228737 -1.265015602 3.263033867 0.022240581 0.025252804 0.083084352 0.995974243
1662064612875952128.000000 -0.083228737 -1.265015602 3.263033867 0.022240581 0.025252804 0.083084352 0.995974243
1662064612875952128.000000 -0.083228737 -1.265015602 3.263033867 0.022240581 0.025252804 0.083084352 0.995974243
1662064612875952128.000000 -0.083228737 -1.265015602 3.263033867 0.022240581 0.025252804 0.083084352 0.995974243
1662064612875952128.000000 -0.083228737 -1.265015602 3.263033867 0.022240581 0.025252804 0.083084352 0.995974243
1662064612875952128.000000 -0.083228737 -1.265015602 3.263033867 0.022240581 0.025252804 0.083084352 0.995974243
1662064612875952128.000000 -0.083228737 -1.265015602 3.263033867 0.022240581 0.025252804 0.083084352 0.995974243
1662064612875952128.000000 -0.083228737 -1.265015602 3.263033867 0.022240581 0.025252804 0.083084352 0.995974243
1662064612875952128.000000 -0.083228737 -1.265015602 3.263033867 0.022240581 0.025252804 0.083084352 0.995974243
1662064612875952128.000000 -0.083228737 -1.265015602 3.263033867 0.022240581 0.025252804 0.083084352 0.995974243
1662064612875952128.000000 -0.083228737 -1.265015602 3.263033867 0.022240581 0.025252804 0.083084352 0.995974243
1662064612875952128.000000 -0.083228737 -1.265015602 3.263033867 0.022240581 0.025252804 0.083084352 0.995974243
1662064612875952128.000000 -0.083228737 -1.265015602 3.263033867 0.022240581 0.025252804 0.083084352 0.995974243
1662064612875952128.000000 -0.083228737 -1.265015602 3.263033867 0.022240581 0.025252804 0.083084352 0.995974243
1662064612875952128.000000 -0.083228737 -1.265015602 3.263033867 0.022240581 0.025252804 0.083084352 0.995974243
1662064612875952128.000000 -0.083228737 -1.265015602 3.263033867 0.022240581 0.025252804 0.083084352 0.995974243
1662064612875952128.000000 -0.083228737 -1.265015602 3.263033867 0.022240581 0.025252804 0.083084352 0.995974243
1662064612875952128.000000 -0.083228737 -1.265015602 3.263033867 0.022240581 0.025252804 0.083084352 0.995974243
1662064612875952128.000000 -0.083228737 -1.265015602 3.263033867 0.022240581 0.025252804 0.083084352 0.995974243
1662064612875952128.000000 -0.083228737 -1.265015602 3.263033867 0.022240581 0.025252804 0.083084352 0.995974243
1662064612875952128.000000 -0.083228737 -1.265015602 3.263033867 0.022240581 0.025252804 0.083084352 0.995974243
1662064612875952128.000000 -0.083228737 -1.265015602 3.263033867 0.022240581 0.025252804 0.083084352 0.995974243
1662064612875952128.000000 -0.083228737 -1.265015602 3.263033867 0.022240581 0.025252804 0.083084352 0.995974243
1662064612875952128.000000 -0.083228737 -1.265015602 3.263033867 0.022240581 0.025252804 0.083084352 0.995974243
1662064612875952128.000000 -0.083228737 -1.265015602 3.263033867 0.022240581 0.025252804 0.083084352 0.995974243
1662064612875952128.000000 -0.083228737 -1.265015602 3.263033867 0.022240581 0.025252804 0.083084352 0.995974243
1662064612875952128.000000 -0.083228737 -1.265015602 3.263033867 0.022240581 0.025252804 0.083084352 0.995974243
1662064612875952128.000000 -0.083228737 -1.265015602 3.263033867 0.022240581 0.025252804 0.083084352 0.995974243
1662064612875952128.000000 -0.083228737 -1.265015602 3.263033867 0.022240581 0.025252804 0.083084352 0.995974243
1662064612875952128.000000 -0.083228737 -1.265015602 3.263033867 0.022240581 0.025252804 0.083084352 0.995974243
1662064612875952128.000000 -0.083228737 -1.265015602 3.263033867 0.022240581 0.025252804 0.083084352 0.995974243
1662064612875952128.000000 -0.083228737 -1.265015602 3.263033867 0.022240581 0.025252804 0.083084352 0.995974243
1662064612875952128.000000 -0.083228737 -1.265015602 3.263033867 0.022240581 0.025252804 0.083084352 0.995974243
1662064612875952128.000000 -0.083228737 -1.265015602 3.263033867 0.022240581 0.025252804 0.083084352 0.995974243
1662064612875952128.000000 -0.083228737 -1.265015602 3.263033867 0.022240581 0.025252804 0.083084352 0.995974243
1662064612875952128.000000 -0.083228737 -1.265015602 3.263033867 0.022240581 0.025252804 0.083084352 0.995974243
1662064612875952128.000000 -0.083228737 -1.265015602 3.263033867 0.022240581 0.025252804 0.083084352 0.995974243
1662064612875952128.000000 -0.083228737 -1.265015602 3.263033867 0.022240581 0.025252804 0.083084352 0.995974243
1662064612875952128.000000 -0.083228737 -1.265015602 3.263033867 0.022240581 0.025252804 0.083084352 0.995974243
1662064612875952128.000000 -0.083228737 -1.265015602 3.263033867 0.022240581 0.025252804 0.083084352 0.995974243
1662064612875952128.000000 -0.083228737 -1.265015602 3.263033867 0.022240581 0.025252804 0.083084352 0.995974243
1662064612875952128.000000 -0.083228737 -1.265015602 3.263033867 0.022240581 0.025252804 0.083084352 0.995974243
1662064612875952128.000000 -0.083228737 -1.265015602 3.263033867 0.022240581 0.025252804 0.083084352 0.995974243
1662064612875952128.000000 -0.083228737 -1.265015602 3.263033867 0.022240581 0.025252804 0.083084352 0.995974243
1662064612875952128.000000 -0.083228737 -1.265015602 3.263033867 0.022240581 0.025252804 0.083084352 0.995974243
1662064612875952128.000000 -0.083228737 -1.265015602 3.263033867 0.022240581 0.025252804 0.083084352 0.995974243
1662064612875952128.000000 -0.083228737 -1.265015602 3.263033867 0.022240581 0.025252804 0.083084352 0.995974243
1662064612875952128.000000 -0.083228737 -1.265015602 3.263033867 0.022240581 0.025252804 0.083084352 0.995974243
1662064612875952128.000000 -0.083228737 -1.265015602 3.263033867 0.022240581 0.025252804 0.083084352 0.995974243
1662064612875952128.000000 -0.083228737 -1.265015602 3.263033867 0.022240581 0.025252804 0.083084352 0.995974243
