1662064579515240704.000000 0.011888538 -0.005077112 0.024260947 -0.001229204 -0.007962925 -0.002103349 0.999965310
1662064579557241344.000000 0.014478552 -0.009095223 0.038304549 0.000858737 -0.008736155 -0.005995671 0.999943554
1662064579599242496.000000 0.018825140 -0.009324177 0.038235679 0.000543823 -0.010675716 -0.004595077 0.999932349
1662064579638243072.000000 0.021144880 -0.011272728 0.045144562 0.001348832 -0.011353965 -0.005453078 0.999919772
1662064579680243968.000000 0.024677671 -0.011662575 0.052636452 0.002255833 -0.012434618 -0.005964632 0.999902368
1662064579728244992.000000 0.029151781 -0.012480943 0.060538583 0.001373372 -0.013666613 -0.006240322 0.999886215
1662064579773245952.000000 0.033242252 -0.016510444 0.069860540 0.001666153 -0.014095435 -0.006902534 0.999875486
1662064579815247104.000000 0.037244029 -0.018871296 0.076192789 0.003251825 -0.014916530 -0.007871704 0.999852479
1662064579860247808.000000 0.041792504 -0.020380452 0.085336983 0.004556218 -0.015273499 -0.008890687 0.999833465
1662064579902248960.000000 0.044904169 -0.021421464 0.092274174 0.005694679 -0.014985752 -0.009606197 0.999825358
1662064579944249600.000000 0.048935834 -0.022800043 0.101149186 0.005251790 -0.014620506 -0.009027358 0.999838591
1662064579986250752.000000 0.051148959 -0.025358666 0.108468235 0.003134856 -0.014100326 -0.008669385 0.999858081
1662064580028251392.000000 0.055321246 -0.027065920 0.117254436 0.005807686 -0.013630842 -0.009843293 0.999841809
1662064580067252480.000000 0.059528515 -0.030092703 0.125127926 0.006699097 -0.013090087 -0.010047286 0.999841392
1662064580112253184.000000 0.062244467 -0.030407539 0.128745630 0.007397402 -0.012973287 -0.010199057 0.999836504
1662064580151254272.000000 0.067118332 -0.034202777 0.141664505 0.006315836 -0.011344410 -0.009727713 0.999868393
1662064580190254848.000000 0.069414482 -0.038579363 0.149502128 0.005473742 -0.010005971 -0.010255842 0.999882400
1662064580229255680.000000 0.075213268 -0.039288592 0.158248693 0.009181719 -0.009409367 -0.010520796 0.999858260
1662064580271256576.000000 0.078170858 -0.043879420 0.167280078 0.009263543 -0.007726250 -0.010179326 0.999875486
1662064580310257408.000000 0.083140768 -0.045273796 0.174673721 0.010451764 -0.006960615 -0.011071655 0.999859869
1662064580352258560.000000 0.086292848 -0.049343336 0.182437137 0.010045829 -0.005026639 -0.011834823 0.999866903
1662064580394259200.000000 0.091107562 -0.050730515 0.190364704 0.010771685 -0.004157195 -0.011404125 0.999868333
1662064580442260224.000000 0.095543608 -0.054760974 0.200627193 0.008913487 -0.002223615 -0.011010098 0.999897182
1662064580484261376.000000 0.101766750 -0.057259992 0.210017145 0.010829463 -0.000754292 -0.010583770 0.999885082
1662064580526262016.000000 0.106778271 -0.057900615 0.218604267 0.013890304 0.001331487 -0.010463732 0.999847889
1662064580568263168.000000 0.110858701 -0.059611373 0.228073329 0.015158995 0.003054780 -0.011419842 0.999815226
1662064580610263808.000000 0.113715746 -0.063155569 0.233323127 0.012035976 0.004162230 -0.010537792 0.999863386
1662064580655264768.000000 0.118256517 -0.067725331 0.245752648 0.014004929 0.007685727 -0.010560543 0.999816597
1662064580697265920.000000 0.123455949 -0.070364207 0.254730433 0.015559178 0.009381591 -0.010474971 0.999780118
1662064580739266560.000000 0.127449185 -0.074151278 0.265166551 0.017169582 0.012612788 -0.010347153 0.999719501
1662064580781267712.000000 0.130385846 -0.078292266 0.276330501 0.017798018 0.016431062 -0.010256045 0.999653995
1662064580823268352.000000 0.134227008 -0.081610076 0.284810454 0.018138995 0.018027559 -0.010163263 0.999621332
1662064580868269568.000000 0.139111519 -0.086056389 0.295964479 0.015544603 0.021203846 -0.008821407 0.999615431
1662064580916270592.000000 0.144165501 -0.090110503 0.307984143 0.017673330 0.024255380 -0.008924305 0.999509752
1662064580955271168.000000 0.145707190 -0.092085995 0.312644511 0.019002028 0.025925597 -0.008216992 0.999449551
1662064581000272384.000000 0.150997102 -0.098462105 0.327319145 0.020103285 0.030284369 -0.007823011 0.999308527
1662064581045273344.000000 0.154161230 -0.102228865 0.337784290 0.020509124 0.033605225 -0.007349590 0.999197721
1662064581087273984.000000 0.158485502 -0.105669133 0.348487288 0.020042567 0.036603861 -0.006560241 0.999107301
1662064581135275008.000000 0.160650387 -0.106984131 0.358376235 0.021168530 0.040210359 -0.006209494 0.998947740
1662064581177275904.000000 0.165403038 -0.114918396 0.368451267 0.021153161 0.042747475 -0.005561455 0.998846471
1662064581222276864.000000 0.168081671 -0.118749917 0.378935665 0.023371460 0.046314433 -0.004598614 0.998642921
1662064581267278080.000000 0.171836913 -0.123126931 0.390371084 0.021039270 0.049798101 -0.004056868 0.998529434
1662064581312279040.000000 0.175576523 -0.125197142 0.400994301 0.022124695 0.053759854 -0.002873102 0.998304665
1662064581357279744.000000 0.176679730 -0.128733650 0.404711246 0.023150962 0.054212909 -0.003235623 0.998255730
1662064581399280896.000000 0.183732182 -0.134418800 0.421932846 0.027262064 0.058741171 -0.003013266 0.997896433
1662064581441281536.000000 0.184268966 -0.138855100 0.431143910 0.025762176 0.062238619 -0.002754095 0.997724950
1662064581489282560.000000 0.187265322 -0.143751130 0.442607909 0.023859421 0.066249542 -0.000799902 0.997517467
1662064581531283712.000000 0.189563036 -0.149138600 0.453198850 0.023354767 0.069966935 -0.001066312 0.997275293
1662064581564284416.000000 0.191548288 -0.151568368 0.462246358 0.025883893 0.072486632 -0.000838179 0.997033119
1662064581606285056.000000 0.195322707 -0.155027956 0.470699370 0.027380994 0.073474497 -0.000431792 0.996921062
1662064581651286016.000000 0.197764009 -0.159289181 0.483598143 0.029368389 0.078477651 0.000611105 0.996483028
1662064581690286848.000000 0.201909572 -0.159545958 0.491769135 0.031966548 0.080477804 0.000977162 0.996243179
1662064581732288000.000000 0.203152955 -0.162932068 0.501692235 0.029208764 0.083546653 0.001837253 0.996074021
1662064581777288960.000000 0.202800989 -0.170517340 0.513246655 0.026330957 0.087438352 0.002169648 0.995819569
1662064581816289536.000000 0.207964033 -0.168518782 0.522763789 0.033308554 0.088878997 0.002253585 0.995482802
1662064581861290752.000000 0.208163947 -0.168452248 0.522798300 0.033386316 0.088764891 0.002040452 0.995490849
1662064581903291392.000000 0.210479155 -0.178726435 0.542104542 0.035589606 0.094877772 0.003925600 0.994844794
1662064581945292544.000000 0.212308675 -0.182226822 0.552866518 0.035811853 0.097798899 0.002735876 0.994557917
1662064581987293184.000000 0.214865893 -0.187514365 0.564588189 0.037033100 0.099655874 0.004454569 0.994322598
1662064582032294400.000000 0.215141296 -0.193328187 0.573495209 0.034211077 0.102773540 0.004583950 0.994105697
1662064582068294912.000000 0.218238652 -0.199773416 0.579576135 0.028778957 0.103532888 0.004631225 0.994198799
1662064582113296128.000000 0.223599792 -0.202450618 0.595241487 0.036414333 0.103542969 0.004907178 0.993946075
1662064582152296704.000000 0.225406811 -0.205954105 0.603644311 0.037726089 0.104510359 0.005852162 0.993790746
1662064582194297856.000000 0.225297719 -0.206637189 0.608691752 0.039650049 0.107120775 0.004621602 0.993444383
1662064582239298560.000000 0.223534569 -0.214924008 0.619954109 0.034038022 0.112389088 0.005909663 0.993063629
1662064582278299648.000000 0.228154868 -0.219639301 0.639117479 0.037514057 0.112471230 0.006061573 0.992928088
1662064582320300288.000000 0.227708116 -0.224206761 0.647437692 0.038835153 0.114461996 0.006235646 0.992648721
1662064582365301248.000000 0.228215128 -0.232704669 0.660238802 0.037751481 0.116489284 0.007851182 0.992443144
1662064582404302080.000000 0.230445966 -0.235528290 0.671061873 0.038300648 0.117194541 0.008898531 0.992330313
1662064582446303232.000000 0.228475496 -0.239524409 0.680350959 0.036815632 0.120224252 0.008182360 0.992030144
1662064582485303808.000000 0.228733525 -0.245531395 0.693884850 0.039245050 0.121624455 0.008826896 0.991760790
1662064582536304896.000000 0.228909656 -0.253193289 0.705069542 0.037158433 0.122624695 0.010973193 0.991696537
1662064582578306048.000000 0.232288018 -0.256448627 0.717389941 0.040755007 0.122515917 0.009290989 0.991585851
1662064582620306688.000000 0.231268972 -0.259144068 0.727202535 0.038358495 0.124067470 0.009021636 0.991491079
1662064582665307648.000000 0.231685981 -0.265327781 0.737413406 0.039362267 0.125073284 0.009930731 0.991316676
1662064582707308544.000000 0.234594047 -0.265941471 0.748184681 0.042979177 0.123961307 0.009596827 0.991309404
1662064582752309504.000000 0.232979819 -0.270455182 0.759601951 0.043390159 0.125771299 0.010686457 0.991052330
1662064582794310656.000000 0.231659070 -0.274710804 0.768685400 0.042982835 0.127603307 0.010612530 0.990836620
1662064582839311360.000000 0.234137714 -0.278882682 0.780279934 0.043900162 0.125557020 0.010351794 0.991060555
1662064582881312256.000000 0.234179929 -0.281502396 0.790427208 0.040382523 0.125929251 0.010310141 0.991163373
1662064582923313152.000000 0.235703006 -0.285327762 0.800879896 0.043773774 0.124196544 0.010242584 0.991238713
1662064582965314048.000000 0.235412613 -0.288107425 0.808816969 0.043910533 0.123948656 0.009555014 0.991270602
1662064583007315200.000000 0.234622017 -0.293844819 0.822940707 0.044852506 0.123819731 0.010373208 0.991236269
1662064583058316288.000000 0.234628856 -0.297964305 0.833855331 0.043984473 0.123075105 0.009329269 0.991378248
1662064583100316928.000000 0.233860925 -0.302963287 0.844150186 0.039258495 0.122982077 0.008672457 0.991594195
1662064583145318144.000000 0.232862890 -0.306091458 0.855046928 0.042771403 0.121966571 0.009365546 0.991568029
1662064583187318784.000000 0.232010439 -0.308191121 0.865830600 0.045266509 0.120859690 0.008640482 0.991599321
1662064583229319936.000000 0.232286602 -0.310315579 0.873987615 0.046279468 0.119163997 0.008487543 0.991759121
1662064583274320896.000000 0.230081677 -0.316452354 0.887565970 0.043105759 0.118730046 0.007442980 0.991962552
1662064583319321600.000000 0.229722589 -0.319471061 0.898188531 0.044909529 0.116554722 0.006973941 0.992143929
1662064583364322560.000000 0.228367969 -0.325337827 0.909908533 0.045606226 0.114928402 0.006319390 0.992306232
1662064583409323776.000000 0.227758527 -0.328555077 0.920306265 0.046957191 0.112959132 0.005985205 0.992471397
1662064583454324480.000000 0.227582738 -0.331902236 0.928617656 0.046409193 0.110849239 0.005822354 0.992736042
1662064583499325440.000000 0.225153908 -0.334703326 0.941877544 0.043999348 0.109370098 0.005135071 0.993013561
1662064583544326656.000000 0.223949954 -0.338126898 0.951042116 0.047002915 0.106396496 0.004225821 0.993203223
1662064583589327616.000000 0.221252635 -0.343230814 0.964446247 0.047807846 0.104085550 0.004311125 0.993409276
1662064583631328256.000000 0.220240310 -0.346415758 0.972334266 0.049573619 0.101128936 0.002795247 0.993633509
1662064583676329472.000000 0.218613654 -0.350688875 0.985108614 0.049631808 0.098285139 0.003192638 0.993914783
1662064583715330048.000000 0.217055231 -0.353890121 0.994386494 0.046144661 0.095883846 0.003670469 0.994315624
1662064583760331264.000000 0.213441521 -0.355425894 1.004930735 0.049318068 0.094166197 0.001756586 0.994332612
1662064583802331904.000000 0.211737424 -0.357853234 1.015087843 0.049220089 0.091478653 -0.000070949 0.994589925
1662064583847332864.000000 0.208957732 -0.360852301 1.025725603 0.049765810 0.088247657 -0.000520804 0.994854510
1662064583886333696.000000 0.206592336 -0.362126827 1.034608722 0.051321931 0.085673377 -0.001440997 0.994999528
1662064583928334592.000000 0.204011947 -0.366783142 1.046579480 0.048762247 0.082515672 -0.001730146 0.995394647
1662064583973335808.000000 0.203988701 -0.366713941 1.047657728 0.049074702 0.081550568 -0.001610764 0.995459020
1662064584018336512.000000 0.199925363 -0.372537017 1.065524459 0.050187267 0.075231865 -0.002528488 0.995899141
1662064584063337472.000000 0.196065277 -0.374498308 1.075320840 0.052717566 0.069846682 -0.002803728 0.996159911
1662064584102338304.000000 0.192142591 -0.377033144 1.083617091 0.053120095 0.068885952 -0.003024765 0.996204734
1662064584141339392.000000 0.191698268 -0.377138913 1.086596727 0.054144837 0.066826522 -0.002982338 0.996289968
1662064584183340032.000000 0.190513894 -0.383050948 1.101692200 0.049960680 0.059155107 -0.006658772 0.996975601
1662064584222341120.000000 0.187510580 -0.385263205 1.115036130 0.053087551 0.056007825 -0.006638889 0.996995926
1662064584264341760.000000 0.186583981 -0.388659239 1.120730877 0.052472930 0.050298374 -0.007440104 0.997327089
1662064584309342976.000000 0.180178985 -0.394120574 1.133642077 0.051777143 0.048052985 -0.008209161 0.997468174
1662064584351343616.000000 0.178898111 -0.392869145 1.143413305 0.054779429 0.041682709 -0.010637499 0.997571349
1662064584393344768.000000 0.179370433 -0.391992748 1.151827216 0.052523486 0.036181655 -0.013683270 0.997870207
1662064584435345408.000000 0.172032937 -0.393319905 1.163011909 0.052615277 0.034340102 -0.016149117 0.997893631
1662064584477346304.000000 0.170414507 -0.396623075 1.173248887 0.055458982 0.028490784 -0.015524589 0.997933686
1662064584519347200.000000 0.165496632 -0.399231106 1.183953762 0.055310167 0.025364058 -0.016354626 0.998013020
1662064584561348096.000000 0.162635297 -0.400839031 1.194442749 0.056211565 0.020269739 -0.017709363 0.998056054
1662064584600348928.000000 0.157444641 -0.404280424 1.200623751 0.055142026 0.017401028 -0.018780414 0.998150229
1662064584645349888.000000 0.153577894 -0.405761093 1.214674234 0.054683566 0.011987044 -0.021047391 0.998209953
1662064584690351104.000000 0.149958983 -0.409448445 1.223306179 0.055377156 0.006155459 -0.021479601 0.998215497
1662064584729351680.000000 0.147323683 -0.411955982 1.230607748 0.054536533 0.003051979 -0.021519361 0.998275280
1662064584774352896.000000 0.141957238 -0.412921637 1.242231011 0.056511804 -0.004285405 -0.023266478 0.998121619
1662064584816353536.000000 0.140204996 -0.415073216 1.251095653 0.054082215 -0.009330121 -0.025278680 0.998172879
1662064584861354496.000000 0.134548277 -0.415495485 1.261228323 0.056582276 -0.014319320 -0.025106568 0.997979522
1662064584903355648.000000 0.128886282 -0.419020504 1.269505978 0.056768917 -0.018353388 -0.026730690 0.997860670
1662064584945356288.000000 0.125709295 -0.419586390 1.279999852 0.058429480 -0.024642201 -0.028146332 0.997590363
1662064584990357504.000000 0.120463252 -0.421443075 1.289298773 0.057854600 -0.028632503 -0.029579787 0.997475863
1662064585032358144.000000 0.116235249 -0.423711658 1.298405290 0.054381326 -0.033543453 -0.031909503 0.997446418
1662064585074359296.000000 0.112496026 -0.426183075 1.306689858 0.055863470 -0.038539939 -0.032159805 0.997175872
1662064585116359936.000000 0.110269271 -0.426073134 1.315964103 0.058182687 -0.046018992 -0.033095215 0.996695459
1662064585164360960.000000 0.104936257 -0.428325027 1.327834129 0.058326051 -0.051159009 -0.034097336 0.996402621
1662064585206362112.000000 0.101614177 -0.428635865 1.334697127 0.059771091 -0.056660719 -0.035376322 0.995974660
1662064585248362752.000000 0.096722841 -0.430780113 1.346143007 0.056398515 -0.061153404 -0.037104014 0.995842755
1662064585293363712.000000 0.093368314 -0.431405097 1.355059624 0.055876564 -0.066971011 -0.038103469 0.995460093
1662064585332364544.000000 0.093132429 -0.431057781 1.356748223 0.057438005 -0.068743072 -0.037694436 0.995266020
1662064585377365504.000000 0.086139701 -0.435057372 1.371320963 0.057999242 -0.077434592 -0.039690886 0.994517326
1662064585419366656.000000 0.082865827 -0.434237629 1.378762245 0.059611145 -0.082082160 -0.040959224 0.993997693
1662064585464367360.000000 0.077107310 -0.437486887 1.389732122 0.058357257 -0.088461876 -0.042057369 0.993478835
1662064585509368320.000000 0.074753530 -0.435766011 1.398785949 0.060924143 -0.095030360 -0.043767758 0.992643893
1662064585557369344.000000 0.071045741 -0.438213289 1.399957180 0.059732795 -0.094630577 -0.043923110 0.992747664
1662064585599370240.000000 0.064639330 -0.439613461 1.416851282 0.062211808 -0.105525360 -0.044684611 0.991462290
1662064585641371136.000000 0.057784144 -0.445718288 1.426178098 0.058681607 -0.109668300 -0.046815801 0.991129458
1662064585686372352.000000 0.055152040 -0.443226963 1.435205817 0.060024828 -0.115777619 -0.049300428 0.990233362
1662064585731373056.000000 0.049117986 -0.447844565 1.444367647 0.058075462 -0.120124876 -0.049390674 0.989827216
1662064585779374080.000000 0.045938071 -0.446344376 1.449286938 0.061633337 -0.123673402 -0.050608400 0.989113331
1662064585824375040.000000 0.040739324 -0.448824942 1.458709717 0.061026487 -0.128643751 -0.051981091 0.988445520
1662064585866375936.000000 0.035947360 -0.448589116 1.469459891 0.058948673 -0.133978009 -0.054265644 0.987739980
1662064585914376960.000000 0.029959498 -0.450613856 1.479468822 0.057034243 -0.139091998 -0.054736529 0.987119257
1662064585953378048.000000 0.026771534 -0.452287525 1.487645149 0.059407577 -0.145049721 -0.055522081 0.986077428
1662064586001379072.000000 0.022309236 -0.455206692 1.495897770 0.058739789 -0.149092659 -0.055272061 0.985528290
1662064586043379712.000000 0.017721314 -0.453713298 1.504395843 0.060635850 -0.153447077 -0.056364886 0.984682858
1662064586088380928.000000 0.013962381 -0.458103448 1.512954235 0.056666024 -0.158470288 -0.056525048 0.984114349
1662064586133381888.000000 0.010301307 -0.458443910 1.521908641 0.057227790 -0.163422361 -0.056915406 0.983249128
1662064586175382528.000000 0.005274899 -0.460258067 1.530767560 0.058635853 -0.167672336 -0.057150915 0.982436597
1662064586217383680.000000 0.004783776 -0.459521145 1.534199834 0.059202608 -0.170247450 -0.056440823 0.982000709
1662064586262384384.000000 -0.002901640 -0.461842448 1.544412851 0.060976714 -0.175446570 -0.059131306 0.980817974
1662064586307385344.000000 -0.008269794 -0.463104546 1.553653121 0.057439554 -0.178660601 -0.060507696 0.980367243
1662064586352386560.000000 -0.013582699 -0.464011550 1.562678456 0.057789188 -0.182696775 -0.061781015 0.979523122
1662064586394387200.000000 -0.013243690 -0.464535415 1.562551975 0.058935452 -0.183638960 -0.061404172 0.979302227
1662064586442388224.000000 -0.020460170 -0.468094617 1.575384140 0.058466408 -0.188681126 -0.061032072 0.978394747
1662064586484389376.000000 -0.024890371 -0.467783064 1.585066438 0.060530614 -0.193579480 -0.062105481 0.977244079
1662064586526390016.000000 -0.029514927 -0.469987690 1.591480494 0.058091205 -0.195485175 -0.062471554 0.976989388
1662064586574391040.000000 -0.033166952 -0.470190048 1.598830700 0.057854731 -0.198945522 -0.062935650 0.976274848
1662064586619392256.000000 -0.037455663 -0.471439302 1.608176112 0.058553867 -0.202236027 -0.062647469 0.975575387
1662064586664392960.000000 -0.041000478 -0.472706497 1.614491582 0.058940284 -0.204633251 -0.062574804 0.975056827
1662064586706393856.000000 -0.045842297 -0.474314511 1.622782707 0.059202213 -0.207364902 -0.062719144 0.974454284
1662064586748395008.000000 -0.048295032 -0.473597139 1.629184008 0.058046766 -0.209945604 -0.062891580 0.973960042
1662064586790395648.000000 -0.054949947 -0.476645470 1.637785673 0.058523860 -0.211786747 -0.064183690 0.973448396
1662064586835396864.000000 -0.059781000 -0.478029311 1.644242048 0.058847412 -0.213130355 -0.064126082 0.973139405
1662064586874397440.000000 -0.063589379 -0.478152543 1.652305961 0.059937585 -0.215400085 -0.063328870 0.972625196
1662064586919398656.000000 -0.067592815 -0.478490412 1.660039544 0.058938704 -0.217562929 -0.063576430 0.972188592
1662064586964399616.000000 -0.071430154 -0.480194509 1.666153431 0.055894561 -0.218506694 -0.064086504 0.972123206
1662064587006400256.000000 -0.076147988 -0.480700642 1.672117352 0.056875993 -0.219476327 -0.064463004 0.971822917
1662064587048401408.000000 -0.078269728 -0.481915772 1.678891659 0.057687361 -0.221353844 -0.064029664 0.971377850
1662064587093402112.000000 -0.082846716 -0.483356476 1.686583638 0.058093928 -0.222019017 -0.064110510 0.971196473
1662064587135403264.000000 -0.087022133 -0.484966308 1.694411993 0.057419345 -0.223951519 -0.063653894 0.970822811
1662064587180404224.000000 -0.089412875 -0.485763639 1.700598478 0.055317543 -0.225697905 -0.064176351 0.970506012
1662064587225404928.000000 -0.091766410 -0.485888422 1.702442169 0.055371489 -0.224474385 -0.064287819 0.970779240
1662064587267406080.000000 -0.097456761 -0.488321275 1.715470791 0.056553833 -0.226578623 -0.062827557 0.970317721
1662064587312406784.000000 -0.100373171 -0.489384741 1.721928716 0.057345044 -0.227466136 -0.061867617 0.970125318
1662064587357407744.000000 -0.104907371 -0.490203142 1.729468822 0.057263590 -0.227405012 -0.062195648 0.970123470
1662064587396408832.000000 -0.107640579 -0.490680754 1.735374570 0.054267976 -0.227230653 -0.061838605 0.970359325
1662064587441409536.000000 -0.110995084 -0.491677761 1.742807627 0.055282537 -0.227398604 -0.061691608 0.970272064
1662064587483410688.000000 -0.113639586 -0.492821157 1.748615026 0.056193769 -0.227195576 -0.060951184 0.970314145
1662064587531411712.000000 -0.117812246 -0.493780047 1.757490516 0.056384224 -0.226898029 -0.059579603 0.970457852
1662064587576412416.000000 -0.120877564 -0.494874477 1.764553189 0.056144774 -0.226775676 -0.058642447 0.970557392
1662064587621413376.000000 -0.123891801 -0.495220959 1.770974517 0.056551173 -0.225747794 -0.057659883 0.970832288
1662064587666414592.000000 -0.125902265 -0.496210217 1.778749943 0.055453416 -0.226383984 -0.056598995 0.970809877
1662064587708415232.000000 -0.129821032 -0.497730017 1.781936407 0.056043632 -0.223622844 -0.057606973 0.971356452
1662064587750416384.000000 -0.133669823 -0.498169065 1.790537238 0.056683492 -0.222323313 -0.056340113 0.971691906
1662064587798417408.000000 -0.136381716 -0.499224782 1.798095107 0.056541346 -0.221322238 -0.054843307 0.972014308
1662064587840418048.000000 -0.139148131 -0.499693602 1.805179238 0.056405533 -0.220038965 -0.053330343 0.972397685
1662064587882419200.000000 -0.142108262 -0.501256645 1.810087681 0.053464923 -0.217920467 -0.053740412 0.973018050
1662064587921419776.000000 -0.143959716 -0.501989722 1.814617038 0.053907514 -0.216529846 -0.052536342 0.973369777
1662064587963420928.000000 -0.146068394 -0.502749562 1.822908521 0.054881431 -0.215400070 -0.050928049 0.973651469
1662064588005421568.000000 -0.147718862 -0.503255844 1.829180479 0.054712471 -0.214473516 -0.049834497 0.973922074
1662064588041422336.000000 -0.150566131 -0.503864527 1.834310651 0.053044274 -0.211472929 -0.049223758 0.974701285
1662064588083423488.000000 -0.152898371 -0.504926622 1.840042233 0.053581472 -0.209314287 -0.048539896 0.975172043
1662064588122424064.000000 -0.155843377 -0.506824911 1.847263932 0.053839751 -0.206719831 -0.047836002 0.975745857
1662064588173425152.000000 -0.158660874 -0.508096933 1.853708029 0.053720888 -0.203232795 -0.046840999 0.976532876
1662064588212426240.000000 -0.160732567 -0.509198487 1.860258937 0.053409733 -0.200635031 -0.045373410 0.977156222
1662064588257426944.000000 -0.161687285 -0.509507060 1.865596175 0.053208780 -0.199468955 -0.044517528 0.977445245
1662064588299428096.000000 -0.164478153 -0.511183619 1.872521877 0.050488863 -0.195782572 -0.043480072 0.978381097
1662064588341428736.000000 -0.166336954 -0.511899590 1.878503799 0.051833790 -0.192394376 -0.041814029 0.979055285
1662064588386429696.000000 -0.169141322 -0.513496041 1.885426879 0.051241282 -0.188815549 -0.041135598 0.979811668
1662064588431430912.000000 -0.170481458 -0.513890922 1.892264485 0.051745795 -0.185618430 -0.038872793 0.980488181
1662064588476431616.000000 -0.170691550 -0.516674876 1.898980498 0.050346930 -0.183563992 -0.037821334 0.980988801
1662064588521432576.000000 -0.170418233 -0.516884387 1.904902935 0.051136006 -0.180912212 -0.034718085 0.981555223
1662064588563433728.000000 -0.173311263 -0.517401218 1.909002423 0.049886938 -0.178092435 -0.035482138 0.982107639
1662064588608434432.000000 -0.174628317 -0.518526375 1.914348125 0.048639454 -0.174046651 -0.033765916 0.982955694
1662064588647435520.000000 -0.177026376 -0.520194709 1.925115585 0.049620949 -0.168518633 -0.031586669 0.983941853
1662064588689436160.000000 -0.178173900 -0.520302773 1.931520700 0.051103611 -0.165017143 -0.029866958 0.984512985
1662064588734437120.000000 -0.178661704 -0.521176457 1.939573884 0.051563583 -0.162173569 -0.027732091 0.985023797
1662064588776438272.000000 -0.180322409 -0.522560000 1.944808722 0.050237335 -0.158025444 -0.026940433 0.985788226
1662064588815439104.000000 -0.181892887 -0.518724978 1.960594177 0.053533789 -0.154359415 -0.024606500 0.986256540
1662064588860440064.000000 -0.182680935 -0.524264693 1.956972241 0.049762078 -0.150152549 -0.023926098 0.987119794
1662064588902440704.000000 -0.183067217 -0.523899853 1.960515976 0.049514614 -0.148500562 -0.022378711 0.987418413
1662064588938441472.000000 -0.184205189 -0.525656164 1.963594913 0.049019098 -0.142780870 -0.021329870 0.988309622
1662064588983442432.000000 -0.184743255 -0.527137160 1.975055933 0.049074925 -0.139272943 -0.020195872 0.988831043
1662064589025443328.000000 -0.185019642 -0.527984142 1.983422041 0.047487613 -0.135173485 -0.018734673 0.989506006
1662064589067444224.000000 -0.186605543 -0.529163897 1.987869501 0.048214845 -0.129530996 -0.018218331 0.990234971
1662064589112445440.000000 -0.187084407 -0.530778944 1.994723439 0.047805648 -0.125241056 -0.015875602 0.990846753
1662064589154446080.000000 -0.187172934 -0.530439019 2.001170158 0.048661772 -0.120932393 -0.014534572 0.991360784
1662064589196447232.000000 -0.189392313 -0.532164335 2.005966187 0.048532598 -0.115397401 -0.012918998 0.992048979
1662064589244448256.000000 -0.188708633 -0.533904791 2.014165640 0.045599800 -0.111210950 -0.011145047 0.992687583
1662064589280449024.000000 -0.188196331 -0.534782946 2.019300699 0.045470506 -0.108768806 -0.009811565 0.992978156
1662064589322449664.000000 -0.187661812 -0.536177456 2.026569605 0.046769477 -0.103883848 -0.008735855 0.993450761
1662064589364450816.000000 -0.186477110 -0.538061678 2.032518625 0.046123058 -0.099228062 -0.006987977 0.993970633
1662064589406451456.000000 -0.186800361 -0.539596260 2.037989855 0.045689255 -0.095193535 -0.005596163 0.994394004
1662064589445452544.000000 -0.187058106 -0.542628944 2.042007446 0.041763987 -0.091218680 -0.004819229 0.994943142
1662064589487453184.000000 -0.187058792 -0.542764962 2.048691988 0.043029126 -0.085942723 -0.003437133 0.995364547
1662064589532454144.000000 -0.186629012 -0.542015970 2.056393385 0.045610018 -0.080839813 -0.000753233 0.995682776
1662064589571454976.000000 -0.186995611 -0.543639541 2.062160015 0.045496747 -0.077140369 -0.000504690 0.995981514
1662064589613456128.000000 -0.186800435 -0.546244621 2.067864418 0.044364702 -0.072649680 0.000195010 0.996370316
1662064589658457088.000000 -0.187164441 -0.547081172 2.073611736 0.042039860 -0.068213642 0.001685824 0.996783197
1662064589697457664.000000 -0.186172262 -0.548602521 2.080266953 0.042144366 -0.064011127 0.003860977 0.997051418
1662064589742458880.000000 -0.187130153 -0.550124466 2.085891247 0.042736858 -0.058405273 0.004285000 0.997368574
1662064589781459456.000000 -0.186911300 -0.550946772 2.093494654 0.043814592 -0.053542674 0.005140770 0.997590661
1662064589823460352.000000 -0.186151534 -0.552161515 2.097533226 0.043526102 -0.051299736 0.006267869 0.997714698
1662064589865461248.000000 -0.184162274 -0.553787231 2.105776548 0.040868010 -0.046464689 0.008223096 0.998049796
1662064589907462400.000000 -0.184327051 -0.555628181 2.112024784 0.041781150 -0.041636147 0.008547349 0.998222291
1662064589949463040.000000 -0.184671566 -0.556654990 2.117091417 0.042111974 -0.037186623 0.009054790 0.998379588
1662064589994464256.000000 -0.183425382 -0.558129549 2.124913216 0.041932289 -0.032572150 0.010832428 0.998530626
1662064590036464896.000000 -0.182730258 -0.558459580 2.130337238 0.041682869 -0.029286012 0.011461385 0.998635828
1662064590081465856.000000 -0.181699544 -0.560108304 2.138147593 0.038475093 -0.025082486 0.011932667 0.998873472
1662064590123467008.000000 -0.180529684 -0.561572909 2.144185781 0.040385693 -0.021448495 0.014197440 0.998853087
1662064590168467712.000000 -0.180008501 -0.562776208 2.151473999 0.040553968 -0.017051896 0.013566933 0.998939753
1662064590210468864.000000 -0.178967059 -0.564533293 2.157736063 0.039390706 -0.012921588 0.014186994 0.999039710
1662064590255469568.000000 -0.177997887 -0.564971209 2.161552191 0.038333029 -0.012107748 0.015698493 0.999068379
1662064590300470528.000000 -0.176091447 -0.567410290 2.173372984 0.037603043 -0.005507133 0.017093355 0.999131382
1662064590348471552.000000 -0.175126642 -0.567779303 2.175903797 0.038688671 -0.004407919 0.017249128 0.999092758
1662064590390472704.000000 -0.173620582 -0.570648789 2.187575579 0.039917581 0.001965849 0.017125212 0.999054313
1662064590435473408.000000 -0.173616871 -0.570773959 2.187504053 0.039799865 0.001965984 0.017299546 0.999056041
1662064590477474560.000000 -0.170895502 -0.573750138 2.200470448 0.037792217 0.008286441 0.019504724 0.999060929
1662064590516475136.000000 -0.169589087 -0.574959934 2.206585884 0.039462667 0.010491082 0.019883908 0.998968124
1662064590552475904.000000 -0.169136599 -0.575842261 2.209658384 0.040219717 0.012698743 0.019905303 0.998911858
1662064590594477056.000000 -0.166885152 -0.578076065 2.218535185 0.039786682 0.015947338 0.020461882 0.998871386
1662064590639478016.000000 -0.164858580 -0.579367995 2.225474834 0.039541431 0.016836984 0.021451887 0.998845756
1662064590687478784.000000 -0.163998216 -0.580978155 2.231361389 0.037506882 0.020087983 0.021668890 0.998859465
1662064590723479808.000000 -0.162329465 -0.582180023 2.236837864 0.038565673 0.021378525 0.022616105 0.998771369
1662064590762480384.000000 -0.160545856 -0.583551228 2.244686604 0.039694745 0.023653556 0.021381544 0.998703003
1662064590810481664.000000 -0.159155697 -0.585449040 2.252004385 0.040447436 0.025951643 0.022171279 0.998598516
1662064590849482240.000000 -0.157405272 -0.586284101 2.257998705 0.038394649 0.026727771 0.022351556 0.998655081
1662064590894483200.000000 -0.155318961 -0.587845743 2.265985966 0.038704704 0.028463243 0.022210199 0.998598278
1662064590939484416.000000 -0.153529093 -0.589397669 2.273581028 0.041159235 0.029843314 0.021835689 0.998468101
1662064590981485056.000000 -0.152168036 -0.590685606 2.278560877 0.041960366 0.031102799 0.020972289 0.998414814
1662064591023486208.000000 -0.149605528 -0.592201412 2.287758827 0.043570269 0.031656768 0.020944793 0.998329043
1662064591065486848.000000 -0.147331730 -0.593727410 2.295558691 0.041189682 0.032156795 0.021504451 0.998402178
1662064591107488000.000000 -0.147412747 -0.593986928 2.297250271 0.041822039 0.032692488 0.021279514 0.998363316
1662064591158489088.000000 -0.143169299 -0.597056806 2.310128927 0.043900084 0.032927599 0.020993194 0.998272479
1662064591206490112.000000 -0.140196726 -0.598820567 2.318410158 0.046137273 0.032816023 0.020280926 0.998189926
1662064591254491136.000000 -0.137454063 -0.603062630 2.325052977 0.045009881 0.033312786 0.018850850 0.998252988
1662064591296491776.000000 -0.135792747 -0.603954315 2.331555367 0.044365577 0.033324573 0.019657204 0.998265922
1662064591344492800.000000 -0.132500947 -0.607589424 2.339791536 0.041603249 0.031935792 0.018784530 0.998447061
1662064591389494016.000000 -0.133838087 -0.603841305 2.350312233 0.046515130 0.031761382 0.019880829 0.998214602
1662064591431494656.000000 -0.129676700 -0.606896460 2.347935438 0.044275329 0.030918695 0.017664112 0.998384595
1662064591479495680.000000 -0.126572698 -0.611003339 2.362570286 0.045227636 0.029492456 0.015701603 0.998417795
1662064591524496896.000000 -0.123408258 -0.614654779 2.370544672 0.045678660 0.027433692 0.014742315 0.998470604
1662064591569497600.000000 -0.122724518 -0.613783300 2.376291752 0.045216914 0.027003558 0.015697457 0.998488843
1662064591611498496.000000 -0.119852290 -0.618923247 2.383347511 0.043770488 0.024274237 0.014138433 0.998646617
1662064591650499328.000000 -0.118386455 -0.619996727 2.388489962 0.045620717 0.022682542 0.012806564 0.998619199
1662064591689500416.000000 -0.114804149 -0.622189581 2.396977186 0.047056738 0.019651268 0.011690859 0.998630524
1662064591734501120.000000 -0.114158623 -0.622385442 2.399546862 0.047351249 0.018942950 0.010756802 0.998640776
1662064591776502016.000000 -0.111454539 -0.625508666 2.410501480 0.045795321 0.015801867 0.009224642 0.998783290
1662064591821503232.000000 -0.108521536 -0.627696097 2.418176174 0.047613624 0.012765138 0.006911207 0.998760343
1662064591863503872.000000 -0.107741766 -0.630504131 2.423460007 0.047748949 0.010859966 0.005851904 0.998783171
1662064591905505024.000000 -0.106282704 -0.632842600 2.429676533 0.049044657 0.008568720 0.003843227 0.998752475
1662064591950505728.000000 -0.103563257 -0.634779155 2.437227964 0.048991282 0.004879854 0.002698028 0.998783648
1662064591992506624.000000 -0.101549320 -0.636921406 2.444146872 0.047717258 0.001207791 0.001775320 0.998858631
1662064592037507840.000000 -0.098745272 -0.638801992 2.451341629 0.049975306 -0.002404943 0.000084414 0.998747587
1662064592079508480.000000 -0.095968306 -0.642526329 2.458070755 0.049460072 -0.007083351 -0.001995461 0.998749077
1662064592124509696.000000 -0.094030023 -0.643531978 2.466299772 0.051165495 -0.011290499 -0.004370685 0.998616815
1662064592163510272.000000 -0.092592724 -0.644657910 2.473555565 0.050456893 -0.014690318 -0.005143024 0.998604953
1662064592202511360.000000 -0.089571871 -0.647710443 2.480545998 0.049715422 -0.020201994 -0.006441943 0.998538315
1662064592247512064.000000 -0.088968895 -0.650009811 2.486548901 0.052480232 -0.022998402 -0.009373540 0.998313129
1662064592289513216.000000 -0.087248191 -0.651407599 2.490549564 0.053109996 -0.026350064 -0.011111448 0.998179138
1662064592328513792.000000 -0.085092157 -0.653326631 2.499298334 0.055771261 -0.032210842 -0.013634232 0.997830749
1662064592370514944.000000 -0.084099434 -0.656784475 2.507104397 0.054753769 -0.037582327 -0.016951393 0.997648358
1662064592412515584.000000 -0.082441002 -0.658272624 2.511834145 0.055097263 -0.041364547 -0.018063845 0.997460306
1662064592451516672.000000 -0.079595976 -0.659392953 2.520679712 0.058445387 -0.048667327 -0.020915434 0.996884227
1662064592490517504.000000 -0.076570943 -0.662706256 2.526639938 0.058289681 -0.054324355 -0.023212887 0.996550262
1662064592532518144.000000 -0.073892787 -0.667094886 2.533704996 0.058934961 -0.060942553 -0.026683046 0.996042550
1662064592577519104.000000 -0.072005525 -0.670938611 2.539782763 0.057650417 -0.066851035 -0.028813351 0.995679259
1662064592622520320.000000 -0.072324082 -0.672323704 2.540968895 0.057864483 -0.067631818 -0.030259958 0.995571196
1662064592661520896.000000 -0.070102155 -0.678626478 2.552922487 0.058364954 -0.077794284 -0.035200000 0.994636893
1662064592706522112.000000 -0.068748564 -0.678831577 2.556041002 0.058489341 -0.081412800 -0.035551645 0.994327426
1662064592748522752.000000 -0.067652233 -0.683725655 2.566062212 0.058933720 -0.090940244 -0.040018190 0.993305206
1662064592790523648.000000 -0.063374519 -0.685121894 2.571586609 0.058019608 -0.098544553 -0.041234177 0.992583752
1662064592829524480.000000 -0.065309517 -0.687544048 2.579767942 0.058726456 -0.103122734 -0.042065281 0.992042065
1662064592871525632.000000 -0.058939330 -0.692613065 2.585639954 0.058746595 -0.113809228 -0.047748588 0.990614116
1662064592913526272.000000 -0.056143723 -0.692936957 2.591492414 0.062623277 -0.120901696 -0.050130632 0.989418030
1662064592955527424.000000 -0.057034537 -0.698252261 2.597160101 0.059839416 -0.127178475 -0.053504009 0.988626420
1662064593000528384.000000 -0.053818941 -0.705612779 2.602641344 0.058182929 -0.135122523 -0.060015779 0.987296700
1662064593045529088.000000 -0.052075665 -0.705232859 2.610712767 0.058821447 -0.145387262 -0.059388198 0.985837519
1662064593087530240.000000 -0.052334137 -0.708154857 2.616210222 0.059603080 -0.152818725 -0.063021488 0.984440088
1662064593129530880.000000 -0.049927175 -0.711461306 2.623700142 0.060105991 -0.161032543 -0.066085540 0.982897997
1662064593168531968.000000 -0.048894074 -0.712917984 2.628524303 0.061402455 -0.167371973 -0.068023294 0.981625855
1662064593210532608.000000 -0.047490783 -0.715746880 2.634352446 0.060633693 -0.175724953 -0.070433930 0.980042577
1662064593252533760.000000 -0.046299379 -0.717526972 2.639808416 0.060470589 -0.183886543 -0.071818404 0.978453517
1662064593297534464.000000 -0.045104124 -0.720513403 2.645950079 0.062733054 -0.192150131 -0.076331876 0.976379216
1662064593342535424.000000 -0.042685226 -0.724131107 2.653060198 0.064789586 -0.202772722 -0.080298871 0.973774910
1662064593384536576.000000 -0.041633263 -0.726158798 2.657908916 0.065778770 -0.210433900 -0.082763828 0.971874952
1662064593429537280.000000 -0.040752783 -0.729975164 2.664307833 0.063776724 -0.219922632 -0.085657746 0.969654262
1662064593468538368.000000 -0.040511593 -0.731379807 2.667405844 0.064951479 -0.225017771 -0.087457925 0.968245566
1662064593510539008.000000 -0.039162979 -0.737505019 2.673867702 0.064825758 -0.235539228 -0.093296625 0.965201855
1662064593555539968.000000 -0.038397387 -0.740986288 2.679500580 0.065135464 -0.244430542 -0.096483357 0.962653697
1662064593600541184.000000 -0.036884308 -0.744895577 2.684689760 0.064960279 -0.253087103 -0.100120001 0.960053682
1662064593648542208.000000 -0.036099687 -0.748188674 2.690875530 0.065523632 -0.263688475 -0.104380593 0.956702590
1662064593687543040.000000 -0.035871953 -0.751286328 2.694900751 0.063704543 -0.271795034 -0.105744779 0.954404116
1662064593732544000.000000 -0.035850301 -0.751315594 2.694812536 0.063789874 -0.272026986 -0.105754383 0.954331338
1662064593771544576.000000 -0.036252826 -0.756497443 2.703427553 0.064823098 -0.287410498 -0.111881055 0.949039459
1662064593816545792.000000 -0.035897821 -0.760026515 2.707896709 0.065714158 -0.296819329 -0.115915217 0.945591688
1662064593861546496.000000 -0.036178768 -0.761688828 2.712808609 0.066831335 -0.305480421 -0.119469911 0.942306876
1662064593903547648.000000 -0.036330611 -0.764266074 2.716104269 0.067750022 -0.311980337 -0.123510435 0.939586818
1662064593942548224.000000 -0.037139773 -0.766785264 2.722128868 0.066253416 -0.322920710 -0.125543088 0.935719848
1662064593984549376.000000 -0.037381500 -0.768666208 2.725498915 0.065877900 -0.329357803 -0.127558768 0.933226883
1662064594026550016.000000 -0.037672877 -0.772128105 2.731074572 0.067278057 -0.341100842 -0.132541463 0.928200781
1662064594071550976.000000 -0.037635207 -0.774756372 2.735205650 0.068191119 -0.350201339 -0.135733068 0.924275756
1662064594113552128.000000 -0.037879884 -0.775627732 2.739654541 0.070206389 -0.358763099 -0.137805298 0.920526922
1662064594161552896.000000 -0.038004458 -0.778056264 2.743900537 0.071075909 -0.368889123 -0.140928090 0.915973961
1662064594206553856.000000 -0.038630068 -0.780125558 2.747924328 0.070441730 -0.377822250 -0.143459246 0.911980152
1662064594248555008.000000 -0.039002478 -0.781052113 2.750874519 0.072654843 -0.384471297 -0.145403028 0.908713996
1662064594287555584.000000 -0.039301157 -0.782389641 2.753017426 0.073670164 -0.392908573 -0.148103654 0.904577732
1662064594326556416.000000 -0.039990067 -0.784551978 2.757068396 0.074234605 -0.399708956 -0.150755167 0.901107609
1662064594371557376.000000 -0.039705336 -0.786850154 2.760627270 0.075916946 -0.410849631 -0.153826088 0.895419836
1662064594416558592.000000 -0.040536404 -0.788838625 2.763731718 0.077071346 -0.419698715 -0.156088620 0.890813887
1662064594452559360.000000 -0.042211473 -0.790158629 2.767350674 0.077120408 -0.428442657 -0.156430736 0.886577010
1662064594494560000.000000 -0.041630149 -0.791144848 2.768482685 0.077729791 -0.433689982 -0.159046963 0.883501649
1662064594533561088.000000 -0.042314053 -0.794270396 2.770877838 0.078306846 -0.442671120 -0.163015708 0.878257513
1662064594578561792.000000 -0.043090224 -0.795793474 2.773301601 0.079494074 -0.451533020 -0.164765224 0.873299003
1662064594623562752.000000 -0.043731570 -0.796218336 2.775501013 0.080984987 -0.457809299 -0.165627286 0.869723916
1662064594665563904.000000 -0.044231415 -0.799209774 2.778486013 0.082030140 -0.467231989 -0.168812498 0.863983631
1662064594704564480.000000 -0.044663191 -0.800012410 2.780314207 0.083347395 -0.473071992 -0.169968203 0.860445738
1662064594746565632.000000 -0.044132710 -0.801675379 2.782665730 0.083779417 -0.481268764 -0.172155589 0.855408609
1662064594788566272.000000 -0.044751287 -0.801613867 2.785691738 0.085704267 -0.490736216 -0.172922745 0.849664927
1662064594830567424.000000 -0.044913054 -0.802103341 2.786863327 0.085997209 -0.495337605 -0.173556477 0.846831381
1662064594869568000.000000 -0.046099544 -0.803287923 2.788637161 0.088191919 -0.504028976 -0.176455170 0.840857029
1662064594908568832.000000 -0.046435475 -0.805117667 2.790255547 0.088738739 -0.509394169 -0.177215859 0.837399364
1662064594950569984.000000 -0.047679663 -0.806442320 2.791786194 0.090433441 -0.515928686 -0.178535581 0.832925260
1662064594995570944.000000 -0.047977686 -0.806457698 2.793119431 0.092631124 -0.520371854 -0.180127591 0.829570174
1662064595037571584.000000 -0.048894286 -0.808424413 2.796133518 0.094606496 -0.532442212 -0.182227567 0.821186960
1662064595076572416.000000 -0.049617887 -0.810009181 2.796275377 0.093900219 -0.536564648 -0.183300808 0.818340957
1662064595115573504.000000 -0.048999786 -0.810105622 2.797189236 0.096600026 -0.543216288 -0.185928047 0.813028455
1662064595157574144.000000 -0.050129056 -0.811101854 2.799648285 0.098302826 -0.550707638 -0.186327726 0.807675421
1662064595199575296.000000 -0.051172018 -0.813035846 2.800559044 0.100396395 -0.556597650 -0.188082233 0.802959979
1662064595244576256.000000 -0.051919341 -0.814527035 2.802191257 0.101837724 -0.563629806 -0.189142883 0.797606111
1662064595286576896.000000 -0.052708983 -0.815002918 2.803569317 0.102880329 -0.569704115 -0.188203782 0.793367684
1662064595331578112.000000 -0.053423643 -0.816964388 2.804324865 0.103602134 -0.576458812 -0.189094737 0.788165689
1662064595373578752.000000 -0.054015398 -0.818037748 2.804985523 0.104913943 -0.582206309 -0.190137297 0.783502936
1662064595415579904.000000 -0.054722309 -0.818821192 2.806585073 0.106734551 -0.587574005 -0.192522988 0.778652310
1662064595460580864.000000 -0.055485487 -0.819795132 2.807385206 0.108901285 -0.592597663 -0.193810239 0.774213254
1662064595502581504.000000 -0.056581020 -0.821766376 2.808311701 0.109565079 -0.598407209 -0.195698947 0.769159436
1662064595550582528.000000 -0.056979179 -0.822071075 2.808653831 0.112183057 -0.603156507 -0.194794044 0.765292466
1662064595592583424.000000 -0.057913065 -0.823626816 2.810441494 0.114225835 -0.609451592 -0.197374091 0.759318650
1662064595637584384.000000 -0.059247971 -0.824779749 2.811350584 0.115371943 -0.614569366 -0.196343705 0.755276740
1662064595676585472.000000 -0.059565783 -0.825139165 2.811567307 0.116285346 -0.618661940 -0.196176872 0.751830935
1662064595718586112.000000 -0.058215618 -0.825097442 2.811894655 0.120236404 -0.623366773 -0.196735054 0.747162938
1662064595757586944.000000 -0.058678627 -0.826632977 2.812137604 0.122029401 -0.627910376 -0.196157217 0.743209183
1662064595802587904.000000 -0.057910204 -0.829553246 2.812073708 0.123327844 -0.632638633 -0.197402582 0.738641262
1662064595847589120.000000 -0.059205770 -0.831152797 2.812532663 0.124459900 -0.635546267 -0.198504105 0.735653996
1662064595886589696.000000 -0.058809042 -0.832744300 2.811762810 0.125563696 -0.639403522 -0.198962852 0.731990933
1662064595925590528.000000 -0.057808638 -0.833500504 2.811883211 0.129494116 -0.643351793 -0.198760107 0.727890313
1662064595967591424.000000 -0.057966948 -0.835781574 2.811421633 0.130728856 -0.646835983 -0.201175913 0.723907173
1662064596012592640.000000 -0.057086706 -0.836563766 2.812488794 0.132169396 -0.652310193 -0.198373362 0.719493330
1662064596057593344.000000 -0.057473660 -0.838553488 2.812176466 0.133326650 -0.656039536 -0.198795080 0.715763032
1662064596099594240.000000 -0.057402611 -0.839555383 2.811945915 0.133573219 -0.657143593 -0.199662432 0.714461684
1662064596141595136.000000 -0.057199955 -0.841735125 2.811657190 0.135787562 -0.663835347 -0.195326731 0.709035933
1662064596183596032.000000 -0.057711363 -0.845615387 2.811182022 0.137454495 -0.666212499 -0.201165885 0.704840004
1662064596228597248.000000 -0.058872938 -0.848273516 2.810761929 0.135901183 -0.670145273 -0.200705960 0.701536477
1662064596273597952.000000 -0.059886217 -0.852790117 2.809308529 0.135350168 -0.672265291 -0.204346672 0.698557198
1662064596312599040.000000 -0.059058905 -0.853629708 2.808928490 0.134913787 -0.674948692 -0.203881472 0.696186066
1662064596357599744.000000 -0.059841156 -0.855391622 2.808510542 0.136989430 -0.677058578 -0.205019116 0.693392217
1662064596402600704.000000 -0.060775518 -0.858498812 2.807786465 0.138289064 -0.680296361 -0.205935374 0.689683735
1662064596441601792.000000 -0.061887980 -0.860736609 2.807263374 0.138895363 -0.683355570 -0.205142081 0.686767876
1662064596483602432.000000 -0.061927319 -0.861794114 2.806690693 0.138763666 -0.683842778 -0.205895275 0.686083734
1662064596525603584.000000 -0.061506033 -0.863415003 2.805592537 0.142228305 -0.686288953 -0.204307362 0.683401108
1662064596567604224.000000 -0.061925650 -0.866001487 2.804080009 0.139962703 -0.688029408 -0.204676688 0.682006896
1662064596606605056.000000 -0.061969995 -0.866466522 2.803641558 0.141750842 -0.688937366 -0.203724638 0.681005418
1662064596648605952.000000 -0.062090635 -0.869352996 2.802350521 0.140979216 -0.690347433 -0.203745678 0.679730177
1662064596687606784.000000 -0.062724590 -0.871067643 2.801114559 0.140902624 -0.691192627 -0.201741621 0.679484785
1662064596729607936.000000 -0.062615156 -0.872582614 2.801196814 0.142966151 -0.693517148 -0.201166034 0.676850677
1662064596771608576.000000 -0.062431812 -0.873894870 2.800375700 0.144984528 -0.694674730 -0.199766830 0.675647676
1662064596816609536.000000 -0.062951326 -0.876344919 2.798734426 0.143417642 -0.695637465 -0.198764592 0.675287008
1662064596858610688.000000 -0.063692331 -0.878523469 2.797659636 0.142520800 -0.696039736 -0.198517978 0.675134957
1662064596900611328.000000 -0.064895391 -0.881045222 2.796383858 0.142252564 -0.697441161 -0.198377699 0.673785090
1662064596939612160.000000 -0.064528465 -0.882430851 2.795130491 0.142619118 -0.697437942 -0.197279394 0.674033463
1662064596975613184.000000 -0.065697432 -0.884445190 2.794650078 0.142764255 -0.698297918 -0.196950525 0.673207939
1662064597020613888.000000 -0.066377878 -0.886906207 2.793514013 0.143394142 -0.698882520 -0.195792764 0.672805071
1662064597068614912.000000 -0.067330122 -0.889285564 2.792330027 0.144197106 -0.699607491 -0.194405600 0.672281921
1662064597110616064.000000 -0.068223476 -0.891648948 2.791458607 0.144635886 -0.700691938 -0.193412334 0.671344161
1662064597155616768.000000 -0.068914890 -0.894939959 2.790103674 0.143200085 -0.700918972 -0.191598415 0.671934783
1662064597197617664.000000 -0.069858313 -0.896919489 2.789092302 0.142623842 -0.700811803 -0.189652622 0.672720790
1662064597239618816.000000 -0.069030523 -0.898776650 2.787629366 0.143222272 -0.700414062 -0.188171282 0.673423409
1662064597284619520.000000 -0.069192171 -0.900149703 2.786418915 0.145577013 -0.698574722 -0.187942997 0.674891233
1662064597326620672.000000 -0.071054697 -0.903304338 2.785630226 0.142432570 -0.699898064 -0.186491430 0.674593627
1662064597368621312.000000 -0.071654320 -0.905109882 2.784305573 0.143988654 -0.699440658 -0.183670431 0.675511062
1662064597410622464.000000 -0.072353601 -0.907534003 2.782734871 0.144331828 -0.698844552 -0.181456253 0.676652253
1662064597452623104.000000 -0.073593378 -0.908519745 2.782116652 0.145756245 -0.699114621 -0.179258883 0.676653624
1662064597497624064.000000 -0.075463295 -0.909777582 2.780364990 0.146617204 -0.697950423 -0.175496534 0.678652883
1662064597542625280.000000 -0.076366425 -0.910819054 2.779274702 0.147397995 -0.697302401 -0.172066644 0.680026650
1662064597584625920.000000 -0.078511238 -0.911795259 2.777619123 0.144217283 -0.696276069 -0.168863863 0.682558417
1662064597626627072.000000 -0.078847647 -0.913904071 2.776275158 0.145825028 -0.694652855 -0.168142468 0.684047222
1662064597668627712.000000 -0.078155756 -0.915608287 2.773260832 0.146077693 -0.691475153 -0.165058181 0.687952936
1662064597707628800.000000 -0.077460766 -0.917579830 2.770092964 0.148029774 -0.686735153 -0.163122788 0.692728639
1662064597749629440.000000 -0.076641321 -0.920331419 2.767099380 0.149032921 -0.683266819 -0.162608176 0.696056187
1662064597788630528.000000 -0.077213287 -0.921917617 2.765496731 0.149562925 -0.681264997 -0.158856511 0.698765755
1662064597836631296.000000 -0.079402685 -0.925453186 2.765298843 0.149495229 -0.679948211 -0.157409146 0.700388432
1662064597878632192.000000 -0.080939531 -0.927675784 2.764537573 0.148753226 -0.678447306 -0.155988604 0.702317178
1662064597920633088.000000 -0.082201004 -0.929548979 2.764047384 0.148162633 -0.677308083 -0.153892383 0.704001963
1662064597962633984.000000 -0.083681822 -0.931522310 2.763963699 0.148997664 -0.676767409 -0.151611447 0.704840183
1662064598010635264.000000 -0.087269783 -0.933078706 2.765116930 0.150340065 -0.676549017 -0.144849554 0.706185460
1662064598052635904.000000 -0.089563131 -0.935347199 2.766131163 0.149949208 -0.676922143 -0.142906561 0.706306875
1662064598097636864.000000 -0.088990450 -0.935677171 2.763770819 0.150552794 -0.673185468 -0.140149146 0.710291147
1662064598139638016.000000 -0.090436459 -0.939354181 2.762712240 0.150710359 -0.670381904 -0.138092399 0.713305712
1662064598175638784.000000 -0.091803551 -0.941676438 2.761583090 0.150792018 -0.667286992 -0.135241911 0.716728330
1662064598220639744.000000 -0.093867064 -0.944777191 2.761120081 0.147853166 -0.665973842 -0.133348346 0.718913376
1662064598259640576.000000 -0.095103025 -0.946446061 2.760236263 0.149154127 -0.663791776 -0.128599301 0.721523285
1662064598301641216.000000 -0.095832348 -0.948362052 2.760259390 0.150613621 -0.662189603 -0.126206592 0.723113060
1662064598346642176.000000 -0.098832607 -0.951289773 2.760405064 0.148951590 -0.660099447 -0.122511871 0.725997925
1662064598391643392.000000 -0.100602388 -0.953972638 2.761728287 0.148194969 -0.659793139 -0.119175471 0.726985872
1662064598433644032.000000 -0.101874590 -0.955863118 2.760370731 0.145844370 -0.655932844 -0.117458388 0.731221616
1662064598481645056.000000 -0.102766037 -0.956518829 2.760586739 0.146039441 -0.654822171 -0.116679080 0.732302129
1662064598520646144.000000 -0.104722977 -0.958981037 2.759140730 0.147185490 -0.649918735 -0.110519275 0.737378836
1662064598559646720.000000 -0.106887341 -0.962235332 2.759439945 0.145834923 -0.647592962 -0.107265100 0.740168810
1662064598601647616.000000 -0.107630491 -0.963828444 2.758130789 0.146341756 -0.643906236 -0.103220627 0.743851066
1662064598643648512.000000 -0.109133720 -0.966249168 2.756850719 0.144806862 -0.640427589 -0.099223629 0.747688532
1662064598685649408.000000 -0.110785961 -0.967934132 2.756475687 0.143988535 -0.636826098 -0.096348368 0.751290083
1662064598727650304.000000 -0.112401009 -0.970152378 2.755540609 0.142052397 -0.633096099 -0.093146250 0.755204856
1662064598772651520.000000 -0.113997221 -0.971844912 2.754584312 0.140649259 -0.628120661 -0.090697952 0.759905338
1662064598814652160.000000 -0.115408659 -0.974155426 2.753623247 0.140765190 -0.624692976 -0.086159520 0.763230205
1662064598859653120.000000 -0.116956472 -0.975865066 2.753039360 0.139442027 -0.620489657 -0.081861608 0.767363727
1662064598901654016.000000 -0.118808746 -0.978134334 2.753096104 0.139064983 -0.617033005 -0.078504600 0.770563662
1662064598943654912.000000 -0.119926453 -0.979676008 2.754312038 0.137578622 -0.617395163 -0.077960208 0.770595610
1662064598985656064.000000 -0.120934010 -0.980048895 2.752698898 0.139373764 -0.611926258 -0.072783537 0.775128245
1662064599027656704.000000 -0.122864485 -0.982453465 2.752221823 0.137628183 -0.605754852 -0.068145320 0.780689299
1662064599069657856.000000 -0.124991417 -0.984498620 2.752202511 0.135663360 -0.601150513 -0.066679679 0.784708440
1662064599114658560.000000 -0.126673818 -0.985674739 2.752478838 0.135804072 -0.596507370 -0.062716931 0.788544714
1662064599156659712.000000 -0.127182484 -0.987315774 2.751941442 0.134439141 -0.593185306 -0.060049571 0.791486800
1662064599201660672.000000 -0.129106998 -0.988797724 2.751880646 0.135980248 -0.588135600 -0.054986820 0.795350432
1662064599243661312.000000 -0.130496383 -0.989570379 2.752109051 0.136111826 -0.583736420 -0.052412808 0.798735440
1662064599288662528.000000 -0.132020354 -0.991134882 2.751449823 0.136302099 -0.577421963 -0.046152338 0.803663850
1662064599330663168.000000 -0.133337736 -0.993395150 2.751539230 0.132090852 -0.573036194 -0.042384390 0.807703674
1662064599372664320.000000 -0.133808255 -0.992618084 2.750818968 0.136401281 -0.570332050 -0.041673750 0.808937192
1662064599420665344.000000 -0.133783102 -0.992926836 2.750776291 0.135510176 -0.570469081 -0.041479785 0.809000254
1662064599465666048.000000 -0.133803129 -0.992788792 2.750548363 0.136012986 -0.570066333 -0.041840024 0.809181333
1662064599510667008.000000 -0.139338136 -0.999187291 2.749687910 0.129548967 -0.548939049 -0.029699961 0.825227857
1662064599552668160.000000 -0.140643597 -0.999823511 2.749523640 0.130077794 -0.543726683 -0.024554163 0.828756988
1662064599591668736.000000 -0.142221928 -1.001046419 2.750174046 0.130082831 -0.539035559 -0.019961800 0.831937909
1662064599639670016.000000 -0.144084215 -1.002094269 2.750793457 0.129855499 -0.532794833 -0.014591819 0.836094677
1662064599681670656.000000 -0.145372987 -1.002624393 2.750683546 0.130033687 -0.527153373 -0.010383773 0.839698017
1662064599723671552.000000 -0.146887064 -1.003639698 2.750990152 0.128610402 -0.521500409 -0.007887672 0.843465745
1662064599771672832.000000 -0.148360014 -1.004607797 2.751716614 0.127612576 -0.515792906 -0.004986680 0.847140968
1662064599810673408.000000 -0.149728060 -1.005001068 2.751933098 0.128323615 -0.510434151 0.000281831 0.850288212
1662064599852674560.000000 -0.151471972 -1.006134391 2.752393007 0.127494454 -0.504429042 0.004329627 0.853977621
1662064599900675584.000000 -0.151534677 -1.006133318 2.752508640 0.127682805 -0.504179835 0.004198629 0.854097307
1662064599939676160.000000 -0.154510319 -1.007781506 2.753099203 0.125466198 -0.491428465 0.012455143 0.861743093
1662064599981677056.000000 -0.155583203 -1.008664131 2.753595591 0.123781525 -0.486332685 0.014572468 0.864838898
1662064600026678016.000000 -0.157141566 -1.009437323 2.753983736 0.122242913 -0.479403734 0.017973533 0.868853092
1662064600071679232.000000 -0.158747554 -1.010540485 2.754598618 0.121285848 -0.471944302 0.021854615 0.872972369
1662064600113679872.000000 -0.160085142 -1.011137009 2.755070210 0.121707998 -0.465804011 0.025592890 0.876104355
1662064600158680832.000000 -0.161714673 -1.012176037 2.755305290 0.120163456 -0.457561940 0.029988261 0.880510390
1662064600200681984.000000 -0.162929714 -1.012828350 2.755713940 0.119193956 -0.451675922 0.033201225 0.883560658
1662064600245682688.000000 -0.164426386 -1.013431430 2.755939245 0.118884265 -0.444640011 0.036102567 0.887050450
1662064600287683840.000000 -0.165554941 -1.014052629 2.756394863 0.117860638 -0.438331306 0.039419081 0.890180171
1662064600329684480.000000 -0.166923583 -1.014739871 2.756666660 0.116022378 -0.430438906 0.042632066 0.894116163
1662064600371685632.000000 -0.168043971 -1.015365124 2.757131815 0.114485696 -0.424156547 0.045100924 0.897190273
1662064600416686592.000000 -0.169339210 -1.016126633 2.757583380 0.113283560 -0.416349947 0.048712883 0.900803387
1662064600458687232.000000 -0.170497239 -1.016572475 2.758023739 0.113496244 -0.410048127 0.051932737 0.903483331
1662064600497688064.000000 -0.171665043 -1.017217040 2.758549213 0.112560742 -0.402720153 0.054882903 0.906716347
1662064600539688960.000000 -0.172283590 -1.017572880 2.758848190 0.112093084 -0.398398131 0.057570662 0.908515096
1662064600581690112.000000 -0.173417956 -1.018050909 2.759409904 0.109980501 -0.391160280 0.059940562 0.911759377
1662064600623690752.000000 -0.174797624 -1.019145608 2.759694338 0.107601523 -0.380852848 0.064138666 0.916110933
1662064600668691968.000000 -0.176135153 -1.019442320 2.760315895 0.108147264 -0.372237593 0.067936011 0.919308484
1662064600713692672.000000 -0.177535608 -1.020832539 2.760821581 0.105897419 -0.363491625 0.071844876 0.922766447
1662064600761693696.000000 -0.178172767 -1.021547437 2.761168003 0.104947783 -0.357242286 0.074059069 0.925137401
1662064600806694656.000000 -0.179152429 -1.022130370 2.761568069 0.104706109 -0.349508673 0.077991657 0.927791774
1662064600851695872.000000 -0.179325894 -1.023685455 2.761719227 0.099424012 -0.341929644 0.081075318 0.930927455
1662064600899696896.000000 -0.181124896 -1.024586558 2.762837887 0.095693968 -0.331598580 0.085937433 0.934612155
1662064600947697920.000000 -0.182024539 -1.025282502 2.762681484 0.096085832 -0.323712647 0.088811040 0.937064707
1662064600989698560.000000 -0.182675987 -1.026115298 2.763599873 0.094707772 -0.316652358 0.093046866 0.939203978
1662064601031699712.000000 -0.183181047 -1.026644826 2.763982773 0.092898384 -0.312968433 0.095697641 0.940352440
1662064601079700480.000000 -0.183544084 -1.027051210 2.764073372 0.092575006 -0.307869613 0.096543349 0.941979647
1662064601124701440.000000 -0.183747709 -1.028723359 2.766250134 0.088943839 -0.297286481 0.103603326 0.944974184
1662064601172702464.000000 -0.183251932 -1.029418945 2.768013954 0.084576026 -0.290318638 0.106827341 0.947179973
1662064601217703680.000000 -0.186502516 -1.029383779 2.766694307 0.085426137 -0.277497411 0.105568476 0.951079845
1662064601262704384.000000 -0.187730640 -1.029927731 2.768493891 0.084460497 -0.266999006 0.108562164 0.953830361
1662064601307705344.000000 -0.186924487 -1.030658960 2.769295454 0.082356073 -0.262771368 0.115022056 0.954431057
1662064601349706496.000000 -0.186719239 -1.030363441 2.769520760 0.082393892 -0.257057488 0.117149986 0.955724180
1662064601388707072.000000 -0.188815847 -1.031732321 2.770058632 0.078864597 -0.247203529 0.120584942 0.958191037
1662064601424707840.000000 -0.189267322 -1.031957269 2.770143032 0.077505797 -0.241667211 0.122445613 0.959477425
1662064601466708992.000000 -0.190483674 -1.032533765 2.771283627 0.076096326 -0.231829986 0.123456813 0.961884975
1662064601511709696.000000 -0.189642146 -1.032675982 2.771845102 0.074676484 -0.228517696 0.126181617 0.962435126
1662064601550710784.000000 -0.191340581 -1.033552647 2.772389412 0.073402733 -0.217772588 0.128953636 0.964654386
1662064601595711744.000000 -0.191870555 -1.033420444 2.773272514 0.073292851 -0.210558921 0.129644096 0.966170549
1662064601640712448.000000 -0.192364961 -1.034246922 2.774211407 0.069191121 -0.201653570 0.133740366 0.967813015
1662064601685713408.000000 -0.192964107 -1.034032702 2.775534153 0.070245020 -0.193998337 0.136108547 0.968971014
1662064601727714304.000000 -0.192923829 -1.033975005 2.775974751 0.070364028 -0.191400483 0.135730833 0.969531894
1662064601769715200.000000 -0.194382951 -1.034132957 2.778015614 0.069318362 -0.179628357 0.138862520 0.971414387
1662064601811716352.000000 -0.194461659 -1.034590125 2.778993845 0.066874035 -0.172349080 0.141976282 0.972453833
1662064601853716992.000000 -0.194781035 -1.034950733 2.778939486 0.065779515 -0.164113179 0.144520581 0.973577797
1662064601901718016.000000 -0.194972709 -1.035520673 2.779564381 0.064044967 -0.156169951 0.148438871 0.974410176
1662064601943718912.000000 -0.195345610 -1.036190867 2.781748056 0.062549129 -0.148950830 0.150500640 0.975320935
1662064601988719872.000000 -0.196083814 -1.036329269 2.782768488 0.061228298 -0.139815345 0.151733443 0.976565301
1662064602036720896.000000 -0.196821213 -1.035758138 2.784756422 0.059648618 -0.133661702 0.153239980 0.977289200
1662064602078722048.000000 -0.197164014 -1.036366940 2.785395145 0.058416411 -0.126655295 0.155726314 0.977903545
1662064602120722688.000000 -0.197226197 -1.036835790 2.787577868 0.056993719 -0.116483130 0.158676580 0.978777409
1662064602168723712.000000 -0.197540984 -1.037298083 2.788538456 0.054875553 -0.106993169 0.161192790 0.979570329
1662064602210724864.000000 -0.197796538 -1.037425399 2.790273190 0.053891905 -0.100529321 0.164105892 0.979825914
1662064602249725696.000000 -0.198128074 -1.037152052 2.791749239 0.052884035 -0.093888223 0.165108830 0.980371058
1662064602294726656.000000 -0.198197976 -1.037812114 2.792893887 0.049551662 -0.086806849 0.167997777 0.980706930
1662064602333727232.000000 -0.198270097 -1.037969470 2.794615507 0.048713330 -0.078341909 0.171232477 0.980902135
1662064602375728128.000000 -0.198186457 -1.038484693 2.794722795 0.047761366 -0.075863399 0.172953844 0.980841815
1662064602414729216.000000 -0.198925674 -1.038208008 2.797385931 0.048688468 -0.065433696 0.173847452 0.981389284
1662064602456729856.000000 -0.198771954 -1.038491011 2.798173904 0.046165917 -0.059450019 0.176337793 0.981447637
1662064602495730944.000000 -0.199171558 -1.038450480 2.800675869 0.043837015 -0.050685480 0.180381015 0.981311381
1662064602546732032.000000 -0.199470431 -1.038270831 2.802401781 0.045142293 -0.042341303 0.182516113 0.981252968
1662064602591732736.000000 -0.199641883 -1.038872242 2.804086685 0.043673292 -0.034264497 0.185376391 0.981098473
1662064602633733632.000000 -0.199508861 -1.038810372 2.805096865 0.044266429 -0.027001543 0.186386079 0.981107354
1662064602675734528.000000 -0.199539363 -1.039686441 2.807017326 0.042320516 -0.022061676 0.188696876 0.980875015
1662064602714735616.000000 -0.199187011 -1.040690303 2.808620691 0.037043162 -0.014253953 0.192068562 0.980578542
1662064602762736640.000000 -0.199479133 -1.039655566 2.809079885 0.039900385 -0.012815958 0.192023769 0.980495095
1662064602807737344.000000 -0.199296087 -1.040504813 2.813134193 0.038340155 0.001635158 0.196923018 0.979667664
1662064602846738432.000000 -0.199452251 -1.040394783 2.814399242 0.038577478 0.006435202 0.197827160 0.979456365
1662064602888739072.000000 -0.199164838 -1.040952086 2.816252232 0.036441237 0.014568215 0.199999690 0.979009688
1662064602930740224.000000 -0.198921457 -1.041289926 2.817636728 0.033800751 0.020288385 0.202752709 0.978436112
1662064602972740864.000000 -0.198846415 -1.041633487 2.818323612 0.033156388 0.024071695 0.203130454 0.978294075
1662064603017741824.000000 -0.198485285 -1.041553497 2.821847200 0.032837112 0.034259073 0.205633074 0.977477968
1662064603056742656.000000 -0.198466986 -1.041581392 2.823426008 0.031945948 0.040620942 0.206631333 0.977053225
1662064603095743744.000000 -0.198040068 -1.041760325 2.825045824 0.031685095 0.046411999 0.208556339 0.976394534
1662064603140744448.000000 -0.197823286 -1.041592956 2.827242374 0.029525125 0.053130563 0.211270973 0.975535750
1662064603182745344.000000 -0.197647050 -1.041743994 2.828923702 0.029548991 0.060138859 0.213614851 0.974617302
1662064603218746112.000000 -0.197536543 -1.041902304 2.830445528 0.029995326 0.065297022 0.213987797 0.974189818
1662064603269747200.000000 -0.197021976 -1.042272925 2.832646608 0.028839510 0.072599620 0.216560110 0.973138928
1662064603308748288.000000 -0.196956694 -1.042368174 2.833813667 0.028718317 0.076738082 0.217363656 0.972645640
1662064603347749120.000000 -0.196395099 -1.043298483 2.836093187 0.025239015 0.084803827 0.219197497 0.971660376
1662064603389749760.000000 -0.196076512 -1.043909431 2.837869644 0.024447627 0.091018684 0.220786288 0.970758140
1662064603434750720.000000 -0.195539504 -1.044356585 2.839542150 0.024788709 0.097177386 0.222282514 0.969810605
1662064603479751936.000000 -0.194808707 -1.045088291 2.841738462 0.023919508 0.103311382 0.223893568 0.968827307
1662064603521752576.000000 -0.194252968 -1.045864105 2.843569756 0.021749085 0.109985791 0.227704823 0.967254162
1662064603563753728.000000 -0.193673491 -1.046487212 2.845097065 0.019027045 0.114976674 0.229104936 0.966400146
1662064603605754368.000000 -0.192888960 -1.047174096 2.847060680 0.016628116 0.121221654 0.231034115 0.965221286
1662064603650755328.000000 -0.192237347 -1.047625542 2.848690510 0.016867431 0.127583623 0.233346567 0.963839889
1662064603689756160.000000 -0.191486835 -1.048119783 2.850429535 0.017070582 0.132497042 0.234306484 0.962940097
1662064603740757504.000000 -0.190825418 -1.048558474 2.852549791 0.016294962 0.139754295 0.236515224 0.961386383
1662064603782758144.000000 -0.190173790 -1.049139977 2.853642941 0.013898315 0.144106403 0.238386601 0.960318685
1662064603827759360.000000 -0.189477965 -1.049544096 2.855252266 0.014164194 0.149707288 0.240229368 0.958997905
1662064603869760000.000000 -0.188486010 -1.049353600 2.856537342 0.015695889 0.153385743 0.241584569 0.958051860
1662064603914760960.000000 -0.188049823 -1.049867630 2.858401775 0.015628677 0.160224259 0.242485851 0.956705034
1662064603950761728.000000 -0.187395871 -1.049948096 2.859422207 0.014748057 0.164221644 0.242966980 0.955918789
1662064603992762880.000000 -0.186587483 -1.050838828 2.861005306 0.012549317 0.169704586 0.246399373 0.954112291
1662064604034763520.000000 -0.186751544 -1.050967216 2.861965179 0.013240687 0.175542220 0.246962354 0.952900469
1662064604076764672.000000 -0.185379952 -1.051579595 2.863680601 0.012799479 0.179207951 0.249138415 0.951656818
1662064604118765312.000000 -0.184477270 -1.052035689 2.864793301 0.011554611 0.183133483 0.251247168 0.950370193
1662064604160766464.000000 -0.184100896 -1.052088857 2.865618229 0.011221121 0.185170576 0.252161056 0.949737251
1662064604208767488.000000 -0.182698935 -1.052618265 2.868421555 0.007632224 0.193007693 0.253395081 0.947882295
1662064604247768064.000000 -0.181993634 -1.053099394 2.871453047 0.009189888 0.199036956 0.254053235 0.946444273
1662064604289769216.000000 -0.180806667 -1.053212881 2.872922421 0.010401607 0.203090712 0.255337656 0.945224166
1662064604337769984.000000 -0.179625392 -1.053755045 2.875575542 0.009496789 0.209363058 0.256143630 0.943645775
1662064604379770880.000000 -0.178862303 -1.053901434 2.876690149 0.010035177 0.212342009 0.257103562 0.942713082
1662064604421771776.000000 -0.178142786 -1.053927541 2.879373550 0.007248018 0.216979489 0.258766890 0.941226363
1662064604463772672.000000 -0.177571326 -1.054341197 2.880833864 0.008076474 0.222299829 0.259433657 0.939793468
1662064604508773888.000000 -0.176069379 -1.055048704 2.883158922 0.007633953 0.226780400 0.260814250 0.938343406
1662064604550774528.000000 -0.175287038 -1.055409551 2.884400845 0.007496495 0.230099037 0.261931807 0.937224686
1662064604595775488.000000 -0.175258726 -1.055374265 2.884558678 0.007974292 0.230427936 0.261877090 0.937155187
1662064604640776704.000000 -0.173255205 -1.056459308 2.888926029 0.002071184 0.238402456 0.264750808 0.934380591
1662064604682777344.000000 -0.172042251 -1.057092667 2.891423702 0.004457776 0.244076133 0.266101480 0.932521820
1662064604724778496.000000 -0.171205044 -1.057401896 2.892847538 0.005350982 0.247324899 0.266864866 0.931442380
1662064604769779200.000000 -0.169838071 -1.057940006 2.895181417 0.003915599 0.251765162 0.267548263 0.930062890
1662064604814780160.000000 -0.168881655 -1.058388591 2.897127867 0.003333290 0.256451428 0.268712491 0.928447723
1662064604853780992.000000 -0.167772293 -1.058599472 2.898918629 0.004228945 0.259611636 0.269336164 0.927384496
1662064604901782016.000000 -0.166516840 -1.059182286 2.901500225 0.004844783 0.264462113 0.270120263 0.925781488
1662064604943783168.000000 -0.165987670 -1.059348583 2.902613163 0.004880265 0.266841263 0.270943969 0.924857497
1662064604985783808.000000 -0.164584577 -1.059957743 2.905040026 0.002694513 0.270789355 0.272468567 0.923269570
1662064605027784704.000000 -0.163082659 -1.059688330 2.906615496 0.006099529 0.274398237 0.272071689 0.922304451
1662064605072785920.000000 -0.161983252 -1.061127305 2.908112049 0.004931994 0.277448237 0.273910999 0.920853376
1662064605114786560.000000 -0.160689890 -1.061018109 2.909979105 0.005431977 0.280972898 0.275296777 0.919367433
1662064605156787712.000000 -0.158685625 -1.061811328 2.912163496 0.003007736 0.283443630 0.276249617 0.918333769
1662064605198788352.000000 -0.158047140 -1.062601209 2.914284229 0.003939357 0.287328929 0.276342452 0.917093992
1662064605240789504.000000 -0.158304572 -1.062758207 2.915733099 0.005449173 0.291406840 0.275317490 0.916107357
1662064605282790144.000000 -0.155185103 -1.063825488 2.917737007 0.003589699 0.293014765 0.278604209 0.914608836
1662064605324791296.000000 -0.153803110 -1.063971519 2.919141054 0.001802128 0.294859439 0.279985607 0.913598835
1662064605366791936.000000 -0.152865291 -1.064293265 2.919694662 0.000517027 0.295950443 0.281682909 0.912725568
1662064605411792896.000000 -0.151424229 -1.065670848 2.922206879 0.000753431 0.299850672 0.280224383 0.911900997
1662064605462793984.000000 -0.149995744 -1.065821886 2.924197435 0.003956279 0.303903639 0.281818509 0.910057902
1662064605510795008.000000 -0.149214983 -1.066292167 2.925267458 0.001635505 0.305216074 0.282918125 0.909284294
1662064605552796160.000000 -0.146969795 -1.067610025 2.928617954 0.001575550 0.309377789 0.282314211 0.908064723
1662064605591796992.000000 -0.145779252 -1.067887545 2.929952621 0.002381086 0.310777545 0.281720161 0.907769501
1662064605630797568.000000 -0.145359397 -1.067770958 2.931002140 0.003749993 0.313215911 0.282866061 0.906569660
1662064605672798720.000000 -0.143732607 -1.067498803 2.933484077 0.006414933 0.316904008 0.283148527 0.905183792
1662064605714799360.000000 -0.141859412 -1.069121480 2.935883522 0.002111222 0.317934096 0.283601880 0.904700756
1662064605765800448.000000 -0.139594018 -1.069706678 2.937960148 0.003298999 0.320022225 0.284305543 0.903739572
1662064605810801408.000000 -0.137928426 -1.070371389 2.939599037 0.003627883 0.321426094 0.285033822 0.903010428
1662064605852802560.000000 -0.137296975 -1.070481062 2.941065788 0.004512315 0.324244708 0.285458863 0.901863754
1662064605897803264.000000 -0.135238826 -1.070984840 2.943515062 0.000754305 0.324797392 0.285359025 0.901707470
1662064605936804352.000000 -0.134266496 -1.070968628 2.944863796 0.001368223 0.326292962 0.285437346 0.901141882
1662064605978804992.000000 -0.132336736 -1.071623802 2.946297884 0.001426378 0.327244282 0.286009669 0.900615156
1662064606020806144.000000 -0.131181538 -1.071874857 2.947819233 0.002609510 0.329044342 0.285880506 0.899997473
1662064606065806848.000000 -0.128718972 -1.072774649 2.949741602 0.002142166 0.329909831 0.287129790 0.899283826
1662064606110807808.000000 -0.127155840 -1.073186278 2.951222658 0.001633482 0.331976384 0.287837148 0.898297727
1662064606155809024.000000 -0.127076685 -1.073032141 2.951548338 0.003222857 0.332095236 0.288161069 0.898145616
1662064606197809664.000000 -0.123678625 -1.074313760 2.955297232 0.002076923 0.334361047 0.288462073 0.897211313
1662064606242810624.000000 -0.122843266 -1.074055195 2.956637859 0.003076553 0.336093336 0.288213044 0.896641016
1662064606287811840.000000 -0.121467471 -1.074814916 2.958466530 0.000576610 0.337110400 0.289070487 0.895988047
1662064606329812480.000000 -0.120095074 -1.074610114 2.959545612 0.003641196 0.337807000 0.288623869 0.895862460
1662064606368813568.000000 -0.118547916 -1.075830936 2.961630344 0.002640583 0.339544713 0.288614750 0.895211697
1662064606413814272.000000 -0.116792738 -1.075573564 2.963474989 0.005087484 0.340755016 0.288709283 0.894710720
1662064606452815360.000000 -0.116329014 -1.076834321 2.965078115 0.001058480 0.342285335 0.288750648 0.894126832
1662064606491815936.000000 -0.115271509 -1.077054024 2.966416597 0.000660064 0.343195051 0.288932502 0.893719614
1662064606533817088.000000 -0.113368690 -1.077351689 2.967801332 0.002392402 0.343542755 0.289192736 0.893498838
1662064606578817792.000000 -0.112074137 -1.077759504 2.969358444 0.003342942 0.344806373 0.289021760 0.893064320
1662064606620818944.000000 -0.109888971 -1.078767538 2.972042799 0.003294738 0.345909476 0.288506329 0.892804503
1662064606668819968.000000 -0.108591080 -1.079086304 2.973642349 0.001033974 0.345867455 0.288428217 0.892851532
1662064606710820608.000000 -0.107562304 -1.079513788 2.975052118 0.002278253 0.347028375 0.288005382 0.892535150
1662064606752821760.000000 -0.106513977 -1.079493284 2.976855040 0.004826078 0.348792315 0.286900014 0.892193437
1662064606794822400.000000 -0.104246616 -1.080543041 2.978092194 0.004091198 0.348045170 0.287997991 0.892135084
1662064606836823552.000000 -0.102801204 -1.080975294 2.979908705 0.004319533 0.348845214 0.287604034 0.891948640
1662064606881824256.000000 -0.100956798 -1.081191301 2.981673717 0.003648400 0.348254889 0.288204640 0.891988456
1662064606923825152.000000 -0.099873662 -1.081836939 2.982823610 0.003720338 0.348520488 0.287704051 0.892045975
1662064606968826368.000000 -0.098601818 -1.081791878 2.984344482 0.004561609 0.348524511 0.287772834 0.892018318
1662064607010827008.000000 -0.097520828 -1.082024336 2.985759258 0.006070992 0.349131316 0.286586910 0.892153800
1662064607055827968.000000 -0.095010400 -1.082795501 2.988351345 0.003773843 0.348376364 0.286681145 0.892431259
1662064607100829184.000000 -0.093571782 -1.082949638 2.989933491 0.005544621 0.348846912 0.286024630 0.892448902
1662064607142829824.000000 -0.093091249 -1.083297729 2.990361214 0.005089968 0.348367631 0.286531568 0.892476201
1662064607187831040.000000 -0.090720177 -1.083514929 2.992803097 0.006838381 0.348659426 0.285756111 0.892599225
1662064607229831680.000000 -0.089008689 -1.084212542 2.994611025 0.003927097 0.347186565 0.286384106 0.892989457
1662064607271832832.000000 -0.088105679 -1.084555149 2.996294260 0.005935018 0.348207802 0.284661740 0.893131495
1662064607316833792.000000 -0.086221278 -1.085088611 2.997602463 0.006093588 0.347352862 0.284599155 0.893483162
1662064607358834432.000000 -0.085266292 -1.085296631 2.998573542 0.006636781 0.346982211 0.284522086 0.893647850
1662064607406835456.000000 -0.082918346 -1.085597754 3.000761271 0.004856431 0.345163554 0.284361511 0.894414365
1662064607448836608.000000 -0.081513882 -1.085695148 3.002045155 0.006949536 0.345438063 0.283745199 0.894490302
1662064607493837312.000000 -0.079886556 -1.085807323 3.003579855 0.006920872 0.344037712 0.283528268 0.895098865
1662064607535838464.000000 -0.078487396 -1.086498022 3.005020142 0.004519963 0.342906684 0.283236682 0.895640373
1662064607577839104.000000 -0.077095807 -1.086590290 3.006637096 0.007385366 0.342995375 0.281991482 0.895980179
1662064607619840256.000000 -0.075564325 -1.086609125 3.008307934 0.007759758 0.342100412 0.280956119 0.896644235
1662064607664841216.000000 -0.074628413 -1.086803079 3.009329319 0.007695811 0.341253847 0.281193554 0.896892905
1662064607709841920.000000 -0.072418869 -1.087121129 3.011407137 0.006169077 0.338919520 0.281029731 0.897840619
1662064607751843072.000000 -0.070971310 -1.087044358 3.013123751 0.009082916 0.338515371 0.279296279 0.898508966
1662064607790843648.000000 -0.069577157 -1.087470651 3.014261723 0.008620597 0.337497652 0.278946698 0.899004877
1662064607829844480.000000 -0.068386734 -1.087824106 3.015456676 0.009100121 0.336797178 0.278342307 0.899450064
1662064607871845376.000000 -0.066858649 -1.087691545 3.017153740 0.007427211 0.334751427 0.278428704 0.900202096
1662064607910846208.000000 -0.065742612 -1.087751746 3.018418074 0.009430637 0.333742797 0.277241796 0.900923908
1662064607958847232.000000 -0.063902378 -1.088048220 3.020212650 0.010189680 0.333082080 0.275481552 0.901699781
1662064608003848192.000000 -0.062187552 -1.088427424 3.021515369 0.009860996 0.331377298 0.275478870 0.902332127
1662064608048849408.000000 -0.061082125 -1.088631868 3.023128748 0.009331718 0.330117881 0.274719715 0.903030574
1662064608090850048.000000 -0.060037494 -1.088267922 3.024160147 0.008970226 0.328227043 0.275365442 0.903526723
1662064608135851264.000000 -0.057802796 -1.088783741 3.026091576 0.009051330 0.326245099 0.273485780 0.904813707
1662064608177851904.000000 -0.056431711 -1.089296937 3.027710199 0.009504808 0.324950933 0.272059977 0.905704200
1662064608219852800.000000 -0.054929256 -1.088857889 3.028948545 0.009635090 0.322763473 0.272146851 0.906458497
1662064608267854080.000000 -0.053263366 -1.088812947 3.030361414 0.008743356 0.319828629 0.271962076 0.907562613
1662064608312855040.000000 -0.051647186 -1.088922381 3.031794071 0.010102011 0.318464160 0.270835280 0.908364952
1662064608354855680.000000 -0.050230861 -1.088820696 3.033105612 0.011878880 0.316956967 0.269401491 0.909296513
1662064608396856832.000000 -0.049003959 -1.088888049 3.034652472 0.011832888 0.315470934 0.268045604 0.910214067
1662064608441857536.000000 -0.047792554 -1.088873863 3.035632610 0.010985402 0.313216478 0.268429488 0.910889924
1662064608486858496.000000 -0.046191990 -1.088709354 3.037331820 0.012734036 0.311422288 0.266462058 0.912059188
1662064608528859392.000000 -0.044895291 -1.088742971 3.038487434 0.013382191 0.309440821 0.265761584 0.912928343
1662064608570860288.000000 -0.043186009 -1.088932276 3.040171623 0.013306627 0.306814373 0.264628261 0.914144337
1662064608615861504.000000 -0.042154551 -1.088717937 3.041557789 0.011397860 0.304257959 0.265155196 0.914871573
1662064608657862144.000000 -0.040155172 -1.088617682 3.043295860 0.011158030 0.300837040 0.263839215 0.916384995
1662064608699863296.000000 -0.038992703 -1.088862181 3.044379473 0.012570078 0.299489468 0.262135625 0.917296588
1662064608744864000.000000 -0.037779212 -1.088484049 3.045979500 0.013775886 0.297795743 0.260865062 0.918192446
1662064608786864896.000000 -0.036556780 -1.088135719 3.047499657 0.015387643 0.295479149 0.259545535 0.919288576
1662064608828866048.000000 -0.035034657 -1.088507175 3.048867464 0.012891321 0.292162240 0.259124100 0.920505226
1662064608870866688.000000 -0.034011006 -1.088353872 3.050249100 0.015170057 0.290610075 0.256690443 0.921642959
1662064608915867904.000000 -0.032552600 -1.088585258 3.051695824 0.014596169 0.288146675 0.256085962 0.922593296
1662064608957868544.000000 -0.031349421 -1.088640690 3.052715778 0.015154466 0.285857439 0.255848825 0.923361957
1662064608999869696.000000 -0.029913187 -1.088504553 3.054421663 0.014540203 0.282899261 0.254597664 0.924627841
1662064609038870272.000000 -0.029017210 -1.088224888 3.055564404 0.013657002 0.280339628 0.254080117 0.925562859
1662064609083871488.000000 -0.027341843 -1.088198304 3.057322741 0.014796929 0.277536541 0.252535194 0.926812053
1662064609128872448.000000 -0.026393712 -1.087824106 3.058748245 0.016859125 0.275739372 0.250487119 0.927868485
1662064609170873088.000000 -0.024685621 -1.087979674 3.060340405 0.016479574 0.272457868 0.249797449 0.929029822
1662064609212874240.000000 -0.023683012 -1.087899685 3.061599016 0.014740414 0.269299507 0.249751568 0.929991782
1662064609254874880.000000 -0.022322953 -1.087675333 3.062988043 0.015829472 0.266559929 0.247851178 0.931270659
1662064609299876096.000000 -0.021593153 -1.087738037 3.063961029 0.016942877 0.265427649 0.246700898 0.931879699
1662064609341876736.000000 -0.019984841 -1.087630391 3.065684080 0.016809300 0.261605889 0.244942173 0.933425486
1662064609386877696.000000 -0.018857837 -1.087294817 3.067111492 0.017761586 0.258573294 0.243615985 0.934599161
1662064609428878848.000000 -0.017730534 -1.087251544 3.068543196 0.015959505 0.255687505 0.243664250 0.935412705
1662064609470879488.000000 -0.016596675 -1.086951613 3.069776773 0.017689599 0.253252208 0.241785109 0.936531007
1662064609515880704.000000 -0.015308231 -1.086654902 3.071627855 0.018309316 0.250050902 0.240683258 0.937662482
1662064609560881664.000000 -0.014426708 -1.086403131 3.072883606 0.019569281 0.247530445 0.240095079 0.938456297
1662064609605882368.000000 -0.014363229 -1.086492777 3.072891235 0.019251868 0.247682139 0.239589468 0.938552022
1662064609653883392.000000 -0.011960357 -1.086030006 3.075955629 0.016750816 0.240115076 0.237896323 0.940993905
1662064609698884608.000000 -0.010736167 -1.085609436 3.077453852 0.019127928 0.237333819 0.236537248 0.941996276
1662064609740885248.000000 -0.009942502 -1.085423708 3.078863144 0.020102695 0.235588849 0.235228643 0.942741394
1662064609785886208.000000 -0.009057879 -1.085218668 3.080064058 0.020805893 0.232554093 0.234349877 0.943697989
1662064609827887360.000000 -0.008127242 -1.084794402 3.081586599 0.019151246 0.229358092 0.233452484 0.944737077
1662064609869888000.000000 -0.006948978 -1.084568143 3.083217621 0.020070160 0.225976646 0.231999755 0.945890009
1662064609917889024.000000 -0.005830616 -1.084332705 3.084478617 0.021351155 0.222895384 0.229439929 0.947216570
1662064609956889856.000000 -0.004996240 -1.084036350 3.085936546 0.022172028 0.220446587 0.228216633 0.948065877
1662064610001890816.000000 -0.004179597 -1.083666325 3.087029934 0.021296257 0.218306243 0.228528291 0.948506057
1662064610043891968.000000 -0.003075361 -1.083616257 3.089006186 0.022725636 0.214353114 0.226120710 0.949950397
1662064610082892544.000000 -0.002456397 -1.083637118 3.089872360 0.023385063 0.212705299 0.223993391 0.950808406
1662064610124893440.000000 -0.001715451 -1.082815289 3.091351986 0.024853494 0.209450945 0.223317459 0.951652229
1662064610166894336.000000 -0.000616580 -1.083133698 3.092492104 0.021587683 0.206246778 0.223893330 0.952296197
1662064610208895488.000000 0.000120282 -1.082926750 3.094175100 0.021354968 0.203361943 0.222451389 0.953259349
1662064610250896128.000000 0.001536995 -1.082593083 3.096010923 0.022992035 0.199331850 0.220162153 0.954602957
1662064610292897280.000000 0.002261221 -1.082271457 3.096927643 0.023654511 0.196990013 0.219375238 0.955253839
1662064610334897920.000000 0.003087014 -1.081987858 3.098989248 0.024464844 0.194947436 0.217201978 0.956148684
1662064610376899072.000000 0.004106343 -1.081746817 3.100186348 0.022741040 0.190485358 0.217057779 0.957122862
1662064610418899712.000000 0.004731566 -1.081506968 3.101390362 0.025225619 0.188606143 0.215366393 0.957814574
1662064610463900928.000000 0.006053656 -1.081073284 3.103274584 0.025815487 0.184173271 0.214781135 0.958792388
1662064610505901568.000000 0.006774276 -1.080745578 3.104759455 0.026071901 0.181542099 0.212200508 0.959861279
1662064610547902464.000000 0.007361099 -1.080239534 3.106214762 0.027278397 0.179608226 0.210611537 0.960541308
1662064610589903360.000000 0.008122578 -1.080162525 3.107538939 0.025443416 0.175115258 0.211026892 0.961329818
1662064610634904320.000000 0.008878395 -1.079999685 3.108927011 0.026755176 0.173361883 0.209703267 0.961901486
1662064610676905472.000000 0.009752840 -1.079695463 3.110384464 0.028095705 0.169798449 0.207905650 0.962888539
1662064610715906048.000000 0.010397613 -1.079196215 3.111729860 0.030248966 0.168018326 0.206295297 0.963481784
1662064610760907264.000000 0.011219859 -1.079206705 3.113223076 0.027303092 0.163732320 0.205811411 0.964410663
1662064610805907968.000000 0.012268677 -1.078954458 3.114946604 0.028622031 0.159472033 0.205304459 0.965194046
1662064610850908928.000000 0.012787417 -1.078774691 3.116083622 0.029765610 0.158133268 0.202679858 0.965934157
1662064610889910016.000000 0.013514489 -1.078565717 3.117281437 0.030136583 0.154980928 0.202354789 0.966501653
1662064610931910656.000000 0.014401838 -1.078157187 3.119230270 0.029510906 0.152126282 0.201448962 0.967163384
1662064610976911872.000000 0.014770031 -1.077993751 3.120319128 0.028645037 0.150048628 0.200137764 0.967786074
1662064611021912576.000000 0.015442386 -1.077899694 3.121530771 0.030008480 0.148283809 0.198757291 0.968301058
1662064611066913536.000000 0.016518548 -1.077292204 3.124031544 0.031314004 0.143947273 0.197376907 0.969196081
1662064611111914752.000000 0.017301425 -1.077292919 3.126296759 0.031256348 0.141576648 0.195213571 0.969984949
1662064611153915392.000000 0.017483696 -1.077064037 3.126795053 0.029722057 0.139416471 0.194659576 0.970457315
1662064611198916352.000000 0.017553896 -1.077059865 3.127116442 0.029836848 0.136968657 0.193021879 0.971129179
1662064611240917504.000000 0.018428624 -1.076891661 3.128799200 0.030116284 0.134209275 0.193068221 0.971496582
1662064611282918144.000000 0.019261047 -1.076582551 3.131239653 0.031147098 0.132256672 0.189977020 0.972340882
1662064611321918976.000000 0.019214168 -1.076871037 3.131617785 0.028351396 0.129306465 0.190855294 0.972651184
1662064611363919872.000000 0.020350218 -1.076279283 3.133900642 0.029118424 0.125859827 0.188404381 0.973558009
1662064611402920704.000000 0.020705588 -1.076070189 3.135106087 0.030573444 0.124216653 0.186249658 0.974138916
1662064611447921664.000000 0.021089442 -1.075964689 3.136188984 0.031459954 0.123087652 0.186519071 0.974202394
1662064611495922688.000000 0.022004031 -1.075610518 3.138581753 0.032935418 0.119541384 0.184544876 0.974970937
1662064611537923584.000000 0.022465780 -1.075567245 3.139934778 0.030682202 0.116848990 0.182368860 0.975779951
1662064611579924480.000000 0.022833407 -1.075313807 3.141539574 0.031219913 0.114904568 0.181139901 0.976222634
1662064611627925760.000000 0.023323826 -1.075147867 3.143226385 0.032675661 0.112269707 0.180569917 0.976587117
1662064611666926336.000000 0.023740947 -1.075100541 3.144494534 0.033254229 0.110326700 0.180390209 0.976822197
1662064611708927488.000000 0.024186932 -1.074877381 3.146018505 0.031750783 0.108227603 0.179032221 0.977356732
1662064611753928192.000000 0.024704345 -1.074739337 3.147594690 0.031352665 0.105847701 0.178108186 0.977798939
1662064611795929088.000000 0.025245495 -1.074730754 3.149060726 0.032488491 0.103337921 0.177236199 0.978188694
1662064611843930368.000000 0.025635749 -1.074582100 3.150779009 0.032458358 0.102013625 0.175455242 0.978649676
1662064611885931008.000000 0.025634915 -1.074587584 3.150784969 0.032306485 0.102069512 0.175303340 0.978676140
1662064611924932096.000000 0.026003405 -1.074701071 3.152935028 0.030591665 0.098074965 0.174325660 0.979314089
1662064611969932800.000000 0.026568733 -1.074332595 3.155127764 0.033011813 0.097307205 0.171771482 0.979763329
1662064612017933824.000000 0.026971616 -1.074418783 3.156190395 0.032618754 0.094399817 0.173093081 0.979828298
1662064612059934976.000000 0.027407698 -1.074168086 3.158064604 0.033348113 0.092243038 0.173113719 0.980005503
1662064612104935936.000000 0.027914882 -1.074224830 3.159666777 0.029615762 0.090394817 0.171084687 0.980653763
1662064612149936640.000000 0.028287306 -1.074238658 3.160690069 0.030007519 0.089350387 0.170636758 0.980815589
1662064612194937600.000000 0.028585680 -1.074023485 3.162780762 0.030660562 0.088123627 0.169845089 0.981043756
1662064612233938432.000000 0.029114466 -1.074386477 3.163627386 0.029733086 0.086259693 0.167265892 0.981680870
1662064612278939392.000000 0.029013965 -1.074190021 3.164073229 0.030954661 0.086727642 0.168003917 0.981475830
1662064612326940416.000000 0.029588513 -1.073973417 3.166558266 0.028659463 0.084153116 0.168896332 0.981616497
1662064612371941632.000000 0.030254822 -1.073860288 3.169359446 0.031845070 0.081907399 0.166764036 0.982072771
1662064612410942208.000000 0.029546734 -1.073732972 3.169733286 0.032342203 0.080477096 0.166428804 0.982231557
1662064612452943360.000000 0.031046648 -1.073832631 3.172479153 0.032051019 0.079027668 0.164260834 0.982723653
1662064612491944192.000000 0.031199332 -1.073749065 3.174135685 0.029501183 0.079306364 0.161872044 0.983177364
1662064612530944768.000000 0.031921614 -1.073693871 3.174721479 0.031510014 0.077411838 0.163161561 0.983052790
1662064612569945856.000000 0.032602839 -1.073922157 3.174922228 0.030095594 0.075608879 0.161559105 0.983502030
1662064612614946560.000000 0.033089530 -1.073944569 3.176099777 0.029749053 0.074453555 0.162291065 0.983480155
1662064612659947520.000000 0.033372167 -1.074000955 3.179699898 0.029555561 0.075072937 0.160950571 0.983659208
1662064612704948736.000000 0.033819053 -1.072814941 3.179188490 0.027581021 0.071684845 0.160184532 0.984094262
1662064612749949440.000000 0.031413369 -1.073537588 3.180703402 0.030203275 0.073454149 0.161435902 0.983682275
1662064612788950528.000000 0.032983907 -1.073494196 3.179516554 0.025075352 0.070201136 0.161819607 0.984000742
1662064612833951232.000000 0.032960195 -1.073493123 3.179362774 0.025096269 0.070245259 0.161560684 0.984039664
1662064612875952128.000000 0.032647312 -1.076391697 3.178882599 -0.031392377 0.058748256 0.165201619 0.984007955
1662064612875952128.000000 0.032647312 -1.076391697 3.178882599 -0.031392377 0.058748256 0.165201619 0.984007955
1662064612875952128.000000 0.032647312 -1.076391697 3.178882599 -0.031392377 0.058748256 0.165201619 0.984007955
1662064612875952128.000000 0.032647312 -1.076391697 3.178882599 -0.031392377 0.058748256 0.165201619 0.984007955
1662064612875952128.000000 0.032647312 -1.076391697 3.178882599 -0.031392377 0.058748256 0.165201619 0.984007955
1662064612875952128.000000 0.032647312 -1.076391697 3.178882599 -0.031392377 0.058748256 0.165201619 0.984007955
1662064612875952128.000000 0.032647312 -1.076391697 3.178882599 -0.031392377 0.058748256 0.165201619 0.984007955
1662064612875952128.000000 0.032647312 -1.076391697 3.178882599 -0.031392377 0.058748256 0.165201619 0.984007955
1662064612875952128.000000 0.032647312 -1.076391697 3.178882599 -0.031392377 0.058748256 0.165201619 0.984007955
1662064612875952128.000000 0.032647312 -1.076391697 3.178882599 -0.031392377 0.058748256 0.165201619 0.984007955
1662064612875952128.000000 0.032647312 -1.076391697 3.178882599 -0.031392377 0.058748256 0.165201619 0.984007955
1662064612875952128.000000 0.032647312 -1.076391697 3.178882599 -0.031392377 0.058748256 0.165201619 0.984007955
1662064612875952128.000000 0.032647312 -1.076391697 3.178882599 -0.031392377 0.058748256 0.165201619 0.984007955
1662064612875952128.000000 0.032647312 -1.076391697 3.178882599 -0.031392377 0.058748256 0.165201619 0.984007955
1662064612875952128.000000 0.032647312 -1.076391697 3.178882599 -0.031392377 0.058748256 0.165201619 0.984007955
1662064612875952128.000000 0.032647312 -1.076391697 3.178882599 -0.031392377 0.058748256 0.165201619 0.984007955
1662064612875952128.000000 0.032647312 -1.076391697 3.178882599 -0.031392377 0.058748256 0.165201619 0.984007955
1662064612875952128.000000 0.032647312 -1.076391697 3.178882599 -0.031392377 0.058748256 0.165201619 0.984007955
1662064612875952128.000000 0.032647312 -1.076391697 3.178882599 -0.031392377 0.058748256 0.165201619 0.984007955
1662064612875952128.000000 0.032647312 -1.076391697 3.178882599 -0.031392377 0.058748256 0.165201619 0.984007955
1662064612875952128.000000 0.032647312 -1.076391697 3.178882599 -0.031392377 0.058748256 0.165201619 0.984007955
1662064612875952128.000000 0.032647312 -1.076391697 3.178882599 -0.031392377 0.058748256 0.165201619 0.984007955
1662064612875952128.000000 0.032647312 -1.076391697 3.178882599 -0.031392377 0.058748256 0.165201619 0.984007955
1662064612875952128.000000 0.032647312 -1.076391697 3.178882599 -0.031392377 0.058748256 0.165201619 0.984007955
1662064612875952128.000000 0.032647312 -1.076391697 3.178882599 -0.031392377 0.058748256 0.165201619 0.984007955
1662064612875952128.000000 0.032647312 -1.076391697 3.178882599 -0.031392377 0.058748256 0.165201619 0.984007955
1662064612875952128.000000 0.032647312 -1.076391697 3.178882599 -0.031392377 0.058748256 0.165201619 0.984007955
1662064612875952128.000000 0.032647312 -1.076391697 3.178882599 -0.031392377 0.058748256 0.165201619 0.984007955
1662064612875952128.000000 0.032647312 -1.076391697 3.178882599 -0.031392377 0.058748256 0.165201619 0.984007955
1662064612875952128.000000 0.032647312 -1.076391697 3.178882599 -0.031392377 0.058748256 0.165201619 0.984007955
1662064612875952128.000000 0.032647312 -1.076391697 3.178882599 -0.031392377 0.058748256 0.165201619 0.984007955
1662064612875952128.000000 0.032647312 -1.076391697 3.178882599 -0.031392377 0.058748256 0.165201619 0.984007955
1662064612875952128.000000 0.032647312 -1.076391697 3.178882599 -0.031392377 0.058748256 0.165201619 0.984007955
1662064612875952128.000000 0.032647312 -1.076391697 3.178882599 -0.031392377 0.058748256 0.165201619 0.984007955
1662064612875952128.000000 0.032647312 -1.076391697 3.178882599 -0.031392377 0.058748256 0.165201619 0.984007955
1662064612875952128.000000 0.032647312 -1.076391697 3.178882599 -0.031392377 0.058748256 0.165201619 0.984007955
1662064612875952128.000000 0.032647312 -1.076391697 3.178882599 -0.031392377 0.058748256 0.165201619 0.984007955
1662064612875952128.000000 0.032647312 -1.076391697 3.178882599 -0.031392377 0.058748256 0.165201619 0.984007955
1662064612875952128.000000 0.032647312 -1.076391697 3.178882599 -0.031392377 0.058748256 0.165201619 0.984007955
1662064612875952128.000000 0.032647312 -1.076391697 3.178882599 -0.031392377 0.058748256 0.165201619 0.984007955
1662064612875952128.000000 0.032647312 -1.076391697 3.178882599 -0.031392377 0.058748256 0.165201619 0.984007955
1662064612875952128.000000 0.032647312 -1.076391697 3.178882599 -0.031392377 0.058748256 0.165201619 0.984007955
1662064612875952128.000000 0.032647312 -1.076391697 3.178882599 -0.031392377 0.058748256 0.165201619 0.984007955
1662064612875952128.000000 0.032647312 -1.076391697 3.178882599 -0.031392377 0.058748256 0.165201619 0.984007955
1662064612875952128.000000 0.032647312 -1.076391697 3.178882599 -0.031392377 0.058748256 0.165201619 0.984007955
1662064612875952128.000000 0.032647312 -1.076391697 3.178882599 -0.031392377 0.058748256 0.165201619 0.984007955
1662064612875952128.000000 0.032647312 -1.076391697 3.178882599 -0.031392377 0.058748256 0.165201619 0.984007955
1662064612875952128.000000 0.032647312 -1.076391697 3.178882599 -0.031392377 0.058748256 0.165201619 0.984007955
1662064612875952128.000000 0.032647312 -1.076391697 3.178882599 -0.031392377 0.058748256 0.165201619 0.984007955
1662064612875952128.000000 0.032647312 -1.076391697 3.178882599 -0.031392377 0.058748256 0.165201619 0.984007955
1662064612875952128.000000 0.032647312 -1.076391697 3.178882599 -0.031392377 0.058748256 0.165201619 0.984007955
1662064612875952128.000000 0.032647312 -1.076391697 3.178882599 -0.031392377 0.058748256 0.165201619 0.984007955
1662064612875952128.000000 0.032647312 -1.076391697 3.178882599 -0.031392377 0.058748256 0.165201619 0.984007955
1662064612875952128.000000 0.032647312 -1.076391697 3.178882599 -0.031392377 0.058748256 0.165201619 0.984007955
1662064612875952128.000000 0.032647312 -1.076391697 3.178882599 -0.031392377 0.058748256 0.165201619 0.984007955
1662064612875952128.000000 0.032647312 -1.076391697 3.178882599 -0.031392377 0.058748256 0.165201619 0.984007955
1662064612875952128.000000 0.032647312 -1.076391697 3.178882599 -0.031392377 0.058748256 0.165201619 0.984007955
1662064612875952128.000000 0.032647312 -1.076391697 3.178882599 -0.031392377 0.058748256 0.165201619 0.984007955
1662064612875952128.000000 0.032647312 -1.076391697 3.178882599 -0.031392377 0.058748256 0.165201619 0.984007955
1662064612875952128.000000 0.032647312 -1.076391697 3.178882599 -0.031392377 0.058748256 0.165201619 0.984007955
1662064612875952128.000000 0.032647312 -1.076391697 3.178882599 -0.031392377 0.058748256 0.165201619 0.984007955
1662064612875952128.000000 0.032647312 -1.076391697 3.178882599 -0.031392377 0.058748256 0.165201619 0.984007955
1662064612875952128.000000 0.032647312 -1.076391697 3.178882599 -0.031392377 0.058748256 0.165201619 0.984007955
1662064612875952128.000000 0.032647312 -1.076391697 3.178882599 -0.031392377 0.058748256 0.165201619 0.984007955
1662064612875952128.000000 0.032647312 -1.076391697 3.178882599 -0.031392377 0.058748256 0.165201619 0.984007955
1662064612875952128.000000 0.032647312 -1.076391697 3.178882599 -0.031392377 0.058748256 0.165201619 0.984007955
1662064612875952128.000000 0.032647312 -1.076391697 3.178882599 -0.031392377 0.058748256 0.165201619 0.984007955
1662064612875952128.000000 0.032647312 -1.076391697 3.178882599 -0.031392377 0.058748256 0.165201619 0.984007955
1662064612875952128.000000 0.032647312 -1.076391697 3.178882599 -0.031392377 0.058748256 0.165201619 0.984007955
1662064612875952128.000000 0.032647312 -1.076391697 3.178882599 -0.031392377 0.058748256 0.165201619 0.984007955
