1662064580151254272.000000 0.011892710 -0.007688087 0.024431912 -0.000118266 0.002582091 -0.000469222 0.999996543
1662064580190254848.000000 0.021381989 -0.010270837 0.041738290 0.000942557 0.003049789 -0.000746299 0.999994636
1662064580229255680.000000 0.018344378 -0.011305837 0.040656783 0.003326130 0.005716922 -0.001859378 0.999976397
1662064580271256576.000000 0.023547594 -0.013859697 0.048236750 0.004367673 0.006424088 -0.001962427 0.999967933
1662064580310257408.000000 0.027485356 -0.015831314 0.057366874 0.005075076 0.008182266 -0.002006332 0.999951661
1662064580352258560.000000 0.032299548 -0.019180145 0.065335266 0.005453678 0.009586834 -0.001463267 0.999938130
1662064580394259200.000000 0.035407480 -0.020491969 0.072592758 0.005596634 0.011201691 -0.001379113 0.999920666
1662064580442260224.000000 0.041127451 -0.022407101 0.082566224 0.004825143 0.012939791 -0.001300945 0.999903798
1662064580484261376.000000 0.048160318 -0.025748044 0.092476048 0.006144664 0.014314760 -0.001351093 0.999877751
1662064580526262016.000000 0.053374626 -0.029109465 0.101561859 0.007404909 0.016019663 -0.001226512 0.999843538
1662064580568263168.000000 0.058584593 -0.031042999 0.110661685 0.008422444 0.017866341 -0.001698285 0.999803483
1662064580610263808.000000 0.060441829 -0.032612987 0.116213344 0.006381334 0.019838640 -0.001089768 0.999782264
1662064580655264768.000000 0.065506898 -0.038748045 0.128428414 0.007415504 0.023015864 -0.000453669 0.999707520
1662064580697265920.000000 0.070725635 -0.041467052 0.137515441 0.009072081 0.024954179 -0.000185123 0.999647439
1662064580739266560.000000 0.075662948 -0.044026334 0.147680163 0.010574263 0.027712209 -0.000315573 0.999559999
1662064580781267712.000000 0.080113359 -0.047866516 0.157769933 0.011414320 0.030404957 0.000006803 0.999472499
1662064580823268352.000000 0.084007911 -0.050444495 0.165881827 0.012049879 0.032512486 0.000202641 0.999398649
1662064580868269568.000000 0.088857234 -0.055819858 0.177676201 0.009013195 0.035959315 0.001309200 0.999311745
1662064580916270592.000000 0.095012426 -0.058569785 0.189342573 0.011466080 0.038729310 0.001217597 0.999183238
1662064580955271168.000000 0.095904537 -0.060349748 0.193742171 0.013388984 0.040416192 0.001599757 0.999091983
1662064581000272384.000000 0.101804525 -0.066926524 0.208851695 0.013449628 0.044916950 0.001836499 0.998898506
1662064581045273344.000000 0.106068864 -0.071514651 0.219094753 0.013235302 0.048073977 0.002905750 0.998751879
1662064581087273984.000000 0.111033842 -0.073078543 0.229194418 0.013679652 0.050756380 0.003709059 0.998610497
1662064581135275008.000000 0.114950687 -0.073246047 0.239208281 0.014916634 0.053931035 0.003325003 0.998427808
1662064581177275904.000000 0.118959695 -0.082467198 0.249078557 0.014445475 0.056774419 0.004607763 0.998271883
1662064581222276864.000000 0.122089773 -0.087329194 0.259303689 0.015858434 0.060520355 0.004542458 0.998030663
1662064581267278080.000000 0.124752335 -0.089535393 0.271210134 0.014611050 0.064636946 0.006108363 0.997783184
1662064581312279040.000000 0.129159391 -0.093557537 0.281642824 0.015192444 0.068139181 0.006888913 0.997536361
1662064581357279744.000000 0.130373225 -0.094331339 0.285732061 0.017318934 0.069139756 0.006465096 0.997435749
1662064581399280896.000000 0.137989372 -0.102792069 0.301760316 0.019144917 0.073461697 0.006897245 0.997090459
1662064581441281536.000000 0.138235390 -0.104469523 0.312175602 0.019500341 0.077241383 0.006875396 0.996797979
1662064581489282560.000000 0.140985206 -0.108715132 0.322574735 0.017262073 0.081861392 0.008797498 0.996455431
1662064581531283712.000000 0.143764138 -0.112516955 0.334646821 0.017461017 0.085444756 0.008332620 0.996155083
1662064581564284416.000000 0.145538613 -0.115721576 0.342465073 0.019539114 0.087745845 0.008485354 0.995915174
1662064581606285056.000000 0.149819031 -0.119147785 0.353302479 0.021073096 0.090446092 0.009092089 0.995636880
1662064581651286016.000000 0.155476451 -0.122735970 0.364520907 0.022536632 0.093509324 0.009047656 0.995322227
1662064581690286848.000000 0.158613712 -0.125569478 0.374797285 0.024260016 0.095828675 0.010474935 0.995047033
1662064581732288000.000000 0.162785992 -0.126606196 0.383600593 0.022723282 0.097498812 0.011348254 0.994911551
1662064581777288960.000000 0.164864555 -0.130784422 0.393928885 0.021626405 0.100953214 0.010570113 0.994599938
1662064581816289536.000000 0.167640477 -0.132090554 0.402497411 0.026729055 0.102289610 0.012067361 0.994322300
1662064581861290752.000000 0.167139620 -0.133970633 0.401742995 0.025579469 0.102647260 0.012076491 0.994315565
1662064581903291392.000000 0.172462940 -0.150204793 0.423781067 0.025483428 0.107946716 0.011755065 0.993760526
1662064581945292544.000000 0.179437861 -0.151361346 0.438360363 0.027405076 0.108843997 0.013304993 0.993591964
1662064581987293184.000000 0.178072840 -0.156268969 0.448105514 0.028178023 0.113424532 0.011837400 0.993076444
1662064582032294400.000000 0.179231122 -0.159196988 0.457552433 0.025990726 0.117009372 0.011599627 0.992722929
1662064582068294912.000000 0.184674561 -0.167993873 0.464661956 0.020697668 0.116129182 0.012395410 0.992941141
1662064582113296128.000000 0.185366035 -0.171122760 0.479859710 0.027431034 0.118709028 0.013827905 0.992453814
1662064582152296704.000000 0.188651964 -0.177440003 0.487565279 0.026819641 0.119843505 0.013877040 0.992333531
1662064582194297856.000000 0.190738857 -0.174868613 0.494721383 0.030787369 0.119673312 0.013526855 0.992243707
1662064582239298560.000000 0.188696355 -0.179758072 0.514110625 0.027514484 0.125379562 0.016524125 0.991589606
1662064582278299648.000000 0.192910075 -0.188944057 0.525444388 0.027694063 0.126410171 0.015359642 0.991472423
1662064582320300288.000000 0.194848314 -0.189906001 0.536191821 0.031537719 0.127537072 0.015023737 0.991218448
1662064582365301248.000000 0.193507016 -0.198506892 0.547919691 0.030134305 0.130883262 0.017187843 0.990790665
1662064582404302080.000000 0.194378838 -0.207259819 0.558850467 0.026497483 0.132356897 0.019009503 0.990665555
1662064582446303232.000000 0.195254564 -0.209233120 0.569392741 0.026325736 0.133873403 0.017799865 0.990488768
1662064582485303808.000000 0.196238592 -0.209648147 0.581901848 0.031948816 0.135863781 0.018197499 0.990045011
1662064582536304896.000000 0.196415424 -0.217061013 0.595152676 0.031028977 0.137592435 0.018827267 0.989823759
1662064582578306048.000000 0.198728234 -0.220713466 0.605288386 0.033276133 0.138183549 0.017902367 0.989685595
1662064582620306688.000000 0.199207485 -0.222618863 0.616946101 0.030843103 0.138580561 0.019037439 0.989687681
1662064582665307648.000000 0.200305313 -0.227143988 0.627143800 0.033141937 0.139980748 0.019028241 0.989416480
1662064582707308544.000000 0.200277925 -0.230949327 0.635930896 0.033638291 0.141106203 0.019699054 0.989226758
1662064582752309504.000000 0.201724127 -0.234360695 0.649581373 0.036295034 0.140659869 0.019439815 0.989201546
1662064582794310656.000000 0.199926659 -0.236634523 0.657495022 0.037505720 0.142816976 0.019112648 0.988853574
1662064582839311360.000000 0.202926949 -0.242340758 0.670352817 0.036907382 0.140846640 0.019006977 0.989160657
1662064582881312256.000000 0.200757399 -0.244157419 0.679540396 0.034448296 0.142660305 0.017870860 0.989010632
1662064582923313152.000000 0.204583570 -0.249357790 0.690787673 0.036060855 0.140123099 0.019023003 0.989294350
1662064582965314048.000000 0.205322415 -0.249248892 0.699653149 0.038832843 0.138847888 0.019381639 0.989362240
1662064583007315200.000000 0.204082504 -0.255829573 0.713089406 0.038669977 0.139730349 0.018642386 0.989258587
1662064583058316288.000000 0.205618978 -0.259222120 0.724294186 0.037749384 0.138266549 0.018906914 0.989494741
1662064583100316928.000000 0.203722924 -0.264654189 0.735175014 0.032904677 0.138952851 0.017513476 0.989597201
1662064583145318144.000000 0.204300553 -0.267826647 0.746422470 0.036418345 0.137346163 0.019228235 0.989666641
1662064583187318784.000000 0.202127725 -0.269985229 0.757461309 0.039026398 0.137467340 0.017109998 0.989589274
1662064583229319936.000000 0.202584118 -0.272598386 0.765358329 0.039624352 0.135953471 0.015903346 0.989794791
1662064583274320896.000000 0.201352417 -0.275636524 0.779250741 0.038350716 0.135077804 0.016156876 0.989960730
1662064583319321600.000000 0.202354610 -0.280452728 0.790241122 0.038726714 0.132468641 0.016601101 0.990291238
1662064583364322560.000000 0.200121418 -0.285436034 0.801307917 0.039234664 0.131335765 0.015613272 0.990438163
1662064583409323776.000000 0.201602936 -0.286930352 0.810029626 0.041351825 0.128242716 0.015382121 0.990760982
1662064583454324480.000000 0.200650007 -0.289872110 0.820113659 0.041682739 0.126460329 0.014728222 0.990986168
1662064583499325440.000000 0.199891597 -0.294079423 0.830703259 0.037741389 0.123994470 0.014987548 0.991451681
1662064583544326656.000000 0.199070886 -0.295706689 0.842720807 0.041107409 0.121912017 0.013988731 0.991590619
1662064583589327616.000000 0.197297245 -0.300368786 0.855391026 0.042923834 0.118887089 0.012979079 0.991894603
1662064583631328256.000000 0.196802974 -0.302209198 0.862708390 0.044788737 0.116093695 0.011407794 0.992162347
1662064583676329472.000000 0.196095303 -0.306390524 0.875877559 0.044846207 0.112847835 0.011001675 0.992538750
1662064583715330048.000000 0.195894778 -0.309411377 0.885346115 0.042183593 0.109043919 0.010014157 0.993090987
1662064583760331264.000000 0.192275912 -0.311800390 0.895725310 0.044697296 0.108733125 0.008946615 0.993025303
1662064583802331904.000000 0.191533327 -0.314716011 0.906333268 0.044066690 0.105042122 0.007779614 0.993460536
1662064583847332864.000000 0.189878941 -0.317041248 0.915233672 0.044631425 0.101339728 0.007576890 0.993821442
1662064583886333696.000000 0.186943620 -0.320643693 0.925509810 0.044959098 0.099856183 0.008041979 0.993953109
1662064583928334592.000000 0.184926435 -0.323457450 0.936390281 0.042995807 0.097030580 0.006199074 0.994332969
1662064583973335808.000000 0.184748352 -0.323324591 0.937606931 0.043304872 0.096196376 0.006224432 0.994400442
1662064584018336512.000000 0.180729076 -0.328559965 0.955459774 0.045137674 0.089887597 0.005143739 0.994915247
1662064584063337472.000000 0.178267792 -0.332507223 0.966846347 0.046162188 0.085090205 0.004650638 0.995292485
1662064584102338304.000000 0.176389307 -0.334235638 0.973687649 0.047052644 0.081683755 0.003802491 0.995539784
1662064584141339392.000000 0.176332444 -0.335065007 0.977129579 0.047185276 0.080097109 0.004503791 0.995659471
1662064584183340032.000000 0.174670279 -0.337729752 0.989680767 0.044604395 0.071419336 0.000953605 0.996448159
1662064584222341120.000000 0.168935925 -0.341236144 1.002607822 0.047275744 0.070237830 0.000767162 0.996409118
1662064584264341760.000000 0.167627886 -0.342183650 1.010830998 0.048794568 0.066587880 0.000379748 0.996586740
1662064584309342976.000000 0.165361896 -0.344646901 1.020991087 0.048810251 0.060848497 -0.001007450 0.996952355
1662064584351343616.000000 0.161392957 -0.347635359 1.031713486 0.049780287 0.056979749 -0.001164460 0.997132897
1662064584393344768.000000 0.160024822 -0.348189563 1.041632295 0.047432695 0.052634388 -0.005097974 0.997473717
1662064584435345408.000000 0.157439649 -0.348430097 1.050576687 0.047182180 0.048833277 -0.007156663 0.997666299
1662064584477346304.000000 0.154683724 -0.353402168 1.060959697 0.048201248 0.042828534 -0.007299745 0.997892320
1662064584519347200.000000 0.153251514 -0.357184917 1.068652987 0.048250705 0.037897628 -0.007121513 0.998090684
1662064584561348096.000000 0.148207888 -0.356639951 1.079805136 0.050410498 0.033967316 -0.009069804 0.998109579
1662064584600348928.000000 0.146577150 -0.358364701 1.086836338 0.050137844 0.030121073 -0.010154576 0.998236418
1662064584645349888.000000 0.141081274 -0.361517280 1.099671960 0.048972514 0.024511332 -0.011838295 0.998429179
1662064584690351104.000000 0.137008965 -0.363358259 1.107611775 0.050593764 0.019779317 -0.012603653 0.998443902
1662064584729351680.000000 0.138359517 -0.364448428 1.115847945 0.050520767 0.014475614 -0.013705561 0.998524070
1662064584774352896.000000 0.133758307 -0.366005599 1.125803351 0.051612172 0.007407519 -0.015215623 0.998523831
1662064584816353536.000000 0.130820081 -0.368617266 1.137055397 0.048580147 0.004206976 -0.017082488 0.998664320
1662064584861354496.000000 0.127227753 -0.369001091 1.145683050 0.051619150 -0.001791533 -0.017768374 0.998507202
1662064584903355648.000000 0.122289926 -0.372099161 1.154927254 0.051774994 -0.006095640 -0.019189285 0.998455822
1662064584945356288.000000 0.119396515 -0.372224063 1.164319515 0.053972926 -0.012274753 -0.020800158 0.998250365
1662064584990357504.000000 0.113138378 -0.376020133 1.175245285 0.051711012 -0.015131526 -0.021684006 0.998311996
1662064585032358144.000000 0.110360891 -0.376880050 1.182590008 0.048562698 -0.020666076 -0.023692802 0.998325288
1662064585074359296.000000 0.106390104 -0.378967613 1.190968037 0.050537612 -0.025468390 -0.023816213 0.998113275
1662064585116359936.000000 0.102733016 -0.381220728 1.199819326 0.051106583 -0.031720988 -0.024463460 0.997889519
1662064585164360960.000000 0.097570837 -0.381888121 1.211576700 0.051902428 -0.037107650 -0.026161699 0.997619569
1662064585206362112.000000 0.094958983 -0.383670360 1.219369650 0.052113894 -0.042594898 -0.027264202 0.997359753
1662064585248362752.000000 0.091143638 -0.385237426 1.229166865 0.049640115 -0.047455855 -0.028702278 0.997226179
1662064585293363712.000000 0.088176101 -0.386476219 1.238059878 0.048726205 -0.053461351 -0.029808011 0.996934891
1662064585332364544.000000 0.087784626 -0.387201458 1.239751697 0.049567677 -0.055108801 -0.029447837 0.996814370
1662064585377365504.000000 0.080699958 -0.388845474 1.253909826 0.051737808 -0.063238859 -0.031286150 0.996165276
1662064585419366656.000000 0.077489331 -0.390036196 1.260944247 0.051976442 -0.067495875 -0.032367855 0.995838881
1662064585464367360.000000 0.072515711 -0.391919553 1.271665335 0.051901579 -0.074294515 -0.033727858 0.995313525
1662064585509368320.000000 0.068527073 -0.393299222 1.280364752 0.051343363 -0.079417750 -0.035520200 0.994884431
1662064585557369344.000000 0.067188777 -0.393632561 1.281576753 0.052329358 -0.080622882 -0.035919756 0.994721830
1662064585599370240.000000 0.059703209 -0.396591783 1.299716353 0.053867564 -0.090457216 -0.035932545 0.993793070
1662064585641371136.000000 0.056468099 -0.398069710 1.307138681 0.053365178 -0.096182369 -0.038159139 0.993199408
1662064585686372352.000000 0.052209854 -0.397718579 1.317107677 0.052195229 -0.100904606 -0.039851885 0.992726445
1662064585731373056.000000 0.048741061 -0.401940972 1.326521039 0.051065229 -0.106925361 -0.039981868 0.992149651
1662064585779374080.000000 0.044311672 -0.398091108 1.333571434 0.055215634 -0.110296488 -0.041799624 0.991483092
1662064585824375040.000000 0.041384421 -0.398694575 1.340161443 0.056453258 -0.115455173 -0.043285463 0.990762115
1662064585866375936.000000 0.035964243 -0.400244504 1.349975824 0.053930677 -0.119406790 -0.044298280 0.990389407
1662064585914376960.000000 0.031085087 -0.399570674 1.360968232 0.054225743 -0.125984102 -0.045661550 0.989496171
1662064585953378048.000000 0.027935918 -0.404666662 1.367633939 0.053923752 -0.130938679 -0.046311006 0.988839030
1662064586001379072.000000 0.024247108 -0.404695749 1.375792265 0.056125704 -0.135586724 -0.046394341 0.988085985
1662064586043379712.000000 0.019903995 -0.406928539 1.384017229 0.054975662 -0.140080184 -0.047238898 0.987483561
1662064586088380928.000000 0.016086170 -0.409346282 1.393333316 0.052956648 -0.144455105 -0.048917796 0.986881673
1662064586133381888.000000 0.012045151 -0.410111248 1.400883555 0.053245161 -0.149418175 -0.048954930 0.986125052
1662064586175382528.000000 0.006765271 -0.412124872 1.409446836 0.053817514 -0.153332755 -0.048621915 0.985509396
1662064586217383680.000000 0.006893497 -0.412974268 1.411957502 0.053946484 -0.155862167 -0.048631378 0.985104978
1662064586262384384.000000 0.000209436 -0.414041877 1.422771096 0.055547502 -0.161441997 -0.051211577 0.983985960
1662064586307385344.000000 -0.004017087 -0.414753437 1.431863785 0.053138442 -0.165107489 -0.051230378 0.983509719
1662064586352386560.000000 -0.007761383 -0.415045857 1.442982793 0.053108606 -0.170409277 -0.050333820 0.982652843
1662064586394387200.000000 -0.009709409 -0.416913271 1.441325068 0.053660683 -0.169481069 -0.051680446 0.982713521
1662064586442388224.000000 -0.017159568 -0.420902163 1.452841520 0.053846721 -0.173656821 -0.052252568 0.981943786
1662064586484389376.000000 -0.020893158 -0.422162682 1.463033080 0.054169770 -0.179071575 -0.053787827 0.980869949
1662064586526390016.000000 -0.024450932 -0.421321154 1.470729709 0.054267570 -0.182302237 -0.054395817 0.980235696
1662064586574391040.000000 -0.028554277 -0.423269629 1.478636861 0.051905595 -0.184826508 -0.055205770 0.979845524
1662064586619392256.000000 -0.032018367 -0.423842251 1.485817552 0.054407496 -0.187998578 -0.055906497 0.979066312
1662064586664392960.000000 -0.036474831 -0.425999105 1.493164659 0.053463817 -0.191130280 -0.055310175 0.978545666
1662064586706393856.000000 -0.040660452 -0.427254289 1.498936415 0.053998560 -0.192659378 -0.055959910 0.978179455
1662064586748395008.000000 -0.043773297 -0.427362919 1.506720543 0.052707709 -0.195545927 -0.056550525 0.977642953
1662064586790395648.000000 -0.047815282 -0.428560346 1.513692498 0.054536264 -0.197953135 -0.056553349 0.977057934
1662064586835396864.000000 -0.052350622 -0.429877132 1.522173047 0.054779612 -0.200341076 -0.056205355 0.976577520
1662064586874397440.000000 -0.054688510 -0.429437160 1.529150248 0.056057263 -0.202558711 -0.054486997 0.976144850
1662064586919398656.000000 -0.059036195 -0.430404663 1.535900116 0.054817632 -0.203820303 -0.055405773 0.975900888
1662064586964399616.000000 -0.062294438 -0.431708246 1.542539001 0.051502950 -0.204899237 -0.055681869 0.975839794
1662064587006400256.000000 -0.067585431 -0.432947576 1.551107883 0.052038316 -0.206885412 -0.056128111 0.975366652
1662064587048401408.000000 -0.069215782 -0.433427721 1.555531621 0.053426385 -0.208258346 -0.055644635 0.975027084
1662064587093402112.000000 -0.074061923 -0.435169876 1.563112736 0.053326577 -0.208908349 -0.055313773 0.974912286
1662064587135403264.000000 -0.077321671 -0.436123937 1.569788575 0.053193718 -0.209886581 -0.054951642 0.974729896
1662064587180404224.000000 -0.079929538 -0.436248958 1.578107119 0.051758595 -0.212124303 -0.055274416 0.974304438
1662064587225404928.000000 -0.081278339 -0.436584234 1.578954339 0.051075261 -0.211718827 -0.055697396 0.974404633
1662064587267406080.000000 -0.086945899 -0.438788444 1.591520071 0.052751705 -0.212949261 -0.054283325 0.974126875
1662064587312406784.000000 -0.089851126 -0.439969599 1.597429395 0.052658800 -0.213572383 -0.054478705 0.973984599
1662064587357407744.000000 -0.093810193 -0.440048784 1.605198026 0.053953491 -0.213599816 -0.053782582 0.973946452
1662064587396408832.000000 -0.096596390 -0.440452516 1.610515714 0.051428284 -0.212918639 -0.053803924 0.974230945
1662064587441409536.000000 -0.099501282 -0.441599995 1.618235350 0.051743880 -0.213626325 -0.053080089 0.974099040
1662064587483410688.000000 -0.102247417 -0.442103893 1.625708580 0.052774377 -0.214269176 -0.051730823 0.973975182
1662064587531411712.000000 -0.106114164 -0.444036543 1.632150769 0.052664176 -0.212761939 -0.051374305 0.974330306
1662064587576412416.000000 -0.108350255 -0.444548845 1.639958858 0.052980799 -0.212894946 -0.050177384 0.974346459
1662064587621413376.000000 -0.111308351 -0.445466042 1.646055102 0.052798849 -0.212279245 -0.049749721 0.974512577
1662064587666414592.000000 -0.113363415 -0.446300626 1.652893543 0.051961467 -0.211813584 -0.048199557 0.974736810
1662064587708415232.000000 -0.116308525 -0.447581768 1.657042861 0.052374963 -0.210435495 -0.048874732 0.974979520
1662064587750416384.000000 -0.119854450 -0.447602272 1.666365147 0.053188175 -0.209672958 -0.047090285 0.975187540
1662064587798417408.000000 -0.122054137 -0.448811531 1.672951937 0.053168602 -0.208193928 -0.045820300 0.975565970
1662064587840418048.000000 -0.124220490 -0.450114578 1.679746866 0.052053597 -0.206917763 -0.045502212 0.975912452
1662064587882419200.000000 -0.127543986 -0.450975925 1.683795929 0.050303284 -0.204054952 -0.045398284 0.976611614
1662064587921419776.000000 -0.128983855 -0.451411963 1.687888265 0.051356096 -0.202590689 -0.044151142 0.976918817
1662064587963420928.000000 -0.130902842 -0.452146590 1.696236253 0.051940855 -0.201744154 -0.042949341 0.977116585
1662064588005421568.000000 -0.132712305 -0.452891141 1.702276945 0.051782697 -0.200282633 -0.042255774 0.977455854
1662064588041422336.000000 -0.135387689 -0.453686714 1.708654404 0.049550191 -0.198317423 -0.041022833 0.978024602
1662064588083423488.000000 -0.137781218 -0.454904735 1.713858843 0.050014801 -0.195951551 -0.040970668 0.978479922
1662064588122424064.000000 -0.139625072 -0.456066489 1.720191240 0.050836824 -0.192836389 -0.039168999 0.979130030
1662064588173425152.000000 -0.142589197 -0.457889706 1.726752281 0.050337121 -0.188999340 -0.038853887 0.979916275
1662064588212426240.000000 -0.144104019 -0.458317727 1.733069897 0.050424077 -0.187096700 -0.036793321 0.980356336
1662064588257426944.000000 -0.144864798 -0.458910048 1.737815976 0.049659546 -0.185286239 -0.035690896 0.980779886
1662064588299428096.000000 -0.147652686 -0.460204810 1.744863868 0.047384501 -0.181545839 -0.035176642 0.981610119
1662064588341428736.000000 -0.149384648 -0.461332768 1.750738382 0.048262052 -0.178125069 -0.034339000 0.982223570
1662064588386429696.000000 -0.150803074 -0.462489367 1.757389188 0.048178658 -0.175335631 -0.032629453 0.982787669
1662064588431430912.000000 -0.152053446 -0.463601649 1.763719559 0.048447773 -0.172135159 -0.031450454 0.983378470
1662064588476431616.000000 -0.153645247 -0.464302421 1.771190763 0.048458945 -0.168880194 -0.029750099 0.983995020
1662064588521432576.000000 -0.153600439 -0.464978456 1.777156115 0.049258817 -0.166520804 -0.027660472 0.984418333
1662064588563433728.000000 -0.155323625 -0.466044992 1.780262709 0.046712682 -0.163734093 -0.027364887 0.985017896
1662064588608434432.000000 -0.156360313 -0.467277557 1.785317183 0.045287799 -0.160016581 -0.025755018 0.985738516
1662064588647435520.000000 -0.158068120 -0.468996912 1.795265317 0.046303634 -0.154114589 -0.023803633 0.986680329
1662064588689436160.000000 -0.158550456 -0.468993038 1.801962137 0.047559302 -0.151156813 -0.022055903 0.987118661
1662064588734437120.000000 -0.160422310 -0.469887555 1.808431029 0.048071139 -0.146992534 -0.020629616 0.987753451
1662064588776438272.000000 -0.161613911 -0.471115589 1.813266397 0.046621695 -0.143181950 -0.019953294 0.988396347
1662064588815439104.000000 -0.162397847 -0.471132755 1.820755124 0.045549877 -0.139824882 -0.016642850 0.988988042
1662064588860440064.000000 -0.164066628 -0.471891671 1.825998306 0.047323942 -0.134435534 -0.016039478 0.989661694
1662064588902440704.000000 -0.163895756 -0.472839981 1.829425693 0.046350472 -0.133267283 -0.014923805 0.989883244
1662064588938441472.000000 -0.164149553 -0.473817497 1.838067770 0.046084210 -0.128986940 -0.012306226 0.990498483
1662064588983442432.000000 -0.165569663 -0.475013554 1.843624711 0.045676868 -0.123448133 -0.012067060 0.991225779
1662064589025443328.000000 -0.166953310 -0.476039261 1.850474119 0.043948229 -0.117713347 -0.010698291 0.992017031
1662064589067444224.000000 -0.168168411 -0.476884544 1.855284452 0.044982381 -0.112889379 -0.010108384 0.992537379
1662064589112445440.000000 -0.168006435 -0.477805555 1.862909317 0.044494879 -0.109306522 -0.007400324 0.992984176
1662064589154446080.000000 -0.167330965 -0.479216725 1.868553996 0.044565622 -0.105612986 -0.005783374 0.993391335
1662064589196447232.000000 -0.167433426 -0.479951292 1.874762177 0.044814482 -0.101374447 -0.004758050 0.993827105
1662064589244448256.000000 -0.168410778 -0.480483472 1.881278157 0.042123780 -0.095186621 -0.002842496 0.994563758
1662064589280449024.000000 -0.167275891 -0.481511265 1.886540651 0.042003088 -0.092856571 -0.001593983 0.994791865
1662064589322449664.000000 -0.167526990 -0.481847793 1.892954350 0.043846231 -0.087904103 0.000479163 0.995163381
1662064589364450816.000000 -0.166820258 -0.483689934 1.899305344 0.043631192 -0.082878463 0.000959660 0.995603621
1662064589406451456.000000 -0.166641712 -0.484931916 1.904428482 0.043370273 -0.078190163 0.002875010 0.995990515
1662064589445452544.000000 -0.166119009 -0.486245841 1.909352899 0.039703485 -0.075303085 0.004240882 0.996360958
1662064589487453184.000000 -0.165977329 -0.487626106 1.914800048 0.040708993 -0.070252843 0.005515861 0.996683002
1662064589532454144.000000 -0.165102363 -0.488381743 1.922570348 0.042139757 -0.065738514 0.006805578 0.996923447
1662064589571454976.000000 -0.165634722 -0.489391208 1.926821589 0.041383285 -0.060330771 0.008002445 0.997288108
1662064589613456128.000000 -0.164787427 -0.490530968 1.933424473 0.041815169 -0.056737911 0.008523248 0.997476637
1662064589658457088.000000 -0.164829031 -0.491773874 1.937550068 0.039963357 -0.051263079 0.010624862 0.997828722
1662064589697457664.000000 -0.164408073 -0.493222147 1.945039868 0.039245870 -0.047418449 0.011646286 0.998035908
1662064589742458880.000000 -0.164088041 -0.494241685 1.949471354 0.039294772 -0.042636462 0.012166969 0.998243511
1662064589781459456.000000 -0.164119378 -0.495349288 1.957511663 0.039930444 -0.037885431 0.013233014 0.998396337
1662064589823460352.000000 -0.163129598 -0.496925801 1.961557746 0.039984431 -0.035181832 0.014685642 0.998472750
1662064589865461248.000000 -0.161819994 -0.496458501 1.969025612 0.039613295 -0.030180588 0.016466603 0.998623490
1662064589907462400.000000 -0.161394402 -0.498589694 1.975380659 0.039835103 -0.025308907 0.016998803 0.998741031
1662064589949463040.000000 -0.160298198 -0.500190794 1.981537223 0.038815476 -0.022046119 0.017600801 0.998848140
1662064589994464256.000000 -0.159096226 -0.501724839 1.988835931 0.038552161 -0.017278990 0.018481972 0.998936236
1662064590036464896.000000 -0.158116698 -0.502124906 1.994435549 0.038532797 -0.013495974 0.019147789 0.998982728
1662064590081465856.000000 -0.157282293 -0.503804624 2.001910210 0.035512988 -0.009763073 0.020164071 0.999118090
1662064590123467008.000000 -0.156286970 -0.505337894 2.007782459 0.036801111 -0.005384088 0.021349922 0.999080062
1662064590168467712.000000 -0.154776484 -0.506228209 2.014952898 0.037398148 -0.002103076 0.021583565 0.999065101
1662064590210468864.000000 -0.153589457 -0.507639885 2.021706581 0.036970951 0.002239062 0.022020847 0.999071181
1662064590255469568.000000 -0.152447388 -0.508371651 2.024429560 0.035419855 0.003270893 0.024219085 0.999073684
1662064590300470528.000000 -0.149947718 -0.510427415 2.036292315 0.034399800 0.009027163 0.025658594 0.999037921
1662064590348471552.000000 -0.149181530 -0.510851920 2.038916826 0.035758421 0.010498307 0.025430717 0.998981774
1662064590390472704.000000 -0.146736488 -0.513267756 2.049308777 0.036587503 0.016416067 0.026604239 0.998841405
1662064590435473408.000000 -0.147041798 -0.513519526 2.049318552 0.036153652 0.016529517 0.025832724 0.998875558
1662064590477474560.000000 -0.143920511 -0.515642285 2.062283516 0.034700103 0.022398217 0.028054968 0.998752832
1662064590516475136.000000 -0.142528325 -0.517644703 2.067627907 0.035258248 0.024981907 0.028211009 0.998667538
1662064590552475904.000000 -0.141646400 -0.518355489 2.071218014 0.035675213 0.026583262 0.028567510 0.998601258
1662064590594477056.000000 -0.139591128 -0.520513117 2.079311132 0.035636466 0.030139890 0.028880527 0.998492658
1662064590639478016.000000 -0.138199031 -0.521791101 2.085890055 0.035120986 0.031992033 0.029302759 0.998441041
1662064590687478784.000000 -0.136518911 -0.522867560 2.091552019 0.033664454 0.034432616 0.029926131 0.998391509
1662064590723479808.000000 -0.134272337 -0.523863554 2.097673178 0.034992550 0.035368804 0.030758234 0.998287857
1662064590762480384.000000 -0.133061200 -0.525411367 2.103743315 0.035628751 0.038213853 0.029608522 0.998195171
1662064590810481664.000000 -0.131214753 -0.527020097 2.111094952 0.036276236 0.040497810 0.030246200 0.998062670
1662064590849482240.000000 -0.129232302 -0.527682781 2.117023468 0.034114007 0.040666603 0.030079903 0.998137116
1662064590894483200.000000 -0.127775952 -0.528738320 2.123481989 0.034885637 0.042248964 0.030560335 0.998030126
1662064590939484416.000000 -0.125651971 -0.529966891 2.131577492 0.036890417 0.043730155 0.029974611 0.997911990
1662064590981485056.000000 -0.123982809 -0.531598210 2.136698961 0.037429128 0.044964895 0.029495670 0.997851312
1662064591023486208.000000 -0.122108378 -0.532421827 2.143912554 0.039239079 0.045712996 0.029306257 0.997753382
1662064591065486848.000000 -0.119787350 -0.533486187 2.150740385 0.037037786 0.045996543 0.030133279 0.997799873
1662064591107488000.000000 -0.119786210 -0.534072340 2.151908636 0.036964025 0.046582781 0.029902102 0.997782350
1662064591158489088.000000 -0.115642563 -0.536712646 2.162838221 0.038422789 0.046254605 0.029120067 0.997765601
1662064591206490112.000000 -0.113528959 -0.538316250 2.170363188 0.041173331 0.047355670 0.029017607 0.997607231
1662064591254491136.000000 -0.111704811 -0.543578565 2.175209999 0.038775809 0.048877016 0.027079673 0.997684479
1662064591296491776.000000 -0.109267965 -0.543654382 2.183110714 0.039473467 0.047522113 0.027793827 0.997702897
1662064591344492800.000000 -0.107134372 -0.541281581 2.193072081 0.040457457 0.045890022 0.028214311 0.997728050
1662064591389494016.000000 -0.105413459 -0.544671535 2.198054552 0.039695576 0.045881785 0.026639329 0.997802317
1662064591431494656.000000 -0.104731835 -0.544206977 2.198140144 0.040166318 0.045438468 0.026717119 0.997801721
1662064591479495680.000000 -0.097274788 -0.539323747 2.207696915 0.045024667 0.042927515 0.026141305 0.997720718
1662064591524496896.000000 -0.097810678 -0.549553454 2.215914965 0.041151181 0.041987341 0.025336822 0.997948766
1662064591569497600.000000 -0.095111109 -0.552427351 2.223566532 0.039698027 0.039762303 0.024294304 0.998124659
1662064591611498496.000000 -0.095523305 -0.554061115 2.227284908 0.038903050 0.039283331 0.023620661 0.998191118
1662064591650499328.000000 -0.092545636 -0.556370139 2.233533382 0.040313389 0.037084341 0.021951763 0.998257339
1662064591689500416.000000 -0.090514809 -0.558274448 2.240377903 0.042030368 0.034982819 0.021186139 0.998278916
1662064591734501120.000000 -0.087782897 -0.557717383 2.243392467 0.043228067 0.032630827 0.020043550 0.998331010
1662064591776502016.000000 -0.084914699 -0.561015427 2.252965927 0.040102936 0.029098013 0.019141607 0.998588383
1662064591821503232.000000 -0.082267351 -0.563062906 2.259663343 0.042823538 0.026351333 0.016471054 0.998599231
1662064591863503872.000000 -0.081069782 -0.564540148 2.264281511 0.042903226 0.024726747 0.015238110 0.998656988
1662064591905505024.000000 -0.077919826 -0.566594183 2.271860838 0.044392567 0.020226151 0.013263077 0.998721361
1662064591950505728.000000 -0.075506076 -0.568486392 2.277739525 0.044650190 0.017162975 0.011499219 0.998789072
1662064591992506624.000000 -0.073645703 -0.570461631 2.283792496 0.042366199 0.013477512 0.011023382 0.998950481
1662064592037507840.000000 -0.071979195 -0.572285950 2.289766788 0.045092806 0.010915151 0.008092981 0.998890400
1662064592079508480.000000 -0.069700584 -0.574378252 2.295773745 0.045800466 0.006716867 0.006325311 0.998907983
1662064592124509696.000000 -0.067781322 -0.576431394 2.302105665 0.046241868 0.003053792 0.004919582 0.998913527
1662064592163510272.000000 -0.066504307 -0.577894330 2.306914091 0.045486324 0.000277289 0.003628641 0.998958349
1662064592202511360.000000 -0.064895406 -0.579471290 2.312265396 0.045693506 -0.003477087 0.002477882 0.998946369
1662064592247512064.000000 -0.062797233 -0.581867337 2.319492817 0.047594603 -0.008953579 -0.000577261 0.998826444
1662064592289513216.000000 -0.062216952 -0.582925558 2.322145224 0.048715554 -0.010915530 -0.001881372 0.998751342
1662064592328513792.000000 -0.061224002 -0.584630013 2.330198765 0.051933762 -0.015360176 -0.005074349 0.998519540
1662064592370514944.000000 -0.058721900 -0.587963641 2.336333036 0.050005130 -0.021314982 -0.007424068 0.998493969
1662064592412515584.000000 -0.057184286 -0.589048028 2.341850996 0.051148515 -0.025975250 -0.009643900 0.998306632
1662064592451516672.000000 -0.055648107 -0.588965356 2.349623919 0.054839198 -0.031483408 -0.011476750 0.997932792
1662064592490517504.000000 -0.053755440 -0.590238035 2.356034994 0.058158994 -0.038019825 -0.013655792 0.997489631
1662064592532518144.000000 -0.059085716 -0.598526776 2.350364685 0.052519981 -0.029503595 -0.018633027 0.998010039
1662064592577519104.000000 -0.055071205 -0.599724948 2.357538462 0.053391542 -0.037953094 -0.021080457 0.997629464
1662064592622520320.000000 -0.057858791 -0.600322783 2.355879068 0.053126909 -0.035457294 -0.021013949 0.997736871
1662064592661520896.000000 -0.044110596 -0.603157759 2.377185345 0.056203321 -0.062640399 -0.023825355 0.996167541
1662064592706522112.000000 -0.043234594 -0.609208763 2.378626823 0.052357465 -0.065048985 -0.027929481 0.996116102
1662064592748522752.000000 -0.040098019 -0.611264229 2.387447119 0.054394882 -0.075405568 -0.030707274 0.995194614
1662064592790523648.000000 -0.039849684 -0.614062905 2.391438723 0.051799394 -0.080117203 -0.032473337 0.994908810
1662064592829524480.000000 -0.041784897 -0.614390552 2.394623280 0.052168466 -0.082501061 -0.031829227 0.994715512
1662064592871525632.000000 -0.036807656 -0.620413542 2.405122280 0.052711677 -0.095536426 -0.038234770 0.993293762
1662064592913526272.000000 -0.034345061 -0.622096181 2.411695719 0.054721892 -0.103610560 -0.040436409 0.992287874
1662064592955527424.000000 -0.033548046 -0.622236967 2.416256428 0.055277299 -0.110497706 -0.041622590 0.991464734
1662064593000528384.000000 -0.029998675 -0.628977716 2.421332359 0.052449804 -0.118984960 -0.047451921 0.990373611
1662064593045529088.000000 -0.027574187 -0.631624579 2.426532030 0.051706620 -0.127657056 -0.051106777 0.989150226
1662064593087530240.000000 -0.027280509 -0.632849753 2.432479143 0.054353718 -0.134932458 -0.053201869 0.987931430
1662064593129530880.000000 -0.025493087 -0.634898007 2.437326670 0.055193041 -0.142203763 -0.055476803 0.986739159
1662064593168531968.000000 -0.022159912 -0.637230933 2.443824530 0.056808829 -0.152229771 -0.058806922 0.984957159
1662064593210532608.000000 -0.022019494 -0.639073670 2.448042631 0.055177376 -0.158657596 -0.060419876 0.983937383
1662064593252533760.000000 -0.018806059 -0.640093863 2.453692675 0.056889515 -0.168223247 -0.062250912 0.982135117
1662064593297534464.000000 -0.017176293 -0.641849399 2.458488464 0.059020825 -0.176008612 -0.065127231 0.980457008
1662064593342535424.000000 -0.015954956 -0.644399047 2.466182709 0.060260646 -0.187607288 -0.068071105 0.978027880
1662064593384536576.000000 -0.013983451 -0.646840453 2.470382214 0.060719199 -0.195663840 -0.070681512 0.976234138
1662064593429537280.000000 -0.013013020 -0.648167372 2.477022648 0.060341097 -0.205540165 -0.072470695 0.974094570
1662064593468538368.000000 -0.012697875 -0.649680555 2.479265690 0.061703965 -0.210058823 -0.074603833 0.972883523
1662064593510539008.000000 -0.010546029 -0.654860914 2.485320568 0.062418103 -0.221525848 -0.080128707 0.969850361
1662064593555539968.000000 -0.010114968 -0.659297824 2.489458799 0.061386243 -0.229587495 -0.083889402 0.967721045
1662064593600541184.000000 -0.007127911 -0.663246810 2.494395494 0.062097762 -0.239314497 -0.087734342 0.964974165
1662064593648542208.000000 -0.006017298 -0.667619884 2.500455379 0.061164256 -0.250320166 -0.091473646 0.961889505
1662064593687543040.000000 -0.005008429 -0.670170605 2.504135609 0.060000338 -0.258297056 -0.094112806 0.959596455
1662064593732544000.000000 -0.005157128 -0.670289636 2.504214287 0.059878971 -0.258152485 -0.094329961 0.959621668
1662064593771544576.000000 -0.003592700 -0.677404284 2.511788845 0.060704660 -0.274151385 -0.100961097 0.954443693
1662064593816545792.000000 -0.002819717 -0.681982040 2.516511440 0.060476780 -0.284051627 -0.105430447 0.951073945
1662064593861546496.000000 -0.001865357 -0.685012996 2.520525455 0.061389063 -0.293046087 -0.108744495 0.947908223
1662064593903547648.000000 -0.001333773 -0.687936306 2.523693085 0.061227459 -0.300324202 -0.111518845 0.945314884
1662064593942548224.000000 -0.000550002 -0.691617131 2.527724028 0.060474269 -0.311104685 -0.114650965 0.941494524
1662064593984549376.000000 0.000010669 -0.694354653 2.530829668 0.059165228 -0.317564607 -0.116193436 0.939229071
1662064594026550016.000000 0.001254618 -0.698329031 2.534469843 0.060429897 -0.328692853 -0.120764382 0.934732735
1662064594071550976.000000 0.002331078 -0.701565623 2.538214445 0.061239373 -0.337551653 -0.124151684 0.931071997
1662064594113552128.000000 0.003117323 -0.704087615 2.541553497 0.062816367 -0.345996976 -0.128406078 0.927282155
1662064594161552896.000000 0.002280235 -0.705780864 2.546675682 0.062677354 -0.357177824 -0.129779965 0.922850370
1662064594206553856.000000 0.001929641 -0.707557082 2.550164938 0.061920073 -0.365911782 -0.131811738 0.919184506
1662064594248555008.000000 0.001448810 -0.707968056 2.552274227 0.063441828 -0.371794969 -0.133202747 0.916515589
1662064594287555584.000000 0.001527488 -0.710105479 2.555797577 0.064797416 -0.381733298 -0.136449128 0.911845744
1662064594326556416.000000 0.001877010 -0.711448193 2.557724476 0.065352246 -0.387459606 -0.138407141 0.909091651
1662064594371557376.000000 0.002207220 -0.712822914 2.562992096 0.068247542 -0.399575979 -0.141163245 0.903191209
1662064594416558592.000000 0.002028227 -0.714499176 2.565397739 0.069298096 -0.407817662 -0.143389761 0.899067223
1662064594452559360.000000 0.001561582 -0.716118097 2.568113804 0.068266533 -0.416186005 -0.144878343 0.895063758
1662064594494560000.000000 0.001479566 -0.717291236 2.569997072 0.069275215 -0.422056705 -0.146728262 0.891930401
1662064594533561088.000000 0.001225531 -0.719263673 2.572350502 0.070146061 -0.431221008 -0.149510130 0.887003243
1662064594578561792.000000 0.001198947 -0.720925450 2.574930429 0.072449520 -0.439996094 -0.151841074 0.882099092
1662064594623562752.000000 0.000980258 -0.721856177 2.576973200 0.073602170 -0.446277976 -0.152773589 0.878680229
1662064594665563904.000000 0.000036120 -0.723669708 2.580191612 0.075968012 -0.455612838 -0.155773178 0.873144031
1662064594704564480.000000 -0.000238419 -0.724499047 2.582225084 0.076902203 -0.461667001 -0.156806275 0.869690478
1662064594746565632.000000 -0.000020146 -0.725174308 2.584886312 0.078270353 -0.469887078 -0.157630563 0.865004361
1662064594788566272.000000 -0.000115752 -0.726390004 2.586872578 0.078795105 -0.478744209 -0.159768522 0.859691441
1662064594830567424.000000 -0.000447750 -0.727311492 2.588415861 0.078969121 -0.483897865 -0.160170466 0.856710136
1662064594869568000.000000 -0.000499845 -0.728891909 2.589665651 0.080188423 -0.492431998 -0.163389146 0.851107836
1662064594908568832.000000 -0.000166297 -0.729284883 2.591601849 0.082631558 -0.498592615 -0.163500026 0.847257495
1662064594950569984.000000 -0.001087070 -0.730669022 2.592947483 0.084066570 -0.504204690 -0.165633604 0.843371749
1662064594995570944.000000 -0.001864791 -0.730617762 2.594159126 0.086132705 -0.509008229 -0.166532487 0.840094507
1662064595037571584.000000 -0.003507137 -0.734683752 2.597243309 0.086772352 -0.521080196 -0.169902846 0.831912875
1662064595076572416.000000 -0.003454089 -0.734674633 2.597186804 0.088096961 -0.524638236 -0.171196640 0.829268038
1662064595115573504.000000 -0.004344821 -0.735314786 2.599338770 0.089736566 -0.531837881 -0.172618613 0.824195743
1662064595157574144.000000 -0.005371571 -0.735956907 2.600553274 0.092371643 -0.538177490 -0.174277827 0.819426537
1662064595199575296.000000 -0.004586101 -0.738003433 2.603106737 0.093523808 -0.546492994 -0.173751563 0.813885272
1662064595244576256.000000 -0.004506707 -0.738018990 2.603018284 0.096711695 -0.551820159 -0.175587028 0.809512675
1662064595286576896.000000 -0.004672170 -0.738017738 2.603302479 0.097397052 -0.557098091 -0.174044758 0.806141436
1662064595331578112.000000 -0.004620790 -0.738051057 2.603173733 0.098887973 -0.563618898 -0.172646374 0.801715851
1662064595373578752.000000 -0.006232738 -0.740633368 2.607074738 0.100169152 -0.571222425 -0.175106704 0.795618534
1662064595415579904.000000 -0.005631208 -0.741524041 2.607876539 0.101077095 -0.577392876 -0.177181005 0.790574431
1662064595460580864.000000 -0.007192969 -0.743139088 2.610394955 0.103482187 -0.583196044 -0.178436518 0.785706222
1662064595502581504.000000 -0.007829905 -0.744090199 2.611139059 0.105660833 -0.587727249 -0.180742979 0.781501532
1662064595550582528.000000 -0.006458521 -0.744602323 2.611489296 0.108192652 -0.593529463 -0.179101676 0.777135611
1662064595592583424.000000 -0.007194996 -0.745562911 2.613328457 0.111610375 -0.600500226 -0.180378735 0.770977437
1662064595637584384.000000 -0.007822037 -0.745398402 2.613888025 0.114683680 -0.604107440 -0.179244012 0.767967105
1662064595676585472.000000 -0.007383347 -0.745726466 2.613349199 0.115288205 -0.607913315 -0.179527655 0.764800549
1662064595718586112.000000 -0.007158279 -0.747606754 2.614302874 0.116643287 -0.613582551 -0.181034505 0.759695530
1662064595757586944.000000 -0.006930590 -0.748681664 2.614577055 0.119993366 -0.618552387 -0.179516345 0.755492151
1662064595802587904.000000 -0.007924795 -0.752648890 2.614561558 0.119283609 -0.622644007 -0.184086114 0.751131296
1662064595847589120.000000 -0.007321119 -0.752995253 2.614456415 0.121990852 -0.625991285 -0.183886841 0.747956395
1662064595886589696.000000 -0.007332087 -0.753027678 2.614528418 0.124704652 -0.628933728 -0.183812842 0.745052993
1662064595925590528.000000 -0.007116556 -0.753140211 2.614520788 0.129738018 -0.632650435 -0.182280168 0.741414487
1662064595967591424.000000 -0.006839514 -0.753322363 2.614482641 0.131336346 -0.635359228 -0.181687146 0.738958180
1662064596012592640.000000 -0.007025719 -0.752996087 2.614812613 0.135102078 -0.639281929 -0.178249717 0.735726297
1662064596057593344.000000 -0.007011414 -0.753063440 2.614814281 0.138325229 -0.643921494 -0.177520439 0.731243968
1662064596099594240.000000 -0.007145405 -0.753072143 2.614820719 0.140050396 -0.644290447 -0.178435832 0.730367303
1662064596141595136.000000 -0.006990194 -0.753045201 2.615242720 0.146678343 -0.650603831 -0.176821172 0.723833144
1662064596183596032.000000 -0.004660130 -0.752673626 2.614559412 0.148843676 -0.653947294 -0.176163778 0.720530927
1662064596228597248.000000 -0.002410650 -0.752318919 2.614315271 0.153631791 -0.657427728 -0.180616468 0.715236962
1662064596273597952.000000 -0.000669718 -0.752059400 2.614211082 0.159435034 -0.661887646 -0.181421325 0.709627807
1662064596312599040.000000 -0.000674248 -0.752067089 2.614253998 0.161598355 -0.664058387 -0.181008086 0.707211792
1662064596357599744.000000 -0.000756264 -0.752057016 2.614270449 0.163975492 -0.666222811 -0.178105503 0.705363452
1662064596402600704.000000 -0.000826120 -0.751984119 2.614345551 0.170896813 -0.669431508 -0.176460668 0.701083004
1662064596441601792.000000 0.000899792 -0.751453340 2.614313841 0.179473236 -0.672640324 -0.175242558 0.696156859
1662064596483602432.000000 0.000602722 -0.751192451 2.614418507 0.182379887 -0.673960865 -0.172946617 0.694696903
1662064596525603584.000000 0.001102448 -0.751373410 2.614152908 0.190248027 -0.676495671 -0.171049729 0.690580487
1662064596567604224.000000 0.001782179 -0.752662778 2.614105940 0.190843910 -0.678740382 -0.174001127 0.687469125
1662064596567604224.000000 0.001782179 -0.752662778 2.614105940 0.190843910 -0.678740382 -0.174001127 0.687469125
1662064596567604224.000000 0.001782179 -0.752662778 2.614105940 0.190843910 -0.678740382 -0.174001127 0.687469125
1662064596567604224.000000 0.001782179 -0.752662778 2.614105940 0.190843910 -0.678740382 -0.174001127 0.687469125
1662064596567604224.000000 0.001782179 -0.752662778 2.614105940 0.190843910 -0.678740382 -0.174001127 0.687469125
1662064596567604224.000000 0.001782179 -0.752662778 2.614105940 0.190843910 -0.678740382 -0.174001127 0.687469125
1662064596567604224.000000 0.001782179 -0.752662778 2.614105940 0.190843910 -0.678740382 -0.174001127 0.687469125
1662064596567604224.000000 0.001782179 -0.752662778 2.614105940 0.190843910 -0.678740382 -0.174001127 0.687469125
1662064596567604224.000000 0.001782179 -0.752662778 2.614105940 0.190843910 -0.678740382 -0.174001127 0.687469125
1662064596567604224.000000 0.001782179 -0.752662778 2.614105940 0.190843910 -0.678740382 -0.174001127 0.687469125
1662064596567604224.000000 0.001782179 -0.752662778 2.614105940 0.190843910 -0.678740382 -0.174001127 0.687469125
1662064596567604224.000000 0.001782179 -0.752662778 2.614105940 0.190843910 -0.678740382 -0.174001127 0.687469125
1662064596567604224.000000 0.001782179 -0.752662778 2.614105940 0.190843910 -0.678740382 -0.174001127 0.687469125
1662064596567604224.000000 0.001782179 -0.752662778 2.614105940 0.190843910 -0.678740382 -0.174001127 0.687469125
1662064596567604224.000000 0.001782179 -0.752662778 2.614105940 0.190843910 -0.678740382 -0.174001127 0.687469125
1662064596567604224.000000 0.001782179 -0.752662778 2.614105940 0.190843910 -0.678740382 -0.174001127 0.687469125
1662064596567604224.000000 0.001782179 -0.752662778 2.614105940 0.190843910 -0.678740382 -0.174001127 0.687469125
1662064596567604224.000000 0.001782179 -0.752662778 2.614105940 0.190843910 -0.678740382 -0.174001127 0.687469125
1662064596567604224.000000 0.001782179 -0.752662778 2.614105940 0.190843910 -0.678740382 -0.174001127 0.687469125
1662064596567604224.000000 0.001782179 -0.752662778 2.614105940 0.190843910 -0.678740382 -0.174001127 0.687469125
1662064596567604224.000000 0.001782179 -0.752662778 2.614105940 0.190843910 -0.678740382 -0.174001127 0.687469125
1662064596567604224.000000 0.001782179 -0.752662778 2.614105940 0.190843910 -0.678740382 -0.174001127 0.687469125
1662064596567604224.000000 0.001782179 -0.752662778 2.614105940 0.190843910 -0.678740382 -0.174001127 0.687469125
1662064596567604224.000000 0.001782179 -0.752662778 2.614105940 0.190843910 -0.678740382 -0.174001127 0.687469125
1662064596567604224.000000 0.001782179 -0.752662778 2.614105940 0.190843910 -0.678740382 -0.174001127 0.687469125
1662064596567604224.000000 0.001782179 -0.752662778 2.614105940 0.190843910 -0.678740382 -0.174001127 0.687469125
1662064596567604224.000000 0.001782179 -0.752662778 2.614105940 0.190843910 -0.678740382 -0.174001127 0.687469125
1662064596567604224.000000 0.001782179 -0.752662778 2.614105940 0.190843910 -0.678740382 -0.174001127 0.687469125
1662064596567604224.000000 0.001782179 -0.752662778 2.614105940 0.190843910 -0.678740382 -0.174001127 0.687469125
1662064596567604224.000000 0.001782179 -0.752662778 2.614105940 0.190843910 -0.678740382 -0.174001127 0.687469125
1662064596567604224.000000 0.001782179 -0.752662778 2.614105940 0.190843910 -0.678740382 -0.174001127 0.687469125
1662064596567604224.000000 0.001782179 -0.752662778 2.614105940 0.190843910 -0.678740382 -0.174001127 0.687469125
1662064596567604224.000000 0.001782179 -0.752662778 2.614105940 0.190843910 -0.678740382 -0.174001127 0.687469125
1662064596567604224.000000 0.001782179 -0.752662778 2.614105940 0.190843910 -0.678740382 -0.174001127 0.687469125
1662064596567604224.000000 0.001782179 -0.752662778 2.614105940 0.190843910 -0.678740382 -0.174001127 0.687469125
1662064596567604224.000000 0.001782179 -0.752662778 2.614105940 0.190843910 -0.678740382 -0.174001127 0.687469125
1662064596567604224.000000 0.001782179 -0.752662778 2.614105940 0.190843910 -0.678740382 -0.174001127 0.687469125
1662064596567604224.000000 0.001782179 -0.752662778 2.614105940 0.190843910 -0.678740382 -0.174001127 0.687469125
1662064596567604224.000000 0.001782179 -0.752662778 2.614105940 0.190843910 -0.678740382 -0.174001127 0.687469125
1662064596567604224.000000 0.001782179 -0.752662778 2.614105940 0.190843910 -0.678740382 -0.174001127 0.687469125
1662064596567604224.000000 0.001782179 -0.752662778 2.614105940 0.190843910 -0.678740382 -0.174001127 0.687469125
1662064596567604224.000000 0.001782179 -0.752662778 2.614105940 0.190843910 -0.678740382 -0.174001127 0.687469125
1662064596567604224.000000 0.001782179 -0.752662778 2.614105940 0.190843910 -0.678740382 -0.174001127 0.687469125
1662064596567604224.000000 0.001782179 -0.752662778 2.614105940 0.190843910 -0.678740382 -0.174001127 0.687469125
1662064596567604224.000000 0.001782179 -0.752662778 2.614105940 0.190843910 -0.678740382 -0.174001127 0.687469125
1662064596567604224.000000 0.001782179 -0.752662778 2.614105940 0.190843910 -0.678740382 -0.174001127 0.687469125
1662064596567604224.000000 0.001782179 -0.752662778 2.614105940 0.190843910 -0.678740382 -0.174001127 0.687469125
1662064596567604224.000000 0.001782179 -0.752662778 2.614105940 0.190843910 -0.678740382 -0.174001127 0.687469125
1662064596567604224.000000 0.001782179 -0.752662778 2.614105940 0.190843910 -0.678740382 -0.174001127 0.687469125
1662064596567604224.000000 0.001782179 -0.752662778 2.614105940 0.190843910 -0.678740382 -0.174001127 0.687469125
1662064596567604224.000000 0.001782179 -0.752662778 2.614105940 0.190843910 -0.678740382 -0.174001127 0.687469125
1662064596567604224.000000 0.001782179 -0.752662778 2.614105940 0.190843910 -0.678740382 -0.174001127 0.687469125
1662064596567604224.000000 0.001782179 -0.752662778 2.614105940 0.190843910 -0.678740382 -0.174001127 0.687469125
1662064596567604224.000000 0.001782179 -0.752662778 2.614105940 0.190843910 -0.678740382 -0.174001127 0.687469125
1662064596567604224.000000 0.001782179 -0.752662778 2.614105940 0.190843910 -0.678740382 -0.174001127 0.687469125
1662064596567604224.000000 0.001782179 -0.752662778 2.614105940 0.190843910 -0.678740382 -0.174001127 0.687469125
1662064596567604224.000000 0.001782179 -0.752662778 2.614105940 0.190843910 -0.678740382 -0.174001127 0.687469125
1662064596567604224.000000 0.001782179 -0.752662778 2.614105940 0.190843910 -0.678740382 -0.174001127 0.687469125
1662064596567604224.000000 0.001782179 -0.752662778 2.614105940 0.190843910 -0.678740382 -0.174001127 0.687469125
1662064596567604224.000000 0.001782179 -0.752662778 2.614105940 0.190843910 -0.678740382 -0.174001127 0.687469125
1662064596567604224.000000 0.001782179 -0.752662778 2.614105940 0.190843910 -0.678740382 -0.174001127 0.687469125
1662064596567604224.000000 0.001782179 -0.752662778 2.614105940 0.190843910 -0.678740382 -0.174001127 0.687469125
1662064596567604224.000000 0.001782179 -0.752662778 2.614105940 0.190843910 -0.678740382 -0.174001127 0.687469125
1662064596567604224.000000 0.001782179 -0.752662778 2.614105940 0.190843910 -0.678740382 -0.174001127 0.687469125
1662064596567604224.000000 0.001782179 -0.752662778 2.614105940 0.190843910 -0.678740382 -0.174001127 0.687469125
1662064596567604224.000000 0.001782179 -0.752662778 2.614105940 0.190843910 -0.678740382 -0.174001127 0.687469125
1662064596567604224.000000 0.001782179 -0.752662778 2.614105940 0.190843910 -0.678740382 -0.174001127 0.687469125
1662064596567604224.000000 0.001782179 -0.752662778 2.614105940 0.190843910 -0.678740382 -0.174001127 0.687469125
1662064596567604224.000000 0.001782179 -0.752662778 2.614105940 0.190843910 -0.678740382 -0.174001127 0.687469125
1662064596567604224.000000 0.001782179 -0.752662778 2.614105940 0.190843910 -0.678740382 -0.174001127 0.687469125
1662064596567604224.000000 0.001782179 -0.752662778 2.614105940 0.190843910 -0.678740382 -0.174001127 0.687469125
