1662064526147102208.000000 -0.006082992 0.009429970 0.017922772 -0.001349286 0.022284739 0.005859560 0.999733567
1662064526189102848.000000 -0.006949609 0.014449869 0.026671739 -0.000430537 0.029108820 0.010038937 0.999525785
1662064526231104000.000000 -0.011644466 0.017824566 0.034724515 -0.000259298 0.044876385 0.013385593 0.998902857
1662064526276104704.000000 -0.014152862 0.023162372 0.044099838 -0.001338876 0.057571683 0.016420217 0.998205423
1662064526324105728.000000 -0.016774151 0.027882811 0.052327279 -0.000183295 0.068690330 0.020289086 0.997431695
1662064526366106624.000000 -0.016804745 0.034197751 0.062540010 0.000881688 0.078734525 0.025473936 0.996569753
1662064526405107456.000000 -0.021330718 0.035157885 0.066269249 0.001239216 0.089839891 0.027381621 0.995579004
1662064526450108416.000000 -0.022477949 0.036794648 0.069015376 0.001586415 0.094280154 0.028395656 0.995139420
1662064526492109312.000000 -0.027598117 0.045058880 0.084269710 0.003375364 0.115921803 0.035054944 0.992633820
1662064526534110208.000000 -0.029100128 0.048365183 0.089725070 0.004052700 0.124647893 0.038142599 0.991459370
1662064526579111424.000000 -0.032854520 0.052962236 0.099470206 0.004397005 0.140231565 0.043014899 0.989174187
1662064526624112128.000000 -0.035715137 0.057617024 0.107220143 0.004793772 0.153763205 0.047401305 0.986958444
1662064526666113024.000000 -0.037535761 0.061381247 0.113924302 0.004755917 0.164503053 0.050495677 0.985071719
1662064526708113920.000000 -0.039851774 0.064761944 0.120746896 0.004848716 0.176601067 0.054241627 0.982774854
1662064526753114880.000000 -0.041892037 0.068459429 0.127012506 0.006762722 0.188060522 0.059165619 0.980350435
1662064526798116096.000000 -0.043441154 0.071949191 0.133624256 0.006880055 0.199960753 0.064197563 0.977674365
1662064526840116736.000000 -0.045693368 0.077297971 0.141354069 0.007371699 0.213300049 0.067975424 0.974591315
1662064526885117696.000000 -0.048123010 0.081135958 0.148241311 0.007846157 0.227202982 0.072411507 0.971119881
1662064526927118848.000000 -0.049174517 0.084127776 0.152948424 0.009094980 0.237051710 0.077645980 0.968346477
1662064526969119488.000000 -0.050592937 0.086659662 0.156957150 0.009023411 0.247877210 0.083326034 0.965159237
1662064527020120576.000000 -0.052987095 0.090958394 0.165666416 0.008832570 0.263009995 0.086284660 0.960886419
1662064527062121728.000000 -0.054725103 0.095362939 0.172042191 0.008605621 0.276203305 0.089687400 0.956866741
1662064527104122368.000000 -0.055991992 0.097527213 0.175894812 0.009104986 0.286004514 0.093375638 0.953624427
1662064527149123328.000000 -0.056755602 0.099055789 0.179562703 0.007712871 0.295642972 0.097855419 0.950242162
1662064527185124096.000000 -0.058297373 0.104361773 0.185924053 0.008715320 0.308983654 0.101128310 0.945635378
1662064527227125248.000000 -0.059297614 0.104002155 0.187733710 0.006229554 0.314187467 0.102487370 0.943792284
1662064527269125888.000000 -0.060833041 0.109183438 0.194016337 0.008591630 0.328487188 0.106862336 0.938404381
1662064527311127040.000000 -0.061911184 0.111695945 0.199611813 0.006785058 0.343497723 0.112345606 0.932385027
1662064527353127680.000000 -0.063243628 0.116025619 0.204159051 0.008174378 0.353839874 0.115541853 0.928105950
1662064527389128448.000000 -0.063871473 0.118457936 0.207304075 0.006998338 0.364362329 0.118659675 0.923640072
1662064527431129344.000000 -0.064768434 0.122065440 0.212699860 0.006970572 0.376878679 0.122323960 0.918123543
1662064527470130176.000000 -0.064749867 0.124351978 0.213972688 0.006660830 0.383955300 0.125340521 0.914780796
1662064527512131328.000000 -0.065563053 0.125116557 0.216043293 0.007217456 0.389571339 0.127148420 0.912148774
1662064527557132288.000000 -0.065215126 0.128948912 0.219867930 0.005869267 0.402570724 0.131591916 0.905862033
1662064527602132992.000000 -0.066393845 0.133312494 0.225148126 0.006225549 0.418939680 0.137503639 0.897520840
1662064527644134144.000000 -0.066315264 0.135089278 0.227890015 0.004699565 0.429458648 0.141336426 0.891945839
1662064527692135168.000000 -0.066445678 0.138356149 0.230924413 0.004374019 0.440698266 0.144547239 0.885930002
1662064527731135744.000000 -0.066327289 0.139938921 0.232936263 0.004483625 0.447654128 0.146743387 0.882072628
1662064527776136960.000000 -0.066977575 0.144082502 0.238500267 0.004623393 0.462612748 0.148340806 0.874049842
1662064527815137536.000000 -0.067163862 0.146381766 0.240220115 0.004370944 0.473541766 0.152247161 0.867502153
1662064527863138560.000000 -0.066497907 0.147891641 0.241508752 0.003435339 0.479326010 0.154282331 0.863962889
1662064527905139456.000000 -0.066679865 0.151438549 0.245507851 0.003798595 0.493712217 0.158563599 0.855038881
1662064527950140416.000000 -0.066402830 0.153133035 0.248136193 0.003732280 0.501845181 0.159019381 0.850206137
1662064527992141568.000000 -0.065825738 0.153885931 0.247856855 0.002538558 0.506262422 0.163256884 0.846781671
1662064528037142272.000000 -0.064822882 0.158360809 0.252059489 0.002243439 0.525803685 0.167533457 0.833941281
1662064528079143168.000000 -0.063699514 0.160045013 0.253823012 0.002089184 0.534706116 0.168515503 0.828062475
1662064528124144384.000000 -0.063408270 0.161348909 0.254358053 0.000865340 0.543061435 0.169485509 0.822410047
1662064528172145408.000000 -0.062024191 0.163049698 0.255522400 0.000456545 0.553505599 0.174357817 0.814389765
1662064528214146048.000000 -0.061210886 0.164359063 0.256494671 0.001241382 0.560339868 0.175635293 0.809425771
1662064528262147072.000000 -0.060274914 0.165055275 0.257929206 0.000122969 0.568116665 0.177210480 0.803641737
1662064528304147968.000000 -0.057764709 0.166951224 0.259250432 -0.001793771 0.583102226 0.180242926 0.792149663
1662064528349148928.000000 -0.056283668 0.167897776 0.259939879 -0.002489643 0.592251420 0.182572305 0.784792602
1662064528391150080.000000 -0.054806039 0.168876842 0.260080010 -0.001984440 0.598735571 0.183813497 0.779566765
1662064528430150656.000000 -0.052975446 0.169304937 0.260927111 -0.002625719 0.608920097 0.185831979 0.771152377
1662064528472151808.000000 -0.050909981 0.169578448 0.261244148 -0.004242562 0.617659509 0.188155204 0.763594449
1662064528514152448.000000 -0.049243867 0.170132890 0.261410326 -0.004808180 0.624408007 0.190374330 0.757528305
1662064528556153600.000000 -0.046831459 0.169999018 0.261233330 -0.006349328 0.632566392 0.191833392 0.750346184
1662064528592154368.000000 -0.045057490 0.170471236 0.261427760 -0.005481623 0.639515758 0.192633808 0.744232357
1662064528628154880.000000 -0.042950004 0.170527816 0.261146635 -0.006366799 0.645590842 0.194431543 0.738490522
1662064528667155712.000000 -0.040472597 0.170494914 0.260685414 -0.006810381 0.653164268 0.195607513 0.731483281
1662064528712156672.000000 -0.037782192 0.170305088 0.260101050 -0.008003420 0.660508633 0.197557449 0.724317133
1662064528754157824.000000 -0.034821823 0.170027003 0.259491265 -0.008228971 0.668683469 0.198416755 0.716537178
1662064528796158464.000000 -0.031745255 0.170050532 0.258734524 -0.008566882 0.676064134 0.199030995 0.709401548
1662064528838159616.000000 -0.029447690 0.169971764 0.258349150 -0.009214410 0.682225943 0.200537413 0.703041732
1662064528883160320.000000 -0.025810778 0.168944255 0.256970197 -0.010498765 0.689590871 0.202883705 0.695120394
1662064528922161408.000000 -0.022857860 0.167892143 0.256140858 -0.009807155 0.696975052 0.203924626 0.687418640
1662064528964162048.000000 -0.018784851 0.167215005 0.254556745 -0.010187133 0.704039335 0.204062432 0.680134833
1662064529009163264.000000 -0.015532330 0.166074365 0.253270745 -0.010043578 0.710445940 0.205233946 0.673085988
1662064529048163840.000000 -0.012675300 0.165731788 0.252231449 -0.011419195 0.715954304 0.206138164 0.666922867
1662064529093164800.000000 -0.008360103 0.164303616 0.249848604 -0.010644867 0.722742677 0.206794113 0.659367800
1662064529138166016.000000 -0.004239842 0.163393140 0.249297917 -0.011553113 0.729751289 0.205970123 0.651848197
1662064529183166720.000000 -0.000330597 0.161775574 0.246505290 -0.010786669 0.735321164 0.207757369 0.644998729
1662064529225167872.000000 0.002662867 0.161299273 0.245701909 -0.012333671 0.739569843 0.208885655 0.639727414
1662064529267168512.000000 0.006974071 0.159336045 0.242570937 -0.013233537 0.745443940 0.210490301 0.632322729
1662064529309169408.000000 0.010728449 0.158894554 0.238659918 -0.011830846 0.749993920 0.208550155 0.627595544
1662064529354170624.000000 0.015566632 0.156494275 0.237273514 -0.011686289 0.756760359 0.209166721 0.619214416
1662064529396171264.000000 0.020189911 0.156318694 0.234971970 -0.012988724 0.761799634 0.208537787 0.613192201
1662064529438172416.000000 0.023609012 0.152960390 0.232271090 -0.011887023 0.766297281 0.210529983 0.606897295
1662064529480173056.000000 0.029087946 0.149823874 0.229837105 -0.011297630 0.771512449 0.211742163 0.599838495
1662064529525174016.000000 0.033151343 0.149088711 0.227654636 -0.011626099 0.777050555 0.209542975 0.593421459
1662064529564174848.000000 0.036825195 0.146544516 0.224975914 -0.013197872 0.779874921 0.211801246 0.588864326
1662064529609175808.000000 0.042237848 0.144414961 0.222424254 -0.011439450 0.785972536 0.210262045 0.581297100
1662064529654177024.000000 0.047250450 0.140866324 0.217858419 -0.010229632 0.789538085 0.211595595 0.575979531
1662064529693177600.000000 0.052977130 0.140287399 0.217892215 -0.011148000 0.795775414 0.208942801 0.568295896
1662064529738178816.000000 0.058341816 0.136617944 0.214381441 -0.011594780 0.799301565 0.210950568 0.562567770
1662064529780179456.000000 0.061792299 0.134550422 0.211906105 -0.011079487 0.801959336 0.212181330 0.558316767
1662064529822180608.000000 0.066194922 0.132903799 0.210194185 -0.010968694 0.805444777 0.211230755 0.553642571
1662064529867181312.000000 0.072915226 0.128366739 0.205140412 -0.009470911 0.810620129 0.211252674 0.546056509
1662064529915182336.000000 0.078876525 0.125016570 0.201965526 -0.008519545 0.815334499 0.210572094 0.539274156
1662064529957183488.000000 0.082570195 0.122110158 0.199520141 -0.008369622 0.817041278 0.212119281 0.536077440
1662064530002184448.000000 0.089041144 0.117492393 0.193823457 -0.008702773 0.820065022 0.215378791 0.530122340
1662064530047185152.000000 0.095560834 0.115017727 0.190935299 -0.006468507 0.825692117 0.211470366 0.522944510
1662064530092186112.000000 0.102822885 0.112108625 0.189463213 -0.006753579 0.831029892 0.209852695 0.515078306
1662064530134187264.000000 0.108143017 0.108137667 0.184893414 -0.006652062 0.833346486 0.211439252 0.510669053
1662064530182188032.000000 0.113582030 0.104911365 0.180570245 -0.006988139 0.835835218 0.212396666 0.506180227
1662064530227188992.000000 0.120709747 0.100133613 0.176587075 -0.005300983 0.839811862 0.212393492 0.499576807
1662064530269190144.000000 0.124126688 0.097251028 0.174628019 -0.004952502 0.841213584 0.213990495 0.496531337
1662064530308190720.000000 0.132390901 0.092911229 0.170439094 -0.004431391 0.845842063 0.213032663 0.489028394
1662064530350191872.000000 0.137803525 0.090115860 0.167045832 -0.003855192 0.848132730 0.213174954 0.484987170
1662064530395192576.000000 0.145079195 0.085271746 0.161670864 -0.003798720 0.851114213 0.215055585 0.478895932
1662064530437193728.000000 0.151515082 0.082642019 0.159477174 -0.002959044 0.854866505 0.213089570 0.473061860
1662064530482194432.000000 0.157731339 0.078088835 0.154892191 -0.001800962 0.857432544 0.213070840 0.468409032
1662064530521195520.000000 0.162033424 0.075914040 0.152069300 -0.002735203 0.858770669 0.214410067 0.465332061
1662064530566196480.000000 0.170421615 0.070461050 0.146430209 -0.001152458 0.862220705 0.214865312 0.458701462
1662064530611197184.000000 0.171764985 0.070195951 0.144678086 -0.000390620 0.862707794 0.214389086 0.458009273
1662064530653198336.000000 0.183221847 0.062410079 0.138186544 0.000815011 0.867462873 0.214073688 0.449087977
1662064530695198976.000000 0.187514141 0.059645981 0.135104418 0.002163202 0.869069159 0.213957340 0.446023017
1662064530740199936.000000 0.196478873 0.054411061 0.129935533 0.002754769 0.872360289 0.214518756 0.439273953
1662064530788201216.000000 0.203854412 0.050595365 0.126479492 0.002958458 0.875515580 0.213474154 0.433465779
1662064530833202176.000000 0.209304094 0.046002895 0.121949643 0.006049744 0.877564490 0.213035986 0.429487616
1662064530872202752.000000 0.215618253 0.042089608 0.118096828 0.007904957 0.879803777 0.213808149 0.424463212
1662064530920204032.000000 0.223798513 0.037946954 0.113377243 0.007801139 0.882574499 0.213063627 0.419052869
1662064530962204672.000000 0.230442092 0.033477891 0.109065294 0.010104745 0.884763360 0.213303655 0.414238334
1662064531007205632.000000 0.234142408 0.031205229 0.106899485 0.010216442 0.886102378 0.212372825 0.411844730
1662064531049206784.000000 0.243563458 0.026072269 0.100936860 0.013219269 0.889511228 0.210699946 0.405216753
1662064531097207552.000000 0.250120759 0.021278584 0.096222579 0.013549963 0.891112745 0.211838052 0.401072443
1662064531142208512.000000 0.257185131 0.017086325 0.091461420 0.013901355 0.892743886 0.213641167 0.396450073
1662064531184209664.000000 0.260438383 0.014570599 0.089615822 0.015817290 0.894482613 0.211792439 0.393439621
1662064531223210240.000000 0.267910570 0.009765264 0.084763199 0.017186847 0.896786034 0.211705714 0.388149709
1662064531265211392.000000 0.275798261 0.005699437 0.080192849 0.017235275 0.899104059 0.212154448 0.382498801
1662064531310212096.000000 0.283745795 0.000755250 0.075554878 0.018086342 0.901515067 0.212816373 0.376367778
1662064531352213248.000000 0.289080143 -0.003348071 0.071743160 0.019743031 0.903212130 0.212036356 0.372637570
1662064531394213888.000000 0.296365619 -0.007357135 0.067053080 0.021038169 0.905844867 0.210420489 0.367049992
1662064531436215040.000000 0.297540486 -0.008199003 0.066839248 0.021323925 0.906075120 0.210803747 0.366244376
1662064531478215680.000000 0.308168590 -0.013878334 0.059429199 0.022275945 0.908892870 0.212295875 0.358256966
1662064531517216768.000000 0.314355642 -0.018406264 0.055605799 0.024571899 0.910890937 0.211496234 0.353473186
1662064531556217344.000000 0.319797456 -0.021419737 0.051941037 0.025359482 0.912445068 0.211325660 0.349488825
1662064531601218560.000000 0.327414811 -0.027062099 0.046632081 0.026609579 0.914686859 0.212037429 0.343045264
1662064531646219264.000000 0.331743449 -0.029031843 0.043222070 0.027365040 0.915942252 0.212300926 0.339454412
1662064531685220352.000000 0.339869261 -0.033454660 0.039230138 0.028602639 0.918645501 0.211154237 0.332695454
1662064531727220992.000000 0.345266819 -0.037450716 0.034621000 0.030301768 0.920152545 0.211581677 0.328076720
1662064531769222144.000000 0.351109236 -0.040886752 0.030675650 0.031382691 0.921899676 0.211352825 0.323181242
1662064531808222720.000000 0.357009649 -0.043482639 0.027805537 0.032763973 0.924025238 0.210057005 0.317773551
1662064531847223808.000000 0.362544596 -0.047154516 0.023986608 0.032629650 0.925267696 0.212107569 0.312770545
1662064531892224512.000000 0.369259357 -0.050532714 0.019623160 0.034348652 0.927419186 0.210871801 0.306996673
1662064531934225664.000000 0.375284195 -0.054296453 0.015550405 0.035744697 0.929134786 0.210959613 0.301540941
1662064531982226688.000000 0.382022977 -0.058320712 0.011149943 0.036739361 0.931150496 0.211325124 0.294873953
1662064532027227392.000000 0.387166977 -0.061248500 0.006208956 0.036833763 0.932382226 0.212764785 0.289892823
1662064532069228288.000000 0.388481438 -0.060831308 0.005866259 0.037953753 0.932890654 0.212003574 0.288667798
1662064532111229184.000000 0.396273971 -0.065819204 0.000152469 0.039403886 0.935333848 0.211036623 0.281178802
1662064532159230208.000000 0.405272603 -0.070827231 -0.006771207 0.042144023 0.938016117 0.211668909 0.271193653
1662064532201231360.000000 0.409938991 -0.073145762 -0.010406643 0.044104863 0.939530611 0.211832672 0.265450537
1662064532246232320.000000 0.415554225 -0.076463148 -0.015138507 0.043489471 0.940759122 0.213698283 0.259642005
1662064532291233024.000000 0.419901282 -0.079092927 -0.019096047 0.045527734 0.942220390 0.213699430 0.253930151
1662064532330234112.000000 0.424701005 -0.081820101 -0.023324221 0.047899909 0.944064736 0.212438852 0.247622997
1662064532372234752.000000 0.429746687 -0.083875597 -0.026420236 0.048940375 0.945645988 0.212433502 0.241310030
1662064532417235968.000000 0.434993148 -0.086511686 -0.031268865 0.048946947 0.946788132 0.214505062 0.234912798
1662064532462236928.000000 0.440249085 -0.089161426 -0.036026508 0.050637547 0.948482096 0.214269519 0.227829322
1662064532504237568.000000 0.443393230 -0.090292469 -0.038485765 0.051548526 0.949521124 0.213818908 0.223682806
1662064532543238400.000000 0.448010176 -0.093826078 -0.043104768 0.052768871 0.950838268 0.214820862 0.216735020
1662064532585239296.000000 0.453078061 -0.095463216 -0.047144741 0.054433901 0.952446640 0.214954987 0.208989754
1662064532627240192.000000 0.454084396 -0.096536651 -0.048322111 0.054072529 0.952698529 0.215770334 0.207086638
1662064532672241152.000000 0.461065710 -0.099617690 -0.054266840 0.055270284 0.954634070 0.217355371 0.195897192
1662064532714242304.000000 0.464560777 -0.100921139 -0.057741374 0.057786956 0.956160307 0.216131791 0.188958347
1662064532756242944.000000 0.467051685 -0.102742612 -0.060036540 0.057834823 0.956725657 0.217030823 0.185010463
1662064532795244032.000000 0.472094595 -0.104315884 -0.064964622 0.058558632 0.958175182 0.218316570 0.175525174
1662064532837244672.000000 0.473008394 -0.104971930 -0.065703094 0.059099060 0.958604515 0.218147323 0.173195049
1662064532882245888.000000 0.478593946 -0.107024997 -0.072511107 0.061634522 0.960616350 0.217754066 0.161247000
1662064532927246848.000000 0.482636541 -0.108281605 -0.076393366 0.063781582 0.961937547 0.217824772 0.152185842
1662064532966247680.000000 0.485811085 -0.109515190 -0.080181360 0.063755617 0.962822437 0.218793347 0.145043522
1662064533008248320.000000 0.488330036 -0.111073926 -0.083381861 0.065059550 0.963391602 0.220116511 0.138537601
1662064533047249408.000000 0.490173638 -0.112562247 -0.086471260 0.066446073 0.964055240 0.220551223 0.132437110
1662064533089250048.000000 0.493160278 -0.113994487 -0.090125144 0.067528009 0.964940310 0.221355453 0.123822279
1662064533131251200.000000 0.495195866 -0.114409618 -0.093230784 0.068737827 0.965690851 0.221211389 0.117395937
1662064533173251840.000000 0.499160141 -0.114588462 -0.096621722 0.069184326 0.966603696 0.221887842 0.107965589
1662064533215252992.000000 0.499855042 -0.114970729 -0.099404514 0.071728103 0.966908276 0.222939998 0.101199225
1662064533257253632.000000 0.502870083 -0.115733802 -0.101877138 0.069772929 0.967237651 0.224745676 0.095249943
1662064533302254592.000000 0.505126953 -0.115847930 -0.105786458 0.070754528 0.967813849 0.225280911 0.087056108
1662064533344255744.000000 0.507439077 -0.116500996 -0.109881505 0.071725860 0.968766987 0.224887401 0.075971082
1662064533386256384.000000 0.508965909 -0.116384022 -0.112590879 0.072084300 0.969110012 0.225386366 0.069503218
1662064533428257536.000000 0.510926902 -0.116573632 -0.116361544 0.072769791 0.969264448 0.227248326 0.059910599
1662064533470258176.000000 0.512514889 -0.116058573 -0.119372353 0.073088005 0.969917953 0.226458237 0.051322818
1662064533512259328.000000 0.513245702 -0.116727300 -0.122301683 0.074332960 0.970106065 0.226872712 0.043563098
1662064533551259904.000000 0.514561474 -0.115926899 -0.125495270 0.074505039 0.970241368 0.227682948 0.035230078
1662064533593261056.000000 0.515183032 -0.114468127 -0.128106028 0.075246848 0.970263064 0.228341416 0.028066738
1662064533638261760.000000 0.516395211 -0.115559325 -0.131786615 0.075274833 0.970266998 0.229304820 0.018304652
1662064533680262912.000000 0.514902294 -0.116135031 -0.133685052 0.077472389 0.970209420 0.229261115 0.011451272
1662064533722263552.000000 0.517981708 -0.114576273 -0.136955634 0.075670533 0.970266104 0.229877889 0.003728332
1662064533767264512.000000 0.518673182 -0.112951994 -0.140133947 -0.076135926 -0.970191836 -0.229984254 0.006198986
1662064533809265664.000000 0.518231988 -0.113148063 -0.142034501 -0.077335760 -0.969577968 -0.231972888 0.011242665
1662064533851266304.000000 0.518771112 -0.111502022 -0.145844415 -0.077189542 -0.969206452 -0.232715487 0.022895148
1662064533893267456.000000 0.518506169 -0.111381523 -0.148097605 -0.076779194 -0.968999267 -0.233080566 0.028615672
1662064533935268096.000000 0.519046426 -0.109290317 -0.151591778 -0.076321714 -0.968702197 -0.232726887 0.040363420
1662064533977269248.000000 0.518605828 -0.108471557 -0.153944880 -0.076448269 -0.968189359 -0.233563155 0.047046319
1662064534022269952.000000 0.519361019 -0.108284138 -0.155355617 -0.075528905 -0.967814803 -0.234550774 0.051145956
1662064534067270912.000000 0.517482877 -0.105746418 -0.159999922 -0.077514209 -0.966123521 -0.236876145 0.066982903
1662064534109272064.000000 0.516210556 -0.105034001 -0.162447006 -0.077679150 -0.965338707 -0.237489447 0.075405404
1662064534154272768.000000 0.514943004 -0.104097642 -0.164774671 -0.078024484 -0.964878976 -0.236827418 0.082665250
1662064534193273856.000000 0.514572382 -0.101582915 -0.166516811 -0.076558635 -0.964600086 -0.235402629 0.090945646
1662064534238274560.000000 0.513363719 -0.099078387 -0.170332730 -0.076473579 -0.963139892 -0.237114921 0.101439305
1662064534280275456.000000 0.511810064 -0.097822279 -0.172228754 -0.077668793 -0.962074041 -0.237839207 0.108690627
1662064534322276352.000000 0.509777784 -0.095360652 -0.175216064 -0.076861523 -0.960970283 -0.237926766 0.118403435
1662064534367277312.000000 0.508788109 -0.094323918 -0.176347688 -0.078070924 -0.960312545 -0.238372564 0.121997386
1662064534409278464.000000 0.506579280 -0.090856805 -0.180093318 -0.076528385 -0.958589017 -0.238503397 0.135523677
1662064534451279104.000000 0.505514383 -0.089036837 -0.181769609 -0.076209851 -0.957605541 -0.238579333 0.142350376
1662064534499280128.000000 0.502044261 -0.086485893 -0.184754863 -0.077192910 -0.955607116 -0.240368634 0.151918620
1662064534544281344.000000 0.499805987 -0.084159873 -0.187230572 -0.076881632 -0.954020083 -0.240755469 0.161157638
1662064534589282048.000000 0.497423887 -0.081171975 -0.189813599 -0.075149700 -0.952779412 -0.239706114 0.170601577
1662064534634283008.000000 0.495377123 -0.079135470 -0.190684140 -0.074840285 -0.952100992 -0.239304036 0.175032422
1662064534673284096.000000 0.490884483 -0.075800478 -0.194476023 -0.074467197 -0.949939370 -0.239490300 0.186317667
1662064534712284928.000000 0.488719165 -0.074594535 -0.196526468 -0.074353747 -0.948487878 -0.240139663 0.192808881
1662064534754285568.000000 0.486524284 -0.070819192 -0.198537380 -0.073684409 -0.946814418 -0.240460500 0.200728074
1662064534799286528.000000 0.483963430 -0.068538010 -0.200089380 -0.074274532 -0.945461452 -0.240268722 0.207019120
1662064534844287744.000000 0.479706049 -0.064738162 -0.203147575 -0.072635002 -0.943442047 -0.239549860 0.217387214
1662064534892288768.000000 0.477274328 -0.061924882 -0.205740690 -0.070402309 -0.941670537 -0.238494307 0.226761177
1662064534937289472.000000 0.472875208 -0.058812905 -0.206925750 -0.070363894 -0.940039456 -0.238607630 0.233326465
1662064534979290368.000000 0.469468862 -0.056268286 -0.209143430 -0.071768180 -0.938158333 -0.239912599 0.239061013
1662064535021291264.000000 0.465352863 -0.052978292 -0.211465299 -0.072267182 -0.936063111 -0.240328833 0.246587634
1662064535060292352.000000 0.461637825 -0.049627084 -0.212307006 -0.069600768 -0.935214102 -0.237935022 0.252818614
1662064535105293312.000000 0.457989603 -0.047673564 -0.215177402 -0.068015240 -0.933251262 -0.238269016 0.260084569
1662064535156294400.000000 0.452806473 -0.043459713 -0.216739088 -0.067463741 -0.931638300 -0.237397596 0.266723126
1662064535201295104.000000 0.449171752 -0.040382136 -0.219571412 -0.068186350 -0.928759933 -0.238647088 0.275323927
1662064535249296128.000000 0.444337517 -0.036732886 -0.221210063 -0.067909718 -0.927022457 -0.237563670 0.282101542
1662064535291297280.000000 0.439907253 -0.034635685 -0.223995686 -0.065961003 -0.925220311 -0.237186566 0.288719833
1662064535336297984.000000 0.438099474 -0.032340392 -0.224693045 -0.064644299 -0.924309909 -0.235557020 0.293232620
1662064535375299072.000000 0.431288630 -0.027766921 -0.227227867 -0.063249044 -0.922239602 -0.235315174 0.300167412
1662064535417299712.000000 0.426457077 -0.024885468 -0.229232162 -0.063933983 -0.920300961 -0.235997871 0.305391073
1662064535459300864.000000 0.422026366 -0.022051424 -0.231591731 -0.063897930 -0.918253243 -0.236931935 0.310791463
1662064535501301504.000000 0.416205168 -0.016918972 -0.232991964 -0.062655844 -0.916575372 -0.235476837 0.317040473
1662064535543302656.000000 0.411709577 -0.014087483 -0.235284656 -0.060529746 -0.915245950 -0.233445346 0.322745025
1662064535585303296.000000 0.406218082 -0.011505604 -0.237234563 -0.059374467 -0.913866043 -0.232875437 0.327250242
1662064535627304192.000000 0.401230931 -0.007840022 -0.239727080 -0.057857528 -0.912316501 -0.231904194 0.332492888
1662064535669305088.000000 0.396939754 -0.004720584 -0.240846932 -0.056577094 -0.911259890 -0.230663329 0.336450458
1662064535714306048.000000 0.390731514 -0.000994883 -0.243072301 -0.057371832 -0.909271240 -0.231780499 0.340899080
1662064535753306880.000000 0.386273801 0.001347221 -0.244900495 -0.056613971 -0.908056080 -0.230716005 0.344962776
1662064535795307776.000000 0.380793273 0.004934952 -0.246664673 -0.054965369 -0.907122970 -0.229511946 0.348469555
1662064535837308928.000000 0.375642478 0.008222297 -0.247454971 -0.053761475 -0.906496644 -0.227184072 0.351796925
1662064535879309568.000000 0.369762301 0.011019945 -0.249790519 -0.053487733 -0.905036032 -0.228053331 0.355021864
1662064535921310720.000000 0.367685646 0.012765691 -0.250591159 -0.053920299 -0.904342175 -0.228159353 0.356652766
1662064535969311488.000000 0.357496291 0.018850595 -0.254732281 -0.052564573 -0.901715398 -0.229083687 0.362859398
1662064536014312448.000000 0.351038069 0.022261254 -0.255810142 -0.050673310 -0.901616156 -0.226333424 0.365094185
1662064536056313600.000000 0.345124960 0.025800515 -0.258205265 -0.048663214 -0.900662124 -0.224973962 0.368546247
1662064536104314624.000000 0.339318156 0.030241877 -0.260137528 -0.047318943 -0.899835944 -0.223840147 0.371418595
1662064536143315200.000000 0.335771888 0.031959102 -0.261625409 -0.048837461 -0.898636401 -0.225763112 0.372959226
1662064536185316096.000000 0.328901112 0.034449887 -0.264658749 -0.046059564 -0.897942245 -0.224772736 0.375573486
1662064536230317056.000000 0.320871890 0.038902972 -0.267005354 -0.044158269 -0.897543430 -0.222145990 0.378308088
1662064536275318272.000000 0.315596879 0.041587200 -0.269451231 -0.042891137 -0.896868289 -0.221579626 0.380381525
1662064536323319296.000000 0.308928221 0.044532180 -0.272084177 -0.042332187 -0.896021366 -0.222235098 0.382054061
1662064536365319936.000000 0.302500963 0.048073992 -0.273913682 -0.043405600 -0.895331264 -0.222573191 0.383352339
1662064536410320896.000000 0.295429438 0.050888628 -0.276386201 -0.041764911 -0.895421028 -0.220552608 0.384491235
1662064536452322048.000000 0.289581597 0.053999923 -0.278068185 -0.040048614 -0.895605743 -0.218772203 0.385259926
1662064536497322752.000000 0.284250617 0.056768514 -0.280575007 -0.037963416 -0.895457745 -0.218199849 0.386138588
1662064536545323776.000000 0.276573420 0.059755057 -0.283807546 -0.037367683 -0.894924641 -0.218175516 0.387444139
1662064536593324800.000000 0.269755930 0.062781982 -0.285513073 -0.038074832 -0.894919991 -0.218982890 0.386930376
1662064536635325952.000000 0.263127059 0.065778702 -0.288941771 -0.036751747 -0.894398034 -0.219720185 0.387846053
1662064536677326592.000000 0.258366525 0.067010522 -0.290607959 -0.035758160 -0.894782305 -0.217610762 0.388241798
1662064536719327744.000000 0.250817925 0.070149042 -0.293442249 -0.033966478 -0.895175576 -0.217692763 0.387449145
1662064536761328384.000000 0.245274037 0.072380327 -0.295366198 -0.033044286 -0.895834029 -0.216969430 0.386411488
1662064536806329600.000000 0.238376558 0.075354107 -0.297730088 -0.031544540 -0.896615446 -0.215615332 0.385481268
1662064536854330624.000000 0.231575936 0.078038163 -0.300031453 -0.031625744 -0.897131503 -0.216263890 0.383907497
1662064536905331712.000000 0.224276304 0.081066139 -0.303077906 -0.028996337 -0.898030281 -0.214636311 0.382925689
1662064536950332416.000000 0.218042612 0.083385721 -0.305491328 -0.026912080 -0.899036884 -0.213743538 0.381211430
1662064536992333312.000000 0.212115407 0.085160069 -0.308108330 -0.026076699 -0.899589241 -0.213659182 0.380011797
1662064537034334464.000000 0.205172718 0.086966649 -0.310828745 -0.024918787 -0.900667250 -0.213414326 0.377666473
1662064537079335168.000000 0.199440449 0.089008875 -0.312904537 -0.024591368 -0.901592016 -0.212939277 0.375744671
1662064537124336128.000000 0.193105698 0.091141239 -0.315602064 -0.024441272 -0.902314126 -0.214659289 0.373032480
1662064537163336960.000000 0.187260896 0.092876419 -0.317024022 -0.024762290 -0.903670788 -0.214031309 0.370076537
1662064537202338048.000000 0.182698309 0.094671428 -0.319652766 -0.022730596 -0.904638231 -0.212684512 0.368616819
1662064537244338688.000000 0.176379949 0.095749751 -0.322186589 -0.021370886 -0.905951083 -0.212797195 0.365394831
1662064537289339904.000000 0.169259071 0.097889587 -0.324207753 -0.020331740 -0.907967746 -0.211698920 0.361060768
1662064537331340544.000000 0.163585395 0.099427380 -0.327319711 -0.019585138 -0.908905566 -0.211188078 0.359035760
1662064537376341504.000000 0.163670421 0.099586278 -0.327226579 -0.019337870 -0.909025133 -0.210857049 0.358941108
1662064537421342720.000000 0.151181072 0.102235362 -0.332314521 -0.017256590 -0.912213862 -0.210254237 0.351228207
1662064537463343360.000000 0.144845814 0.103714272 -0.334744275 -0.018668890 -0.913790464 -0.211551458 0.346243471
1662064537505344512.000000 0.139708757 0.105071582 -0.337145150 -0.016282629 -0.915209949 -0.210864976 0.343018413
1662064537553345536.000000 0.133408636 0.106455490 -0.340008706 -0.014920793 -0.917162001 -0.209353909 0.338765889
1662064537595346176.000000 0.128042430 0.107362136 -0.342493564 -0.013005234 -0.918843985 -0.209422261 0.334214032
1662064537640347136.000000 0.121711314 0.108027525 -0.345134974 -0.012559872 -0.920704603 -0.209943473 0.328738660
1662064537688348416.000000 0.115308046 0.109538972 -0.347888172 -0.011583378 -0.922571659 -0.210564151 0.323094547
1662064537733349376.000000 0.108677775 0.110435456 -0.350462079 -0.008743942 -0.924830258 -0.210282683 0.316849828
1662064537775350016.000000 0.105189383 0.110774398 -0.353672326 -0.008358746 -0.925717831 -0.209913999 0.314503908
1662064537817351168.000000 0.100084603 0.111509442 -0.355546415 -0.007398691 -0.927916408 -0.208910465 0.308663011
1662064537856351744.000000 0.094484836 0.112020612 -0.357808262 -0.006751168 -0.929459393 -0.208918512 0.303994566
1662064537898352896.000000 0.090038717 0.113458477 -0.360020161 -0.004876195 -0.931281090 -0.209410921 0.298058540
1662064537940353536.000000 0.084714919 0.112620570 -0.363242745 -0.004602470 -0.932592452 -0.209977239 0.293529749
1662064537988354560.000000 0.078982174 0.113119103 -0.366296887 -0.002797876 -0.934519529 -0.209726438 0.287541777
1662064538033355776.000000 0.073968709 0.113011010 -0.369211078 -0.002044905 -0.936072052 -0.210505202 0.281873196
1662064538078356480.000000 0.068492204 0.113532528 -0.371786594 -0.000473165 -0.938217282 -0.210365489 0.274762839
1662064538123357440.000000 0.063594908 0.113261521 -0.374674678 0.000250073 -0.939678013 -0.210969016 0.269253284
1662064538171358464.000000 0.061298579 0.113439649 -0.376396924 -0.000014062 -0.940201223 -0.212180510 0.266460449
1662064538213359360.000000 0.053745776 0.113488860 -0.380609781 0.001248457 -0.942899644 -0.212705582 0.256310463
1662064538258360320.000000 0.050185919 0.113568991 -0.382660359 0.003876070 -0.944706082 -0.211230949 0.250792503
1662064538297361408.000000 0.045206368 0.112860039 -0.385554254 0.004607494 -0.946365416 -0.211650461 0.244080633
1662064538339362048.000000 0.041363776 0.112099655 -0.388449281 0.005778774 -0.947615683 -0.212311566 0.238568559
1662064538384363264.000000 0.035764039 0.111901492 -0.391723812 0.007321017 -0.949525714 -0.212733835 0.230416134
1662064538429363968.000000 0.032128304 0.111576319 -0.394202769 0.007631031 -0.950848818 -0.214192495 0.223494813
1662064538471364864.000000 0.027776390 0.110639915 -0.396977872 0.007879468 -0.952282548 -0.214644641 0.216849059
1662064538513365760.000000 0.024337053 0.109923571 -0.399455041 0.009650948 -0.953795254 -0.213835150 0.210846141
1662064538555366656.000000 0.020047098 0.108781755 -0.402564377 0.010918187 -0.955228865 -0.214263231 0.203739941
1662064538597367808.000000 0.015842587 0.108444154 -0.404874772 0.012340344 -0.956901729 -0.213647023 0.196320549
1662064538639368448.000000 0.013052464 0.106868133 -0.407956749 0.013301080 -0.957612455 -0.215216964 0.191005513
1662064538684369664.000000 0.009300917 0.106164932 -0.410802186 0.014839611 -0.959112108 -0.214685395 0.183831334
1662064538726370304.000000 0.005945086 0.104540236 -0.413473725 0.014960820 -0.960059524 -0.216327652 0.176816911
1662064538771371264.000000 0.002255678 0.103466555 -0.416119874 0.015218871 -0.961215138 -0.216872841 0.169705793
1662064538810372096.000000 -0.001125216 0.101672716 -0.419375628 0.016971776 -0.962355196 -0.217069864 0.162680879
1662064538852373248.000000 -0.002760977 0.100373559 -0.421414793 0.018244101 -0.962907434 -0.217704758 0.158369973
1662064538891373824.000000 -0.005875632 0.098411068 -0.424581617 0.019340692 -0.963889599 -0.218473196 0.151037499
1662064538939374848.000000 -0.009170294 0.097003937 -0.427374423 0.020248039 -0.965205550 -0.217916861 0.143110543
1662064538984376064.000000 -0.012971669 0.095113948 -0.430604279 0.019998504 -0.965930164 -0.219357952 0.135871828
1662064539026376704.000000 -0.015805244 0.094254941 -0.432831883 0.019482350 -0.966814578 -0.219769731 0.128807604
1662064539071377664.000000 -0.018777326 0.092617959 -0.435979933 0.020140409 -0.967981935 -0.218792289 0.121389143
1662064539113378816.000000 -0.019617051 0.089946441 -0.438667834 0.021993183 -0.968144774 -0.220340520 0.116884947
1662064539158379520.000000 -0.023041666 0.088192999 -0.442065865 0.023360087 -0.969152808 -0.220428064 0.107743658
1662064539200380672.000000 -0.025036290 0.085993357 -0.444679856 0.023499390 -0.969665587 -0.220922545 0.101930164
1662064539242381312.000000 -0.026987910 0.083032317 -0.447865278 0.024545405 -0.969947219 -0.222430632 0.095522709
1662064539281382400.000000 -0.027668752 0.080831051 -0.450653046 0.025137672 -0.969735742 -0.225121230 0.091110706
1662064539326383104.000000 -0.030427426 0.078465253 -0.453780442 0.025685275 -0.970438898 -0.224733591 0.084163569
1662064539368384000.000000 -0.032220185 0.076068223 -0.457332730 0.026239663 -0.970686197 -0.225963607 0.077591032
1662064539410384896.000000 -0.032203808 0.074196219 -0.457978547 0.026216673 -0.970549762 -0.226774052 0.076937713
1662064539455385856.000000 -0.034221049 0.069823578 -0.462985784 0.028585494 -0.971206009 -0.227048829 0.066262446
1662064539497387008.000000 -0.036056817 0.067085147 -0.466300070 0.027827069 -0.971275628 -0.228385150 0.060741492
1662064539539387648.000000 -0.036511548 0.066357449 -0.469107181 0.029794071 -0.971397638 -0.228929862 0.055589106
1662064539581388800.000000 -0.037753649 0.063425839 -0.471256703 0.029287541 -0.971435070 -0.230029970 0.050422117
1662064539629389824.000000 -0.039342552 0.060528800 -0.474761903 0.029229011 -0.971996546 -0.229328379 0.042154588
1662064539671390464.000000 -0.040680580 0.055891097 -0.477920383 0.028509416 -0.971751213 -0.231274337 0.037404072
1662064539719391488.000000 -0.040668435 0.051687270 -0.482468009 0.028573314 -0.971476912 -0.233263820 0.031689886
1662064539764392704.000000 -0.041431237 0.050396621 -0.483788967 0.029996060 -0.971917927 -0.231888264 0.026526511
1662064539803393280.000000 -0.040675163 0.049587294 -0.485454112 0.031078728 -0.972019255 -0.231723189 0.022742085
1662064539845394432.000000 -0.041595716 0.045156240 -0.488957435 0.030493204 -0.971594632 -0.234030083 0.017434865
1662064539896395520.000000 -0.041777045 0.042230815 -0.492715836 0.030444251 -0.971552074 -0.234557807 0.011931770
1662064539938396160.000000 -0.041002996 0.041448236 -0.493704349 0.030746471 -0.971886277 -0.233236521 0.009613955
1662064539977397248.000000 -0.042816356 0.038525894 -0.496060044 0.030134309 -0.972013950 -0.232975304 0.001845328
1662064540022397952.000000 -0.042082276 0.032985747 -0.501714468 -0.030375822 0.971356630 0.235670790 0.001704217
1662064540061399040.000000 -0.042667724 0.032866389 -0.501741171 -0.029852420 0.971503973 0.235118896 0.002852178
1662064540103399680.000000 -0.041580819 0.028425351 -0.505917907 -0.031219795 0.970937133 0.237125680 0.008826650
1662064540151400704.000000 -0.041707501 0.028371647 -0.505874276 -0.031606350 0.970905483 0.237194166 0.009090182
1662064540187401472.000000 -0.040538006 0.024122715 -0.511339068 -0.031516291 0.970683217 0.237739280 0.016151914
1662064540226402560.000000 -0.039164178 0.019900858 -0.513787270 -0.030153774 0.970544755 0.238238260 0.019398361
1662064540271403264.000000 -0.036300458 0.017162114 -0.516888976 -0.029829746 0.970659733 0.237596750 0.021855813
1662064540319404288.000000 -0.035213858 0.012712151 -0.520304680 -0.028714692 0.970383584 0.238570556 0.024806200
1662064540361405440.000000 -0.036004767 0.011713803 -0.522467136 -0.029242631 0.970345914 0.238180891 0.029043930
1662064540403406080.000000 -0.034353100 0.006704360 -0.525547147 -0.030475501 0.969459414 0.241331145 0.031289421
1662064540445407232.000000 -0.034356706 0.004545748 -0.528526783 -0.029061848 0.969592273 0.240485728 0.034825724
1662064540481408000.000000 -0.033068210 0.001156762 -0.531854630 -0.028887058 0.969399929 0.240939289 0.037115023
1662064540523408640.000000 -0.030684687 0.000475332 -0.532886624 -0.027943274 0.969796240 0.239367634 0.037650656
1662064540562409728.000000 -0.028590165 -0.004339173 -0.536553681 -0.028270189 0.969234049 0.241238743 0.039875131
1662064540607410432.000000 -0.027157634 -0.007528648 -0.539811969 -0.027885752 0.968668461 0.243192434 0.041968182
1662064540649411328.000000 -0.025182948 -0.011235669 -0.542062223 -0.027411846 0.968705058 0.242876098 0.043248251
1662064540694412544.000000 -0.024391636 -0.014001310 -0.544629216 -0.027261959 0.968580484 0.242785424 0.046518385
1662064540736413184.000000 -0.022616059 -0.017153919 -0.547692657 -0.026559524 0.968403041 0.243565902 0.046538472
1662064540781414144.000000 -0.020009488 -0.020547241 -0.550242901 -0.026134215 0.968502581 0.242869899 0.048311517
1662064540826415360.000000 -0.017513558 -0.024662435 -0.555376053 -0.026407575 0.967601836 0.246140406 0.049641028
1662064540868416000.000000 -0.015697271 -0.026096940 -0.557127297 -0.025148092 0.967969120 0.244641557 0.050536811
1662064540910417152.000000 -0.013937280 -0.031706631 -0.561703026 -0.023333719 0.967317283 0.247098282 0.051915653
1662064540949417728.000000 -0.011681214 -0.032862276 -0.562361836 -0.023200724 0.967614710 0.245756179 0.052795887
1662064540994418944.000000 -0.008516997 -0.036187589 -0.566680670 -0.022179279 0.967242539 0.247438669 0.052192342
1662064541039419648.000000 -0.006119363 -0.039622724 -0.569039464 -0.022689726 0.966674149 0.249763817 0.051422633
1662064541078420736.000000 -0.003269248 -0.043792009 -0.573418379 -0.021027923 0.966699421 0.249645263 0.052223548
1662064541117421312.000000 -0.001898125 -0.044793099 -0.576934576 -0.019943165 0.966806173 0.249004468 0.053711761
1662064541159422464.000000 0.001829647 -0.048398137 -0.579182267 -0.018748371 0.966900051 0.248839825 0.053212073
1662064541198423040.000000 0.003196023 -0.049517483 -0.580505371 -0.017994668 0.966818094 0.249081284 0.053829204
1662064541240424192.000000 0.006048039 -0.057119012 -0.587869942 -0.017945932 0.965939164 0.252460927 0.053879920
1662064541282424832.000000 0.008362427 -0.059156626 -0.590179682 -0.016750563 0.965961039 0.252405882 0.054130491
1662064541324425984.000000 0.008298710 -0.059270531 -0.590270281 -0.016280124 0.966036677 0.252109230 0.054305311
1662064541366426624.000000 0.008121088 -0.060002893 -0.590937257 -0.013705356 0.967605650 0.245122984 0.058874924
1662064541405427456.000000 0.010944128 -0.063824177 -0.595280886 -0.012622871 0.966454089 0.250221103 0.056538004
1662064541444428544.000000 0.012900271 -0.064850569 -0.597842157 -0.014284261 0.967350304 0.246080786 0.058937419
1662064541489429248.000000 0.017310731 -0.071448088 -0.602909029 -0.010648653 0.966519773 0.250012338 0.056745462
1662064541534430208.000000 0.019746572 -0.072073489 -0.604149997 -0.010328422 0.967160046 0.247648388 0.056259550
1662064541576431360.000000 0.020252705 -0.074351013 -0.607245743 -0.006797946 0.967267454 0.247201189 0.056912668
1662064541621432064.000000 0.021504574 -0.078680396 -0.610261559 -0.005563378 0.966926336 0.248206958 0.058445171
1662064541666433024.000000 0.023342527 -0.079427272 -0.613621354 -0.004823104 0.966380417 0.250326961 0.058497947
1662064541705433856.000000 0.023640342 -0.079176009 -0.613888323 -0.007270167 0.966874123 0.248284221 0.058792736
1662064541744434944.000000 0.025123321 -0.081990421 -0.615824580 -0.001822161 0.967263043 0.246900067 0.058645226
1662064541789435904.000000 0.028214209 -0.084127247 -0.622907460 0.002296109 0.966845453 0.248681217 0.057985567
1662064541828436736.000000 0.029585034 -0.085831165 -0.623302937 0.004934805 0.967713296 0.245211720 0.058119535
1662064541870437376.000000 0.031614602 -0.087951005 -0.626055956 0.007221599 0.967590809 0.245723039 0.057759978
1662064541915438336.000000 0.034186266 -0.091040432 -0.630719423 0.006761830 0.967600703 0.245948300 0.056679886
1662064541957439488.000000 0.036849562 -0.093922973 -0.634776175 0.006189809 0.966855347 0.249179855 0.055333715
1662064541999440128.000000 0.038196810 -0.095068157 -0.636175811 0.004665910 0.966667354 0.250063866 0.054778159
1662064542044441344.000000 0.042356037 -0.099222600 -0.642018795 0.008157370 0.966585159 0.250860512 0.052111685
1662064542086441984.000000 0.044574305 -0.101463795 -0.645059109 0.009622848 0.966475308 0.251370370 0.051438179
1662064542131442944.000000 0.047775913 -0.105506539 -0.649884701 0.010350703 0.966092527 0.253320336 0.048856921
1662064542173444096.000000 0.050194081 -0.107447773 -0.653389633 0.010107003 0.965631604 0.255312979 0.047630910
1662064542215444736.000000 0.053069025 -0.110346019 -0.657356203 0.011961608 0.965299785 0.256846398 0.045641705
1662064542263445760.000000 0.055753291 -0.113658011 -0.661286652 0.014365666 0.965373814 0.256788880 0.043663882
1662064542308446976.000000 0.058463261 -0.114804447 -0.663554907 0.013721172 0.965514719 0.256791860 0.040634241
1662064542350447616.000000 0.061582234 -0.118237555 -0.668260574 0.017977485 0.964902282 0.259094715 0.038863119
1662064542395448576.000000 0.064835809 -0.119997948 -0.671589136 0.020621147 0.964958608 0.259143323 0.035699923
1662064542440449792.000000 0.067211933 -0.122423530 -0.674858868 0.020702733 0.964627802 0.260453165 0.035053041
1662064542482450432.000000 0.069788404 -0.124268442 -0.678470731 0.020122021 0.964159310 0.262415498 0.033616539
1662064542524451584.000000 0.071510866 -0.125555217 -0.681030452 0.021274174 0.964397550 0.261581838 0.032553259
1662064542569452288.000000 0.073542453 -0.128161460 -0.683809996 0.023176016 0.964291930 0.262001693 0.030969011
1662064542614453248.000000 0.074834719 -0.128843963 -0.685775161 0.023624232 0.964397430 0.261678219 0.030067869
1662064542659454464.000000 0.077339157 -0.130340010 -0.689791620 0.024407823 0.964328945 0.262081027 0.028063897
1662064542701455104.000000 0.080769986 -0.132096857 -0.694389224 0.026186397 0.964258373 0.262368917 0.026128018
1662064542743456000.000000 0.083172306 -0.133047640 -0.697740197 0.026436908 0.963866949 0.264029115 0.023457004
1662064542782456832.000000 0.084653199 -0.133402705 -0.700543702 0.026384689 0.963711441 0.264742911 0.021801721
1662064542827457792.000000 0.086990550 -0.135408700 -0.704779088 0.029428339 0.964016676 0.263434231 0.020205304
1662064542875459072.000000 0.088241518 -0.136409372 -0.706630468 0.030553311 0.963821173 0.264084876 0.019352332
1662064542920460032.000000 0.091091193 -0.137371242 -0.712324560 0.032215200 0.964293003 0.262273818 0.017710345
1662064542959460608.000000 0.092824392 -0.138170391 -0.715107083 0.033485364 0.964379191 0.261893004 0.016237874
1662064543004461824.000000 0.095008090 -0.139040887 -0.718747795 0.032423567 0.963842809 0.264104754 0.014301250
1662064543049462528.000000 0.094958477 -0.138945878 -0.718736708 0.032269705 0.963894665 0.263933301 0.014320901
1662064543091463680.000000 0.099156223 -0.141603738 -0.726271689 0.035837095 0.964088738 0.262905329 0.011374451
1662064543139464704.000000 0.101253994 -0.142112762 -0.730294704 0.037346005 0.964291036 0.262007385 0.010012094
1662064543184465408.000000 0.103072502 -0.142796040 -0.733415186 0.037818436 0.964232981 0.262202412 0.008625156
1662064543235466752.000000 0.106123216 -0.143635958 -0.738047063 0.036524341 0.963571250 0.264871091 0.006304685
1662064543280467456.000000 0.108845927 -0.144826084 -0.743092895 0.038107362 0.963738799 0.264080167 0.004129510
1662064543325468416.000000 0.110909790 -0.145700693 -0.746617258 -0.039810818 -0.963908315 -0.263224661 -0.002946860
1662064543367469312.000000 0.113780558 -0.146271139 -0.750788629 0.040432043 0.963845193 0.263376474 0.000771250
1662064543412470272.000000 0.116899833 -0.147298902 -0.756066561 0.041180622 0.963713467 0.263734967 -0.002116366
1662064543454471424.000000 0.118767291 -0.147522718 -0.759831131 -0.040478140 -0.963383973 -0.265024006 0.003889155
1662064543496472064.000000 0.121006176 -0.148135334 -0.763829052 -0.041337825 -0.963205755 -0.265510917 0.005461304
1662064543541473024.000000 0.120988384 -0.148178071 -0.763804078 -0.041386925 -0.963222265 -0.265445590 0.005357326
1662064543580473856.000000 0.124953791 -0.150724888 -0.770686209 -0.045204569 -0.963489592 -0.263761848 0.008605282
1662064543625474816.000000 0.126783654 -0.151582509 -0.774627805 -0.046445832 -0.963483930 -0.263516694 0.010024917
1662064543667475712.000000 0.128446683 -0.152097613 -0.778368950 -0.047303468 -0.963535011 -0.263111174 0.011630679
1662064543706476800.000000 0.130312711 -0.152161926 -0.781886339 -0.047153793 -0.962988377 -0.265071392 0.012928779
1662064543742477312.000000 0.132276937 -0.152891397 -0.785546243 -0.048180070 -0.963363349 -0.263431638 0.014612800
1662064543784478464.000000 0.133538812 -0.153440565 -0.788003325 -0.048344385 -0.963452756 -0.263023615 0.015500927
1662064543823479296.000000 0.135613769 -0.153926104 -0.792476416 -0.049169324 -0.963614285 -0.262141705 0.017653596
1662064543877480192.000000 0.138383195 -0.157380790 -0.795158982 -0.049154054 -0.962512851 -0.266036868 0.019424511
1662064543928481280.000000 0.142156333 -0.157785028 -0.797416568 -0.051010601 -0.962517679 -0.265504032 0.021571765
1662064543973482496.000000 0.145145819 -0.158621371 -0.799878597 -0.049006041 -0.961606741 -0.268954068 0.023971358
1662064544018483456.000000 0.147576392 -0.159761161 -0.801814139 -0.048415601 -0.961346149 -0.269905657 0.024910992
1662064544057484032.000000 0.149047047 -0.160347760 -0.804017365 -0.050204150 -0.961399436 -0.269293964 0.025913326
1662064544099484928.000000 0.152431697 -0.161402494 -0.805316091 -0.051276088 -0.961430132 -0.268843025 0.027319688
1662064544144485888.000000 0.154676437 -0.162846327 -0.807073534 -0.051234610 -0.961158812 -0.269707739 0.028400080
1662064544186487040.000000 0.157456845 -0.164720446 -0.809282124 -0.051904511 -0.960808933 -0.270702481 0.029535469
1662064544228487680.000000 0.158528388 -0.165016949 -0.810574412 -0.051181398 -0.960713625 -0.271101207 0.030233176
1662064544267488768.000000 0.163487881 -0.165769160 -0.814094543 -0.050508782 -0.959828615 -0.273999482 0.033198211
1662064544309489408.000000 0.164803237 -0.166755527 -0.814288795 -0.050246947 -0.959235132 -0.276059151 0.033684544
1662064544354490624.000000 0.167344511 -0.167186528 -0.816184402 -0.050107621 -0.959015608 -0.276691407 0.034932856
1662064544396491264.000000 0.170989335 -0.170018345 -0.818624854 -0.049801257 -0.958455384 -0.278463185 0.036624897
1662064544438492416.000000 0.173345208 -0.170891970 -0.821319997 -0.049962349 -0.958509147 -0.278120667 0.037587926
1662064544477492992.000000 0.176120430 -0.171851873 -0.823646843 -0.049977843 -0.958403826 -0.278276235 0.039072871
1662064544519494144.000000 0.178787977 -0.174430311 -0.825490117 -0.049364269 -0.957471967 -0.281359553 0.040589314
1662064544564494848.000000 0.181920767 -0.174994975 -0.828165531 -0.049451116 -0.956871867 -0.283176184 0.041977067
1662064544609495808.000000 0.184794545 -0.175811380 -0.828998029 -0.047878426 -0.956226110 -0.285439104 0.043171473
1662064544651496960.000000 0.186269462 -0.176650673 -0.829765737 -0.047706634 -0.956537902 -0.284340471 0.043702211
1662064544693497600.000000 0.189543724 -0.179111421 -0.832353532 -0.047786344 -0.955366731 -0.287952721 0.045543235
1662064544735498752.000000 0.192392737 -0.180188149 -0.835473239 -0.047669552 -0.954938591 -0.289173961 0.046886519
1662064544777499392.000000 0.195962667 -0.181087911 -0.837170184 -0.047639079 -0.954715669 -0.289635032 0.048580773
1662064544819500544.000000 0.199073583 -0.181591094 -0.839236319 -0.046595648 -0.953793049 -0.292566121 0.050126705
1662064544864501248.000000 0.201661617 -0.182439536 -0.841679990 -0.046362501 -0.953671694 -0.292791903 0.051319864
1662064544909502208.000000 0.205317974 -0.183565855 -0.844484270 -0.045539688 -0.953324914 -0.293630451 0.053656492
1662064544954503424.000000 0.208202422 -0.185055196 -0.847803414 -0.045480408 -0.952836812 -0.294974774 0.054985780
1662064544993504000.000000 0.210912019 -0.185657322 -0.850532055 -0.045389093 -0.952757835 -0.294968575 0.056444228
1662064545035505152.000000 0.214168102 -0.186379761 -0.853691578 -0.045634486 -0.951232255 -0.299429178 0.058454860
1662064545080505856.000000 0.217014164 -0.187729031 -0.856743574 -0.045310739 -0.950184882 -0.302471995 0.060054157
1662064545122506752.000000 0.220010757 -0.188216090 -0.859644413 -0.045234337 -0.950340509 -0.301687688 0.061573766
1662064545164507904.000000 0.223062694 -0.187479377 -0.862011075 -0.045521386 -0.950965583 -0.299279243 0.063437574
1662064545209508608.000000 0.226853877 -0.188502520 -0.865651727 -0.045231953 -0.949954510 -0.302057177 0.065590315
1662064545257509632.000000 0.228600770 -0.188819319 -0.867754698 -0.044346530 -0.949564040 -0.303172857 0.066692427
1662064545299510784.000000 0.234142512 -0.186153650 -0.870847106 -0.046267569 -0.950129747 -0.300535351 0.069219381
1662064545344511488.000000 0.237359375 -0.187764257 -0.874750197 -0.045586336 -0.949480355 -0.302219898 0.071219407
1662064545389512448.000000 0.240229756 -0.188451946 -0.877983510 -0.045870662 -0.949153006 -0.302871555 0.072617702
1662064545431513600.000000 0.242789090 -0.188552141 -0.880772769 -0.045999952 -0.949067652 -0.302843034 0.073761091
1662064545476514304.000000 0.246460140 -0.188693106 -0.884600043 -0.045712743 -0.948755920 -0.303407192 0.075608909
1662064545518515456.000000 0.248202264 -0.188543826 -0.887015820 -0.047504976 -0.947914779 -0.306333631 0.073216848
1662064545563516416.000000 0.245602816 -0.188366741 -0.885345280 -0.047857597 -0.949203193 -0.305851310 0.056373283
1662064545617517568.000000 0.244993001 -0.187873960 -0.886065006 -0.047256000 -0.950565577 -0.303665310 0.044489190
1662064545659518208.000000 0.244872987 -0.187633783 -0.886520982 -0.045098025 -0.952116132 -0.300290793 0.035588719
1662064545707519232.000000 0.243943781 -0.187218994 -0.887207687 -0.044469088 -0.953294098 -0.297866821 0.022985119
1662064545749520384.000000 0.243837923 -0.187036514 -0.887675643 -0.042065106 -0.954046547 -0.296323061 0.014781767
1662064545794521088.000000 0.243281871 -0.186698020 -0.888046861 -0.041848943 -0.955013037 -0.293515027 0.006909496
1662064545836521984.000000 0.242970973 -0.186539859 -0.888475955 0.043002702 0.954426706 0.295298189 0.004422237
1662064545881523200.000000 0.242457196 -0.186223626 -0.889412284 0.043296225 0.954601765 0.294370174 0.014391327
1662064545926523904.000000 0.242090836 -0.185936093 -0.889970899 0.040650748 0.955494225 0.291185737 0.024272187
1662064545971524864.000000 0.241915524 -0.185763627 -0.890375018 0.040001601 0.955671251 0.290084451 0.030714292
1662064546016526080.000000 0.241387576 -0.185365736 -0.891119361 0.037911177 0.956314266 0.286479920 0.044215798
1662064546061526784.000000 0.241139993 -0.185079962 -0.891739786 0.036439784 0.956150532 0.285496086 0.054225840
1662064546106527744.000000 0.240984946 -0.185085595 -0.891919851 0.036573581 0.955358446 0.287482291 0.057502281
1662064546148528896.000000 0.240535468 -0.184790790 -0.892740428 0.036128186 0.953735948 0.289419800 0.072930068
1662064546193529600.000000 0.240229696 -0.184461206 -0.893375933 0.032710273 0.954187810 0.285602778 0.082986265
1662064546232530688.000000 0.240122586 -0.184346795 -0.893668473 0.029277897 0.954358816 0.283841997 0.088180974
1662064546274531328.000000 0.239763290 -0.184184730 -0.894127011 0.028902758 0.953559875 0.283132643 0.098611236
1662064546316532480.000000 0.239536494 -0.183965087 -0.894662976 0.023673708 0.953154981 0.281530946 0.108053036
1662064546361533440.000000 0.239261672 -0.183823198 -0.895076156 0.024099581 0.952243090 0.280831575 0.117413759
1662064546406534144.000000 0.239008188 -0.183709562 -0.895557582 0.021496752 0.950606763 0.282187372 0.127494961
1662064546445535232.000000 0.238874912 -0.183569789 -0.895857036 0.019923335 0.950207233 0.280369967 0.134543344
1662064546484535808.000000 0.238600656 -0.183417529 -0.896199763 0.017990416 0.949064434 0.279677361 0.143991783
1662064546529537024.000000 0.238391578 -0.183233172 -0.896547556 0.015189519 0.948285103 0.278055668 0.152347654
1662064546574537728.000000 0.238198489 -0.183077067 -0.896979094 0.012198388 0.947063208 0.277113229 0.161650270
1662064546619538688.000000 0.237944081 -0.183078617 -0.897383153 0.011917038 0.944440901 0.279328495 0.172814846
1662064546658539520.000000 0.237780362 -0.182974070 -0.897726476 0.011117910 0.942829967 0.279767752 0.180770680
1662064546700540416.000000 0.237625077 -0.182786047 -0.898059905 0.007411632 0.942053795 0.276779294 0.189401761
1662064546739541248.000000 0.237489983 -0.182636410 -0.898376822 0.007490981 0.940717101 0.276110083 0.196871966
1662064546784542208.000000 0.237392142 -0.182543427 -0.898656785 0.002685038 0.939738035 0.274230689 0.204163507
1662064546826543104.000000 0.237304330 -0.182394087 -0.899016678 0.000282103 0.938321114 0.273771435 0.211193666
1662064546871544064.000000 0.237208039 -0.182324499 -0.899226069 -0.001512203 0.936325550 0.275786310 0.217334360
1662064546913545216.000000 0.237113684 -0.182160646 -0.899589777 -0.003795300 0.934533060 0.276141495 0.224453688
1662064546955545856.000000 0.237023860 -0.182028890 -0.899854958 -0.007227940 0.933041275 0.274868816 0.232010514
1662064546997547008.000000 0.236894578 -0.181901008 -0.900168717 -0.010752243 0.931549132 0.273512006 0.239357263
1662064547042547712.000000 0.236826390 -0.181784779 -0.900479853 -0.013599363 0.929474473 0.274235457 0.246348068
1662064547087548672.000000 0.236654311 -0.181860059 -0.900737524 -0.017815499 0.927201927 0.275763035 0.252851725
1662064547132549888.000000 0.236508220 -0.181628942 -0.901003361 -0.017767491 0.925065935 0.276944697 0.259304821
1662064547177550848.000000 0.236501902 -0.181573629 -0.901002765 -0.016461458 0.925089836 0.277044654 0.259199053
1662064547219551488.000000 0.236221492 -0.181208462 -0.901516318 -0.021002475 0.921914220 0.273655504 0.273396909
1662064547264552704.000000 0.236222088 -0.181243092 -0.901508987 -0.021538772 0.921908736 0.274010450 0.273017913
1662064547306553344.000000 0.235999674 -0.180778772 -0.901993692 -0.022564169 0.917920351 0.274898946 0.285208076
1662064547348554496.000000 0.235875010 -0.180643290 -0.902175844 -0.022067646 0.915889859 0.276602447 0.290086001
1662064547390555136.000000 0.235733271 -0.180465221 -0.902442396 -0.023502555 0.914300263 0.274502158 0.296902686
1662064547432556032.000000 0.235703111 -0.180400729 -0.902637362 -0.024790572 0.912620306 0.275530696 0.300985903
1662064547474556928.000000 0.235506356 -0.180205315 -0.902883887 -0.024964729 0.910307825 0.276338995 0.307169646
1662064547522557952.000000 0.235523999 -0.180182010 -0.902884722 -0.025404694 0.910281539 0.276357859 0.307194680
1662064547564559104.000000 0.235401928 -0.179760128 -0.903358698 -0.025421303 0.905941427 0.279024303 0.317441911
1662064547606559744.000000 0.235385895 -0.179637432 -0.903607011 -0.027177069 0.904236317 0.278130531 0.322895408
1662064547651560704.000000 0.235315681 -0.179365188 -0.903857887 -0.027461907 0.902515054 0.277408957 0.328263074
1662064547699561728.000000 0.235279143 -0.179175347 -0.904051542 -0.028798429 0.900436044 0.278180897 0.333168238
1662064547738562560.000000 0.235147238 -0.179013133 -0.904264927 -0.028019587 0.899053931 0.277680397 0.337358177
1662064547780563712.000000 0.235092878 -0.178817630 -0.904473782 -0.028489327 0.897461474 0.277547807 0.341640890
1662064547816564224.000000 0.235041976 -0.178650856 -0.904631376 -0.028523022 0.896275699 0.277285516 0.344948053
1662064547855565056.000000 0.234988987 -0.178535134 -0.904750705 -0.028634736 0.895635307 0.276504546 0.347221524
1662064547900566016.000000 0.234964848 -0.178386390 -0.904918075 -0.028861143 0.894239962 0.276828915 0.350525022
1662064547942567168.000000 0.234926522 -0.178151250 -0.905166149 -0.029528793 0.892498314 0.277021885 0.354730427
1662064547987567872.000000 0.234948337 -0.177922457 -0.905361533 -0.030449038 0.890731275 0.278132528 0.358208001
1662064548029569024.000000 0.234913945 -0.177766085 -0.905524492 -0.030579861 0.889487863 0.278297335 0.361146718
1662064548074569984.000000 0.234918714 -0.177590251 -0.905700088 -0.030147418 0.888586700 0.278388917 0.363324165
1662064548116570624.000000 0.234946966 -0.177442253 -0.905806720 -0.030576004 0.888044298 0.277628809 0.365191400
1662064548158571776.000000 0.234928787 -0.177456290 -0.905813932 -0.029838283 0.887892663 0.278587848 0.364890516
1662064548197572352.000000 0.234995663 -0.177115917 -0.906138897 -0.030829649 0.885605037 0.278335869 0.370516509
1662064548242573568.000000 0.235008419 -0.177029103 -0.906196713 -0.029323893 0.885585785 0.279464126 0.369834870
1662064548284574208.000000 0.235085845 -0.176730812 -0.906414747 -0.029929249 0.884521186 0.279207289 0.372518271
1662064548329575424.000000 0.235185802 -0.176566243 -0.906611562 -0.031055177 0.883265615 0.280104190 0.374725342
1662064548368576000.000000 0.235233188 -0.176446974 -0.906705856 -0.030136498 0.882996082 0.280291855 0.375294894
1662064548407577088.000000 0.235302866 -0.176329404 -0.906824887 -0.029533489 0.882565618 0.280807942 0.375968903
1662064548452577792.000000 0.235418141 -0.176150918 -0.906974077 -0.029531045 0.882526696 0.280793041 0.376071543
1662064548500578816.000000 0.235476971 -0.176085949 -0.907022953 -0.029875588 0.882032216 0.281339198 0.376795560
1662064548545580032.000000 0.235594630 -0.175937444 -0.907211781 -0.030045468 0.881578445 0.282169402 0.377223045
1662064548590580992.000000 0.235840142 -0.175639629 -0.907394648 -0.028373659 0.881857336 0.282149196 0.376715302
1662064548629581568.000000 0.235946178 -0.175523609 -0.907503486 -0.027631670 0.882224441 0.282270938 0.375818819
1662064548671582464.000000 0.236101687 -0.175376564 -0.907630205 -0.028313238 0.881885409 0.283996791 0.375263035
1662064548713583360.000000 0.236224711 -0.175294548 -0.907749653 -0.030650321 0.881055534 0.285865635 0.375609666
1662064548758584576.000000 0.236391604 -0.175128728 -0.907821238 -0.027735081 0.882213771 0.285635769 0.373285174
1662064548803585280.000000 0.236568213 -0.174998134 -0.907921791 -0.026376845 0.882908404 0.285619408 0.371750623
1662064548845586176.000000 0.236748576 -0.174904257 -0.908014297 -0.026485309 0.883264661 0.286279291 0.370386600
1662064548884587008.000000 0.236850560 -0.174803168 -0.908074617 -0.025045343 0.884233654 0.286529779 0.367973268
1662064548929587968.000000 0.237091660 -0.174685031 -0.908183098 -0.024521949 0.884914339 0.287039220 0.365969688
1662064548974589184.000000 0.237274289 -0.174549878 -0.908255100 -0.024636641 0.885611892 0.287806958 0.363664508
1662064549016589824.000000 0.237558246 -0.174424231 -0.908347845 -0.023596348 0.887060165 0.288316548 0.359779179
1662064549061590784.000000 0.237765491 -0.174358130 -0.908422768 -0.024077067 0.887835503 0.289349973 0.356994390
1662064549100591616.000000 0.237943470 -0.174252123 -0.908464551 -0.021940198 0.889123142 0.288752168 0.354402333
1662064549148592640.000000 0.238293290 -0.174104840 -0.908553898 -0.019926364 0.890855908 0.289575577 0.349463552
1662064549199593728.000000 0.238396227 -0.174081564 -0.908649683 -0.020289049 0.891553164 0.290978849 0.346486270
1662064549241594880.000000 0.238864660 -0.173876107 -0.908691227 -0.020197719 0.893370092 0.292073101 0.340844870
1662064549286595584.000000 0.239166439 -0.173767209 -0.908741713 -0.020616535 0.894531727 0.293495983 0.336523503
1662064549328596480.000000 0.239429176 -0.173706025 -0.908853889 -0.021578629 0.895251930 0.294963747 0.333248973
1662064549373597696.000000 0.239673972 -0.173653185 -0.908899188 -0.017981611 0.897387743 0.294368714 0.328205884
1662064549418598400.000000 0.239958644 -0.173596650 -0.908996999 -0.017580833 0.898036897 0.296384066 0.324618459
1662064549463599360.000000 0.240235388 -0.173541099 -0.909030855 -0.016053963 0.900025547 0.296005607 0.319494873
1662064549505600512.000000 0.240565717 -0.173462451 -0.909107745 -0.014739851 0.901348710 0.297672331 0.314236462
1662064549550601216.000000 0.240833998 -0.173422486 -0.909150004 -0.015011923 0.902688265 0.298591524 0.309469968
1662064549592602368.000000 0.241165817 -0.173323184 -0.909147322 -0.014703322 0.904510021 0.298863322 0.303852230
1662064549634603008.000000 0.241457045 -0.173272550 -0.909179926 -0.016153762 0.906082809 0.299978584 0.297936171
1662064549676604160.000000 0.241540194 -0.173261613 -0.909268916 -0.017677192 0.906368554 0.302087516 0.294833511
1662064549724605184.000000 0.241672933 -0.173225313 -0.909290969 -0.028760232 0.906700611 0.303590506 0.291375548
1662064549766605824.000000 0.241796970 -0.173153549 -0.909343898 -0.034892786 0.906090498 0.305620790 0.290479660
1662064549805606912.000000 0.242033541 -0.173463434 -0.909632325 -0.084653467 0.896610320 0.326648176 0.286748439
1662064549847607552.000000 0.242328644 -0.173260450 -0.909620106 -0.118444733 0.890430748 0.339066178 0.279531837
1662064549886608640.000000 0.242141277 -0.173429012 -0.909554482 -0.122569419 0.890120268 0.342022985 0.275105476
1662064549931609344.000000 0.242038131 -0.173414886 -0.909594893 -0.143692791 0.884783566 0.349632442 0.272520781
1662064549976610304.000000 0.241584241 -0.173734486 -0.909644485 -0.156138256 0.880443394 0.355753362 0.271808594
1662064550021611520.000000 0.241998047 -0.173449636 -0.909466982 -0.164598584 0.881219625 0.355636090 0.264352560
1662064550063612160.000000 0.242242694 -0.173342109 -0.909575045 -0.180032298 0.879467249 0.356564909 0.258818865
1662064550108613376.000000 0.242130995 -0.173879921 -0.909656882 -0.190804929 0.875042617 0.360694617 0.260371655
1662064550147613952.000000 0.241931319 -0.173937917 -0.909617424 -0.198243603 0.875658691 0.361302763 0.251757234
1662064550189615104.000000 0.241880864 -0.173845112 -0.909630299 -0.199029684 0.876062036 0.361980706 0.248742074
1662064550231615744.000000 0.241889060 -0.173898309 -0.909650207 -0.215860531 0.875164986 0.360602349 0.239700705
1662064550276616704.000000 0.241931677 -0.173864603 -0.909710407 -0.220770434 0.874837458 0.361572444 0.234915435
1662064550318617856.000000 0.241963685 -0.173715174 -0.909704208 -0.223345965 0.875861585 0.359583229 0.231696084
1662064550357618688.000000 0.241907924 -0.173834056 -0.909675360 -0.224924833 0.877301931 0.358154356 0.226882577
1662064550399619328.000000 0.241949797 -0.173734784 -0.909671545 -0.226243958 0.878167987 0.357688069 0.222921535
1662064550444620288.000000 0.241981536 -0.173752427 -0.909743547 -0.228172421 0.876851618 0.359710395 0.222883791
1662064550486621440.000000 0.242009103 -0.173723996 -0.909676194 -0.224181801 0.882591903 0.357483029 0.207316041
1662064550528622080.000000 0.242139339 -0.173657298 -0.909691930 -0.224025488 0.884023547 0.357213318 0.201776192
1662064550567622912.000000 0.242315948 -0.173673540 -0.909749210 -0.223554596 0.884601116 0.359681100 0.195278436
1662064550609623808.000000 0.242401183 -0.173635781 -0.909951270 -0.222320214 0.885001242 0.362585008 0.189416721
1662064550657624832.000000 0.242459953 -0.173496962 -0.909920037 -0.223758698 0.886449218 0.361365139 0.183180392
1662064550702626048.000000 0.242517859 -0.173524797 -0.909822464 -0.224003822 0.887004673 0.362689316 0.177486554
1662064550744626688.000000 0.242529690 -0.173540831 -0.909812093 -0.222896397 0.887781382 0.361736447 0.176941216
1662064550786627840.000000 0.242590398 -0.173484564 -0.909857154 -0.220514163 0.890103996 0.363526613 0.164124191
1662064550822628608.000000 0.242716640 -0.173526406 -0.909721494 -0.216745168 0.892526507 0.362833828 0.157383606
1662064550861629184.000000 0.242760345 -0.173543453 -0.909701586 -0.219286904 0.892198622 0.364196032 0.152499646
1662064550906630400.000000 0.242811754 -0.173518956 -0.909758925 -0.218500495 0.892448962 0.365198404 0.149741814
1662064550951631360.000000 0.242861077 -0.173464060 -0.909762383 -0.217585862 0.894288301 0.365698189 0.138454586
1662064550987632128.000000 0.242863491 -0.173441887 -0.909748197 -0.216789275 0.895977318 0.364592373 0.131527290
1662064551029632768.000000 0.242865473 -0.173387051 -0.909805536 -0.217074931 0.896756053 0.364735961 0.125198856
1662064551071633920.000000 0.242873564 -0.173375368 -0.909848630 -0.217517644 0.897622883 0.365303129 0.116245314
1662064551116634880.000000 0.242896706 -0.173326075 -0.909860730 -0.217355743 0.898634315 0.364785224 0.110202625
1662064551158635520.000000 0.242811799 -0.173291981 -0.909982324 -0.214681417 0.900283813 0.365292251 0.099812806
1662064551200636672.000000 0.243006527 -0.173341095 -0.909834683 -0.215256870 0.901059926 0.365397066 0.090777360
1662064551239637248.000000 0.242992848 -0.173301578 -0.909918487 -0.215024740 0.902022719 0.365170836 0.082278267
1662064551281638144.000000 0.243047014 -0.173320115 -0.909920156 -0.212154686 0.902788281 0.366541952 0.074905530
1662064551323639040.000000 0.243089274 -0.173318148 -0.909868777 -0.211003110 0.904171467 0.364871502 0.069429331
1662064551365639936.000000 0.243097186 -0.173328221 -0.909810305 -0.210371703 0.904785693 0.364563912 0.064806558
1662064551365639936.000000 0.243097186 -0.173328221 -0.909810305 -0.210371703 0.904785693 0.364563912 0.064806558
1662064551365639936.000000 0.243097186 -0.173328221 -0.909810305 -0.210371703 0.904785693 0.364563912 0.064806558
1662064551365639936.000000 0.243097186 -0.173328221 -0.909810305 -0.210371703 0.904785693 0.364563912 0.064806558
1662064551365639936.000000 0.243097186 -0.173328221 -0.909810305 -0.210371703 0.904785693 0.364563912 0.064806558
1662064551365639936.000000 0.243097186 -0.173328221 -0.909810305 -0.210371703 0.904785693 0.364563912 0.064806558
1662064551365639936.000000 0.243097186 -0.173328221 -0.909810305 -0.210371703 0.904785693 0.364563912 0.064806558
1662064551365639936.000000 0.243097186 -0.173328221 -0.909810305 -0.210371703 0.904785693 0.364563912 0.064806558
1662064551365639936.000000 0.243097186 -0.173328221 -0.909810305 -0.210371703 0.904785693 0.364563912 0.064806558
1662064551365639936.000000 0.243097186 -0.173328221 -0.909810305 -0.210371703 0.904785693 0.364563912 0.064806558
1662064551365639936.000000 0.243097186 -0.173328221 -0.909810305 -0.210371703 0.904785693 0.364563912 0.064806558
1662064551365639936.000000 0.243097186 -0.173328221 -0.909810305 -0.210371703 0.904785693 0.364563912 0.064806558
1662064551365639936.000000 0.243097186 -0.173328221 -0.909810305 -0.210371703 0.904785693 0.364563912 0.064806558
1662064551365639936.000000 0.243097186 -0.173328221 -0.909810305 -0.210371703 0.904785693 0.364563912 0.064806558
1662064551365639936.000000 0.243097186 -0.173328221 -0.909810305 -0.210371703 0.904785693 0.364563912 0.064806558
1662064551365639936.000000 0.243097186 -0.173328221 -0.909810305 -0.210371703 0.904785693 0.364563912 0.064806558
1662064551365639936.000000 0.243097186 -0.173328221 -0.909810305 -0.210371703 0.904785693 0.364563912 0.064806558
1662064551365639936.000000 0.243097186 -0.173328221 -0.909810305 -0.210371703 0.904785693 0.364563912 0.064806558
1662064551365639936.000000 0.243097186 -0.173328221 -0.909810305 -0.210371703 0.904785693 0.364563912 0.064806558
1662064551365639936.000000 0.243097186 -0.173328221 -0.909810305 -0.210371703 0.904785693 0.364563912 0.064806558
1662064551365639936.000000 0.243097186 -0.173328221 -0.909810305 -0.210371703 0.904785693 0.364563912 0.064806558
1662064551365639936.000000 0.243097186 -0.173328221 -0.909810305 -0.210371703 0.904785693 0.364563912 0.064806558
1662064551365639936.000000 0.243097186 -0.173328221 -0.909810305 -0.210371703 0.904785693 0.364563912 0.064806558
1662064551365639936.000000 0.243097186 -0.173328221 -0.909810305 -0.210371703 0.904785693 0.364563912 0.064806558
1662064551365639936.000000 0.243097186 -0.173328221 -0.909810305 -0.210371703 0.904785693 0.364563912 0.064806558
1662064551365639936.000000 0.243097186 -0.173328221 -0.909810305 -0.210371703 0.904785693 0.364563912 0.064806558
1662064551365639936.000000 0.243097186 -0.173328221 -0.909810305 -0.210371703 0.904785693 0.364563912 0.064806558
1662064551365639936.000000 0.243097186 -0.173328221 -0.909810305 -0.210371703 0.904785693 0.364563912 0.064806558
1662064551365639936.000000 0.243097186 -0.173328221 -0.909810305 -0.210371703 0.904785693 0.364563912 0.064806558
1662064551365639936.000000 0.243097186 -0.173328221 -0.909810305 -0.210371703 0.904785693 0.364563912 0.064806558
1662064551365639936.000000 0.243097186 -0.173328221 -0.909810305 -0.210371703 0.904785693 0.364563912 0.064806558
1662064551365639936.000000 0.243097186 -0.173328221 -0.909810305 -0.210371703 0.904785693 0.364563912 0.064806558
1662064551365639936.000000 0.243097186 -0.173328221 -0.909810305 -0.210371703 0.904785693 0.364563912 0.064806558
1662064551365639936.000000 0.243097186 -0.173328221 -0.909810305 -0.210371703 0.904785693 0.364563912 0.064806558
1662064551365639936.000000 0.243097186 -0.173328221 -0.909810305 -0.210371703 0.904785693 0.364563912 0.064806558
1662064551365639936.000000 0.243097186 -0.173328221 -0.909810305 -0.210371703 0.904785693 0.364563912 0.064806558
1662064551365639936.000000 0.243097186 -0.173328221 -0.909810305 -0.210371703 0.904785693 0.364563912 0.064806558
1662064551365639936.000000 0.243097186 -0.173328221 -0.909810305 -0.210371703 0.904785693 0.364563912 0.064806558
1662064551365639936.000000 0.243097186 -0.173328221 -0.909810305 -0.210371703 0.904785693 0.364563912 0.064806558
1662064551365639936.000000 0.243097186 -0.173328221 -0.909810305 -0.210371703 0.904785693 0.364563912 0.064806558
1662064551365639936.000000 0.243097186 -0.173328221 -0.909810305 -0.210371703 0.904785693 0.364563912 0.064806558
1662064551365639936.000000 0.243097186 -0.173328221 -0.909810305 -0.210371703 0.904785693 0.364563912 0.064806558
1662064551365639936.000000 0.243097186 -0.173328221 -0.909810305 -0.210371703 0.904785693 0.364563912 0.064806558
1662064551365639936.000000 0.243097186 -0.173328221 -0.909810305 -0.210371703 0.904785693 0.364563912 0.064806558
1662064551365639936.000000 0.243097186 -0.173328221 -0.909810305 -0.210371703 0.904785693 0.364563912 0.064806558
1662064551365639936.000000 0.243097186 -0.173328221 -0.909810305 -0.210371703 0.904785693 0.364563912 0.064806558
1662064551365639936.000000 0.243097186 -0.173328221 -0.909810305 -0.210371703 0.904785693 0.364563912 0.064806558
1662064551365639936.000000 0.243097186 -0.173328221 -0.909810305 -0.210371703 0.904785693 0.364563912 0.064806558
1662064551365639936.000000 0.243097186 -0.173328221 -0.909810305 -0.210371703 0.904785693 0.364563912 0.064806558
1662064551365639936.000000 0.243097186 -0.173328221 -0.909810305 -0.210371703 0.904785693 0.364563912 0.064806558
1662064551365639936.000000 0.243097186 -0.173328221 -0.909810305 -0.210371703 0.904785693 0.364563912 0.064806558
1662064551365639936.000000 0.243097186 -0.173328221 -0.909810305 -0.210371703 0.904785693 0.364563912 0.064806558
1662064551365639936.000000 0.243097186 -0.173328221 -0.909810305 -0.210371703 0.904785693 0.364563912 0.064806558
1662064551365639936.000000 0.243097186 -0.173328221 -0.909810305 -0.210371703 0.904785693 0.364563912 0.064806558
1662064551365639936.000000 0.243097186 -0.173328221 -0.909810305 -0.210371703 0.904785693 0.364563912 0.064806558
1662064551365639936.000000 0.243097186 -0.173328221 -0.909810305 -0.210371703 0.904785693 0.364563912 0.064806558
1662064551365639936.000000 0.243097186 -0.173328221 -0.909810305 -0.210371703 0.904785693 0.364563912 0.064806558
1662064551365639936.000000 0.243097186 -0.173328221 -0.909810305 -0.210371703 0.904785693 0.364563912 0.064806558
1662064551365639936.000000 0.243097186 -0.173328221 -0.909810305 -0.210371703 0.904785693 0.364563912 0.064806558
1662064551365639936.000000 0.243097186 -0.173328221 -0.909810305 -0.210371703 0.904785693 0.364563912 0.064806558
1662064551365639936.000000 0.243097186 -0.173328221 -0.909810305 -0.210371703 0.904785693 0.364563912 0.064806558
1662064551365639936.000000 0.243097186 -0.173328221 -0.909810305 -0.210371703 0.904785693 0.364563912 0.064806558
1662064551365639936.000000 0.243097186 -0.173328221 -0.909810305 -0.210371703 0.904785693 0.364563912 0.064806558
1662064551365639936.000000 0.243097186 -0.173328221 -0.909810305 -0.210371703 0.904785693 0.364563912 0.064806558
1662064551365639936.000000 0.243097186 -0.173328221 -0.909810305 -0.210371703 0.904785693 0.364563912 0.064806558
1662064551365639936.000000 0.243097186 -0.173328221 -0.909810305 -0.210371703 0.904785693 0.364563912 0.064806558
1662064551365639936.000000 0.243097186 -0.173328221 -0.909810305 -0.210371703 0.904785693 0.364563912 0.064806558
1662064551365639936.000000 0.243097186 -0.173328221 -0.909810305 -0.210371703 0.904785693 0.364563912 0.064806558
1662064551365639936.000000 0.243097186 -0.173328221 -0.909810305 -0.210371703 0.904785693 0.364563912 0.064806558
1662064551365639936.000000 0.243097186 -0.173328221 -0.909810305 -0.210371703 0.904785693 0.364563912 0.064806558
