1662122092148269056.000000 0.022467516 -0.007911185 -0.008607289 0.001135192 0.023072334 0.026775826 0.999374509
1662122092193270272.000000 0.033125840 -0.010136675 -0.012714065 -0.005095560 0.031924158 0.019663813 0.999283850
1662122092232270848.000000 0.047733199 -0.016397132 -0.021155460 -0.012555922 0.039158478 0.010375870 0.999100268
1662122092280272128.000000 0.053840145 -0.014455712 -0.021256879 -0.017531309 0.046188947 0.001758251 0.998777330
1662122092322272768.000000 0.061618865 -0.016675040 -0.025833463 -0.022567265 0.053555638 -0.004605378 0.998299181
1662122092364273664.000000 0.077546708 -0.019366948 -0.030870227 -0.029456817 0.057476286 -0.017095651 0.997765779
1662122092412274944.000000 0.091300778 -0.022476397 -0.037000831 -0.035794210 0.062081363 -0.029003844 0.997007251
1662122092454275584.000000 0.105341151 -0.026348509 -0.043830182 -0.042324394 0.067074053 -0.040998287 0.996006429
1662122092493276672.000000 0.116263337 -0.029534848 -0.049476322 -0.047040291 0.070778437 -0.050183982 0.995117724
1662122092535277312.000000 0.131488889 -0.033991519 -0.055763770 -0.052605327 0.075141467 -0.059008885 0.994034410
1662122092580278272.000000 0.143721744 -0.036851112 -0.060635325 -0.055834789 0.076385729 -0.064475223 0.993423700
1662122092625279488.000000 0.165180802 -0.042231601 -0.070489809 -0.062625796 0.083530582 -0.080033839 0.991309881
1662122092667280128.000000 0.178993404 -0.047356352 -0.076513223 -0.067606166 0.090081781 -0.089585364 0.989590406
1662122092709281280.000000 0.199396282 -0.052346446 -0.083776787 -0.071158044 0.093210295 -0.096140616 0.988435805
1662122092751281920.000000 0.218454570 -0.057315517 -0.092522830 -0.074795187 0.099856891 -0.104396150 0.986679137
1662122092796282880.000000 0.218348891 -0.057346079 -0.092822120 -0.074934803 0.099817120 -0.104296058 0.986683190
1662122092847283968.000000 0.260744810 -0.068272427 -0.107579328 -0.079841480 0.117004439 -0.114110939 0.983317852
1662122092889284864.000000 0.280635864 -0.075512342 -0.115625359 -0.082395911 0.127535701 -0.123293355 0.980685651
1662122092931285760.000000 0.299904197 -0.081769288 -0.123356052 -0.083990932 0.137307510 -0.129173100 0.978471518
1662122092970286592.000000 0.319344372 -0.086206131 -0.129925013 -0.084159844 0.145873338 -0.130485833 0.977042258
1662122093015287552.000000 0.340296090 -0.091628231 -0.135775298 -0.084309265 0.154631153 -0.133090988 0.975329697
1662122093060288768.000000 0.365189761 -0.097279735 -0.142244965 -0.083367504 0.167925954 -0.139137805 0.972363889
1662122093105289472.000000 0.383646518 -0.103046827 -0.150270775 -0.082857691 0.179474816 -0.141882181 0.969944775
1662122093153290496.000000 0.399591386 -0.112497203 -0.159098834 -0.083369300 0.192167789 -0.141043186 0.967588782
1662122093201291520.000000 0.432987750 -0.124671578 -0.171695858 -0.083600096 0.199890792 -0.138964325 0.966304123
1662122093240292608.000000 0.440176159 -0.130684346 -0.176001638 -0.083821557 0.208699763 -0.143444598 0.963764548
1662122093282293248.000000 0.474654645 -0.137578532 -0.183196574 -0.080981039 0.219589993 -0.143677935 0.961550295
1662122093324294400.000000 0.498849481 -0.141146675 -0.189595997 -0.077438883 0.229788616 -0.142732888 0.959597707
1662122093366295040.000000 0.503673673 -0.145751119 -0.191838235 -0.078488640 0.230455503 -0.141205087 0.959578574
1662122093408296192.000000 0.539315522 -0.158258408 -0.205375642 -0.075213298 0.246745974 -0.142502874 0.955590069
1662122093453296896.000000 0.560760379 -0.161829934 -0.206641808 -0.072734989 0.254058659 -0.142264560 0.953899682
1662122093501297920.000000 0.577594340 -0.166912287 -0.213625357 -0.070767961 0.257103860 -0.139323175 0.953665912
1662122093543299072.000000 0.613233745 -0.180211246 -0.222849563 -0.069594540 0.272040695 -0.132618532 0.950559199
1662122093591300096.000000 0.643037021 -0.188593566 -0.231065035 -0.065624893 0.281130552 -0.133351728 0.948090911
1662122093633300736.000000 0.650417924 -0.191455722 -0.232900903 -0.064926319 0.286366910 -0.132352203 0.946710885
1662122093675301888.000000 0.686528325 -0.202336207 -0.242411464 -0.060684219 0.299441308 -0.131406739 0.943071902
1662122093723302912.000000 0.711662233 -0.208000720 -0.248103142 -0.057771590 0.310152650 -0.127270326 0.940356314
1662122093768303616.000000 0.737368107 -0.214665979 -0.251266867 -0.054117538 0.322526217 -0.125801846 0.936601341
1662122093810304768.000000 0.753707767 -0.219803125 -0.256194919 -0.052583568 0.328928709 -0.125727788 0.934469581
1662122093855305728.000000 0.767847419 -0.226947874 -0.259828955 -0.051430758 0.335198730 -0.123801596 0.932560980
1662122093894306304.000000 0.804969788 -0.235385567 -0.267524511 -0.047213543 0.350514710 -0.114034958 0.928389132
1662122093939307520.000000 0.827608466 -0.244446844 -0.273077160 -0.044855479 0.361304820 -0.115537129 0.924174190
1662122093981308160.000000 0.856808901 -0.253560007 -0.279731393 -0.041763734 0.371660769 -0.115701877 0.920183241
1662122094023309312.000000 0.877038121 -0.258427352 -0.283987164 -0.036812082 0.381299675 -0.114920668 0.916541696
1662122094065309952.000000 0.906888127 -0.266237557 -0.291443527 -0.035141792 0.391737610 -0.109024249 0.912918627
1662122094110310912.000000 0.927917361 -0.273931384 -0.296333671 -0.031369131 0.402474225 -0.109409407 0.908328176
1662122094146311680.000000 0.950479269 -0.283377230 -0.301195025 -0.028978860 0.412597924 -0.108380750 0.903978348
1662122094191312896.000000 0.977656066 -0.291607529 -0.307792813 -0.025092270 0.423507243 -0.105037533 0.899432719
1662122094227313408.000000 0.992288947 -0.296330810 -0.312096953 -0.023250313 0.430303544 -0.104347162 0.896331429
1662122094275314688.000000 1.008146286 -0.300379753 -0.313806117 -0.020308034 0.435745269 -0.104953617 0.893699288
1662122094317315328.000000 1.042718172 -0.313636571 -0.321892679 -0.017204247 0.451709956 -0.102444813 0.886096656
1662122094359316224.000000 1.070675611 -0.322342366 -0.327726215 -0.014549209 0.464450032 -0.097806916 0.880061626
1662122094395316992.000000 1.088574648 -0.330153108 -0.333187521 -0.012995202 0.470836073 -0.098510325 0.876607239
1662122094437318144.000000 1.117325068 -0.341288477 -0.339514732 -0.009091363 0.482112348 -0.098835319 0.870469213
1662122094482318848.000000 1.137383461 -0.350688219 -0.342672020 -0.006623464 0.491923004 -0.097481474 0.865138888
1662122094524320000.000000 1.166843772 -0.358822346 -0.348098427 -0.005044686 0.503101110 -0.095143676 0.858959556
1662122094566320640.000000 1.189765692 -0.367533445 -0.350526690 -0.000617732 0.514121354 -0.098206997 0.852076471
1662122094611321600.000000 1.214871645 -0.377185404 -0.356957734 0.002998332 0.524104893 -0.097244509 0.846078336
1662122094653322752.000000 1.238945484 -0.384488165 -0.360834777 0.004007597 0.534010589 -0.093523778 0.840279758
1662122094695323392.000000 1.262167931 -0.392481983 -0.361397386 0.009950925 0.544687569 -0.098284990 0.832800388
1662122094740324608.000000 1.276534438 -0.399600089 -0.363098115 0.011980976 0.550907791 -0.098342471 0.828665137
1662122094782325248.000000 1.308884382 -0.410443902 -0.366298169 0.018010737 0.564877748 -0.098882839 0.819030523
1662122094824326400.000000 1.337113857 -0.422484934 -0.378131479 0.019436913 0.571790397 -0.096601106 0.814460635
1662122094872327424.000000 1.359489679 -0.432596385 -0.384179771 0.024307236 0.579199791 -0.097808406 0.808931530
1662122094917328128.000000 1.386559963 -0.444703251 -0.386515528 0.028221168 0.589737117 -0.099252187 0.800976098
1662122094965329152.000000 1.413102388 -0.455841362 -0.390695214 0.030143149 0.599630177 -0.095935233 0.793934166
1662122095007330304.000000 1.437733650 -0.465190411 -0.393002629 0.030720359 0.608131707 -0.092550769 0.787823915
1662122095052331264.000000 1.461589932 -0.476776421 -0.396225810 0.038108401 0.616772294 -0.096974045 0.780215204
1662122095094331904.000000 1.484560728 -0.487552404 -0.399434447 0.042723481 0.625017405 -0.097780682 0.773283184
1662122095139333120.000000 1.484053969 -0.488343656 -0.398974419 0.042423081 0.625179052 -0.097608745 0.773190856
1662122095181333760.000000 1.528960228 -0.507271886 -0.403405726 0.045228973 0.640916109 -0.093663394 0.760531425
1662122095220334848.000000 1.538847685 -0.512224913 -0.403358340 0.049427446 0.645226002 -0.095658608 0.756366193
1662122095265335552.000000 1.576316476 -0.530291438 -0.409016013 0.057555173 0.655909956 -0.096709616 0.746402562
1662122095316336640.000000 1.602895975 -0.547640383 -0.409029722 0.061491359 0.665481091 -0.095384531 0.737736762
1662122095358337536.000000 1.622748375 -0.556902885 -0.413439274 0.065298803 0.671094239 -0.095653936 0.732269764
1662122095406338816.000000 1.647408366 -0.571129560 -0.414466262 0.070318051 0.678653002 -0.097108148 0.724607110
1662122095454339840.000000 1.671564817 -0.586408019 -0.416304708 0.073574305 0.685223162 -0.097199745 0.718058705
1662122095496340480.000000 1.691946983 -0.595590293 -0.413111567 0.075067207 0.692777455 -0.093195699 0.711153209
1662122095541341440.000000 1.710305810 -0.607650578 -0.410721302 0.080199264 0.699350953 -0.093301363 0.704110265
1662122095586342656.000000 1.730696678 -0.622112632 -0.413209558 0.083578698 0.704732478 -0.092569970 0.698425055
1662122095625343232.000000 1.748213530 -0.635049522 -0.413091183 0.085523486 0.709619343 -0.090829864 0.693452299
1662122095667344384.000000 1.764445066 -0.646370351 -0.411797643 0.087443449 0.714577258 -0.088432744 0.688413203
1662122095709345024.000000 1.786798716 -0.658412397 -0.407707810 0.092033193 0.721293271 -0.088421233 0.680769861
1662122095751346176.000000 1.804595947 -0.670462608 -0.410275459 0.095375948 0.725645423 -0.086934686 0.675858438
1662122095793346816.000000 1.823131561 -0.683974564 -0.408101439 0.098235629 0.731315076 -0.085658938 0.669470370
1662122095835347968.000000 1.839144111 -0.690404117 -0.408762693 0.098747633 0.735621512 -0.083619818 0.664919257
1662122095874348544.000000 1.856836081 -0.700985432 -0.408773661 0.103709005 0.739626706 -0.083533436 0.659711361
1662122095916349696.000000 1.875784993 -0.715081751 -0.408392787 0.107017837 0.744313955 -0.081857726 0.654097378
1662122095958350336.000000 1.889047384 -0.722376585 -0.404683590 0.109645076 0.748361111 -0.081512056 0.649068058
1662122096000351488.000000 1.906474948 -0.736246228 -0.403945804 0.112035416 0.753028750 -0.078904539 0.643560290
1662122096045352192.000000 1.921164274 -0.746276736 -0.403002501 0.115562044 0.756453335 -0.078457855 0.638958693
1662122096084353280.000000 1.936335802 -0.753954291 -0.401690722 0.119096704 0.759720802 -0.078214981 0.634446859
1662122096120354048.000000 1.949184775 -0.763806224 -0.400536537 0.121788695 0.762523830 -0.077680729 0.630627155
1662122096162354688.000000 1.956289887 -0.770325303 -0.396632910 0.123206906 0.764514565 -0.077511393 0.627956510
1662122096204355840.000000 1.975340247 -0.790638447 -0.382454634 0.123764470 0.771888256 -0.073119149 0.619293571
1662122096243356416.000000 1.981060624 -0.797402382 -0.385506630 0.126862511 0.772627413 -0.073087759 0.617746770
1662122096279357184.000000 1.999955058 -0.812549293 -0.380458117 0.129342616 0.776365638 -0.070459098 0.612831473
1662122096327358208.000000 2.005329370 -0.817096353 -0.382088661 0.130549207 0.777019382 -0.070531942 0.611737788
1662122096375359232.000000 2.025758743 -0.835663438 -0.374251604 0.132008418 0.782125652 -0.068355322 0.605128765
1662122096417360384.000000 2.030638695 -0.837169290 -0.373545170 0.135092482 0.782504022 -0.068914235 0.603894293
1662122096453361152.000000 2.049872160 -0.856128812 -0.367198706 0.138302892 0.786067009 -0.066836700 0.598751903
1662122096495361792.000000 2.060989380 -0.865230441 -0.362134218 0.141081348 0.788313091 -0.066122666 0.595219553
1662122096540362752.000000 2.071329355 -0.880925775 -0.355977535 0.142004490 0.790665030 -0.063312955 0.592178285
1662122096585363968.000000 2.080083609 -0.889081717 -0.349677324 0.144083157 0.792323291 -0.062733091 0.589515388
1662122096627364608.000000 2.094606876 -0.906271577 -0.341362715 0.146867409 0.795021415 -0.060550187 0.585409880
1662122096669365760.000000 2.104060888 -0.915618658 -0.340806723 0.147227943 0.795833826 -0.059381641 0.584334195
1662122096717366784.000000 2.112894535 -0.928646386 -0.333899021 0.146277532 0.798085868 -0.057837591 0.581649959
1662122096759367424.000000 2.124878407 -0.941755176 -0.321717978 0.148942962 0.800386369 -0.056233212 0.577958047
1662122096801368576.000000 2.133200645 -0.953711569 -0.311700821 0.151836812 0.801951826 -0.054536562 0.575191021
1662122096843369216.000000 2.141844273 -0.966043472 -0.306718349 0.153107613 0.802340150 -0.053066175 0.574449599
1662122096885370368.000000 2.150086403 -0.979808211 -0.297962904 0.152381256 0.804993212 -0.051617533 0.571053088
1662122096924370944.000000 2.155349016 -0.990809441 -0.293183088 0.154277608 0.804691017 -0.050210677 0.571095169
1662122096966372096.000000 2.158807278 -0.999879837 -0.287021875 0.155960694 0.805316806 -0.048562914 0.569897175
1662122097005372672.000000 2.167144299 -1.010911703 -0.279010296 0.156365439 0.806201935 -0.047973268 0.568583250
1662122097047373824.000000 2.171245575 -1.021978617 -0.271620035 0.156687260 0.807006001 -0.045735564 0.567537308
1662122097089374464.000000 2.179562330 -1.036135554 -0.261226416 0.156552330 0.808062315 -0.044594176 0.566160917
1662122097134375680.000000 2.183466196 -1.049912214 -0.254389763 0.156802833 0.808548152 -0.042321380 0.565572023
1662122097179376640.000000 2.189132690 -1.058585525 -0.245451212 0.158791333 0.808328390 -0.041340381 0.565403879
1662122097221377280.000000 2.191646099 -1.066850901 -0.239153624 0.157593235 0.809491575 -0.040408470 0.564140975
1662122097263378432.000000 2.198959827 -1.083226442 -0.223338366 0.158564314 0.809964776 -0.038954150 0.563291252
1662122097305379072.000000 2.200462580 -1.087680101 -0.215996981 0.159029037 0.810013831 -0.038905218 0.563093126
1662122097347380224.000000 2.206607342 -1.101803541 -0.207641602 0.159489125 0.809614599 -0.037617438 0.563624322
1662122097395381248.000000 2.210985422 -1.112227798 -0.199021101 0.160304517 0.808868527 -0.036290970 0.564550459
1662122097437381888.000000 2.214607716 -1.124514103 -0.190037012 0.159156576 0.808947980 -0.035459056 0.564814270
1662122097479383040.000000 2.216957331 -1.133307815 -0.178132534 0.158095971 0.810178161 -0.034912586 0.563381135
1662122097521383680.000000 2.219953537 -1.154326320 -0.163952351 0.157271758 0.809916854 -0.030693218 0.564232409
1662122097563384832.000000 2.220525503 -1.162069559 -0.156580448 0.157398418 0.809792757 -0.029358935 0.564446211
1662122097605385472.000000 2.222514391 -1.177313566 -0.141957521 0.157505900 0.808988094 -0.026703672 0.565700531
1662122097656386560.000000 2.230293751 -1.186038971 -0.129940987 0.158243999 0.807964206 -0.027170731 0.566934288
1662122097704387584.000000 2.225913525 -1.191623926 -0.129680634 0.156052917 0.808611989 -0.025720479 0.566685736
1662122097743388416.000000 2.229895115 -1.213905573 -0.102791309 0.156954497 0.807874620 -0.022353295 0.567630529
1662122097785389312.000000 2.227512836 -1.227379799 -0.097524881 0.155442849 0.805633128 -0.021043200 0.571270466
1662122097836390400.000000 2.227494478 -1.243184090 -0.091057777 0.151901171 0.804094434 -0.020522004 0.574401498
1662122097881391616.000000 2.228538990 -1.254774570 -0.075088024 0.151636332 0.803498030 -0.018545004 0.575372458
1662122097923392256.000000 2.229688168 -1.269287586 -0.058357239 0.150226265 0.804660141 -0.015939636 0.574195206
1662122097968393216.000000 2.229910135 -1.276058435 -0.053138971 0.150512293 0.802129865 -0.015309782 0.577667177
1662122098010394112.000000 2.231088877 -1.287945509 -0.039916992 0.149024040 0.800950229 -0.014149935 0.579715788
1662122098052395008.000000 2.225699902 -1.301494241 -0.035594940 0.146226376 0.798260450 -0.013646331 0.584133565
1662122098094396160.000000 2.227695465 -1.307536721 -0.028337717 0.147804022 0.795901835 -0.011124411 0.587001383
1662122098136396800.000000 2.224988461 -1.326585054 -0.011315346 0.143919393 0.795673192 -0.009148176 0.588309228
1662122098178397952.000000 2.227462530 -1.337473631 0.001583576 0.142845973 0.794548929 -0.007732937 0.590107858
1662122098226398720.000000 2.221942902 -1.349614382 0.010731697 0.140517309 0.792456329 -0.007299086 0.593476713
1662122098271399680.000000 2.218744755 -1.352199435 0.020163298 0.141133964 0.790469050 -0.007613847 0.595971406
1662122098316400640.000000 2.217834949 -1.371811152 0.034747362 0.138748348 0.789295971 -0.003556640 0.598120511
1662122098358401536.000000 2.217060328 -1.375992537 0.043572426 0.136601895 0.787588775 -0.004534809 0.600852191
1662122098397402624.000000 2.219367027 -1.388824940 0.054684877 0.134166896 0.786408603 -0.002748780 0.602953792
1662122098439403264.000000 2.215711117 -1.394447803 0.064914465 0.136819929 0.784053206 -0.001841000 0.605423510
1662122098481404416.000000 2.213067532 -1.403934598 0.072670698 0.134748295 0.781412661 -0.000693276 0.609291911
1662122098529405440.000000 2.211362839 -1.417659044 0.086944580 0.132410496 0.779593706 0.000211324 0.612128317
1662122098577406464.000000 2.207306385 -1.427374244 0.094994783 0.131996006 0.776461840 0.001767691 0.616182625
1662122098628407552.000000 2.204486609 -1.440827370 0.108077049 0.129922926 0.774391949 0.003659529 0.619212270
1662122098670408192.000000 2.200796127 -1.449741721 0.116774321 0.128470093 0.772302091 0.004441730 0.622113466
1662122098712409344.000000 2.199107409 -1.459135413 0.125995636 0.126859337 0.769861221 0.003756961 0.625464976
1662122098757410048.000000 2.194343328 -1.471037865 0.135650873 0.124416955 0.767389536 0.005984910 0.628965795
1662122098796411136.000000 2.193024635 -1.478338838 0.143564701 0.125489399 0.764114320 0.007847356 0.632708669
1662122098841411840.000000 2.191319227 -1.484706402 0.149868250 0.124350064 0.763100147 0.009008088 0.634140551
1662122098883412736.000000 2.182743788 -1.497720838 0.161362886 0.122842148 0.760314941 0.010494612 0.637746811
1662122098922413568.000000 2.179393768 -1.504614592 0.166875362 0.121772155 0.757982969 0.010709977 0.640717328
1662122098970414592.000000 2.175917149 -1.516769528 0.179246426 0.119638316 0.755533159 0.012583557 0.643970490
1662122099012415744.000000 2.172633648 -1.526010513 0.187437534 0.119095832 0.752731860 0.014018634 0.647313178
1662122099054416384.000000 2.167772293 -1.536254048 0.197036505 0.117391944 0.750608623 0.014211911 0.650079966
1662122099096417536.000000 2.165937424 -1.544987679 0.205401182 0.115667738 0.747889936 0.015000152 0.653495789
1662122099141418496.000000 2.165539980 -1.544835210 0.205138683 0.116821408 0.747733295 0.015949907 0.653447330
1662122099183419136.000000 2.158598900 -1.563332081 0.220675945 0.113070250 0.743401825 0.018004838 0.658972442
1662122099222419968.000000 2.154623508 -1.572818398 0.228430033 0.111998469 0.740721345 0.019019164 0.662137866
1662122099267420928.000000 2.152700186 -1.582990289 0.240084171 0.112262636 0.738075197 0.020331398 0.665002823
1662122099315421952.000000 2.148707151 -1.594486952 0.249062061 0.109382004 0.735432267 0.021451227 0.668367267
1662122099360423168.000000 2.146476746 -1.602778316 0.256414652 0.105817698 0.733286202 0.021659859 0.671285927
1662122099405423872.000000 2.144442320 -1.608500481 0.262102365 0.106647260 0.732151449 0.022337213 0.672370195
1662122099450424832.000000 2.139983654 -1.622278690 0.272251368 0.105574869 0.727741539 0.024513179 0.677233577
1662122099498425856.000000 2.140499115 -1.622126102 0.272407532 0.105650485 0.727660537 0.024633327 0.677304447
1662122099537426688.000000 2.136590242 -1.639075398 0.288450480 0.102633350 0.724227190 0.025721699 0.681395471
1662122099585427712.000000 2.134402752 -1.649268508 0.295515060 0.101850264 0.720838130 0.027326263 0.685034454
1662122099624428800.000000 2.132471085 -1.656379223 0.301996708 0.100839332 0.719818950 0.026765414 0.686276793
1662122099669429504.000000 2.130485058 -1.665478349 0.308905125 0.099802405 0.717366636 0.027538000 0.688960254
1662122099711430656.000000 2.128740311 -1.674141765 0.315000534 0.097014129 0.715507388 0.028478038 0.691249907
1662122099753431296.000000 2.128559351 -1.681531429 0.320069551 0.096227899 0.712740362 0.029907349 0.694152057
1662122099798432256.000000 2.125554323 -1.691025257 0.327261925 0.096639216 0.711247504 0.029867785 0.695626199
1662122099843433472.000000 2.125236750 -1.694921732 0.329556704 0.096657559 0.709857821 0.030711498 0.697005033
1662122099888434176.000000 2.124149561 -1.708765984 0.339588165 0.093433648 0.707012415 0.031672187 0.700286090
1662122099933435136.000000 2.123265505 -1.717013836 0.344525099 0.093063928 0.704908192 0.032444697 0.702417970
1662122099969435904.000000 2.121485949 -1.724758983 0.348956108 0.092786305 0.703622520 0.032210056 0.703753233
1662122100014436864.000000 2.120791197 -1.733283162 0.354480743 0.091941565 0.702117324 0.032430951 0.705355406
1662122100056438016.000000 2.121030569 -1.739101171 0.358538628 0.090574920 0.700765073 0.033276826 0.706836104
1662122100101438720.000000 2.120037794 -1.748716593 0.361957073 0.090418495 0.698561311 0.033686362 0.709014773
1662122100146439680.000000 2.120086670 -1.751607299 0.363461018 0.089767896 0.698226810 0.033693489 0.709426403
1662122100197440768.000000 2.122176886 -1.765408874 0.370345116 0.088415429 0.694846809 0.035125576 0.712837160
1662122100236441600.000000 2.122862577 -1.773370624 0.373774767 0.085504591 0.693450272 0.035597336 0.714526772
1662122100281442560.000000 2.124924660 -1.780205965 0.377174377 0.086022206 0.692170203 0.034910429 0.715738714
1662122100323443712.000000 2.125876904 -1.788164139 0.380396605 0.085631043 0.690685749 0.034372225 0.717244089
1662122100365444352.000000 2.127399921 -1.792965174 0.383355618 0.084125958 0.690680444 0.034547355 0.717418969
1662122100410445568.000000 2.128487825 -1.804097891 0.386189699 0.082925916 0.689003706 0.035196241 0.719137311
1662122100449446144.000000 2.131570816 -1.810733914 0.387128115 0.083164506 0.687313974 0.035798863 0.720695317
1662122100494447104.000000 2.134251595 -1.818930030 0.389480114 0.081971854 0.686216831 0.035963509 0.721868217
1662122100536448000.000000 2.134681702 -1.823723316 0.391484976 0.081270196 0.686470985 0.035855826 0.721711338
1662122100578448896.000000 2.138331652 -1.832325220 0.393753529 0.078899086 0.685652554 0.037314124 0.722677767
1662122100617449728.000000 2.141429424 -1.839916587 0.393680573 0.078443810 0.684393823 0.036326736 0.723969698
1662122100659450880.000000 2.145039797 -1.847556829 0.394214392 0.079274841 0.683703423 0.037309010 0.724481285
1662122100701451520.000000 2.147786379 -1.852488041 0.394854069 0.079470888 0.682900906 0.037806392 0.725190580
1662122100743452672.000000 2.152613640 -1.861524463 0.396192074 0.077173427 0.682761312 0.038452536 0.725536168
1662122100785453312.000000 2.157515049 -1.867635250 0.395029545 0.077363916 0.681857169 0.038441636 0.726366282
1662122100824454400.000000 2.160652637 -1.875729561 0.395418167 0.076633506 0.682054043 0.038355857 0.726263404
1662122100866455040.000000 2.163763046 -1.884768724 0.398051739 0.073860034 0.683326006 0.038354345 0.725354612
1662122100908456192.000000 2.169342995 -1.889222860 0.394307137 0.074212119 0.681738377 0.039433207 0.726753294
1662122100950456832.000000 2.175956488 -1.896094322 0.394074917 0.074498765 0.682037234 0.036367711 0.726603448
1662122100992457984.000000 2.180567265 -1.902639627 0.393176794 0.074051075 0.681869745 0.037386768 0.726754665
1662122101037458944.000000 2.187371969 -1.910797000 0.391266108 0.073895328 0.681987226 0.037583221 0.726650119
1662122101079459584.000000 2.193211079 -1.918103814 0.389886856 0.073297933 0.681936145 0.038309928 0.726720631
1662122101124460800.000000 2.200497627 -1.922216773 0.387982845 0.072708398 0.681783736 0.038405430 0.726917863
1662122101160461312.000000 2.204446554 -1.930263400 0.386982918 0.072019406 0.682485044 0.038072020 0.726345658
1662122101205462528.000000 2.213639259 -1.937388897 0.385764122 0.071330629 0.682650447 0.036978733 0.726314604
1662122101244463104.000000 2.217737675 -1.942619085 0.381692410 0.071851745 0.682975173 0.036557935 0.725979209
1662122101298464256.000000 2.217851639 -1.942943931 0.381862402 0.071881063 0.682939947 0.036646593 0.726004958
1662122101340465408.000000 2.237391233 -1.959104180 0.375247240 0.070058778 0.684008062 0.037057199 0.725156248
1662122101379465984.000000 2.246091604 -1.964172721 0.373161316 0.069578759 0.684502661 0.035157941 0.724830210
1662122101421467136.000000 2.252166033 -1.973229289 0.368942022 0.068075001 0.685348332 0.037807196 0.724040091
1662122101466467840.000000 2.260107040 -1.976804495 0.366304159 0.069475286 0.686373413 0.036368988 0.723009050
1662122101514468864.000000 2.270623446 -1.985220432 0.361549854 0.068710022 0.687209249 0.033462141 0.722428322
1662122101556470016.000000 2.278124809 -1.991960883 0.355839252 0.068731353 0.687460601 0.034255780 0.722149909
1662122101601470720.000000 2.288472891 -1.999000669 0.353793144 0.066095091 0.688836277 0.034360491 0.721079350
1662122101649471744.000000 2.297897577 -2.005742788 0.349030733 0.066730052 0.690342426 0.031558745 0.719707251
1662122101694472704.000000 2.312856913 -2.015148401 0.342489481 0.065401979 0.690656304 0.032146964 0.719501913
1662122101733473536.000000 2.321881771 -2.016968250 0.338966846 0.068260476 0.692016482 0.030415272 0.718003213
1662122101784474624.000000 2.333615065 -2.028056383 0.331994295 0.064945951 0.692544818 0.032352839 0.717716515
1662122101826475520.000000 2.344938993 -2.034958363 0.325087309 0.065551974 0.693237126 0.029555416 0.717113554
1662122101865476352.000000 2.356155872 -2.042545319 0.319150686 0.064729109 0.694088876 0.029919999 0.716348886
1662122101904477440.000000 2.364176035 -2.047074556 0.315094471 0.065614060 0.695510209 0.028724598 0.714937270
1662122101949478144.000000 2.368779659 -2.051771402 0.314654827 0.063025594 0.696205795 0.027234113 0.714551449
1662122101997479168.000000 2.390074730 -2.059403181 0.302068472 0.063324146 0.697023571 0.029100971 0.713653505
1662122102042480128.000000 2.397338867 -2.067059040 0.294969797 0.062811650 0.696948171 0.028092144 0.713812888
1662122102090481408.000000 2.408741474 -2.068864346 0.290195942 0.064550683 0.697085023 0.027036197 0.713564873
1662122102129481984.000000 2.430902481 -2.081424236 0.279647827 0.062275831 0.699542642 0.028601376 0.711297274
1662122102171483136.000000 2.437694788 -2.082106113 0.274739981 0.062550887 0.698885441 0.027962988 0.711944342
1662122102213483776.000000 2.460779905 -2.093290329 0.262104750 0.063865788 0.700317919 0.024910998 0.710531831
1662122102255484928.000000 2.469494343 -2.099498987 0.256783247 0.064790614 0.702351749 0.021007463 0.708563983
1662122102297485568.000000 2.482027531 -2.104124784 0.248804092 0.064197548 0.701786280 0.022673687 0.709126711
1662122102342486528.000000 2.499406815 -2.110585928 0.241741896 0.064324997 0.704366624 0.020916082 0.706606388
1662122102384487680.000000 2.513397455 -2.118638754 0.234113455 0.065029956 0.705264926 0.017942622 0.705726981
1662122102423488256.000000 2.524455309 -2.121238947 0.231402874 0.066148408 0.707553267 0.013084098 0.703435540
1662122102465489152.000000 2.539915800 -2.129516125 0.226506472 0.063050590 0.709284246 0.015863199 0.701918006
1662122102507490048.000000 2.554041624 -2.134789944 0.218610764 0.062635541 0.710161567 0.015881632 0.701067150
1662122102546490880.000000 2.568366289 -2.139782429 0.206189394 0.063879907 0.708738089 0.014306300 0.702428043
1662122102588492032.000000 2.583909988 -2.141904116 0.200520039 0.067396790 0.710177541 0.011359541 0.700697124
1662122102627492608.000000 2.598231792 -2.149676323 0.192274094 0.067444645 0.710890293 0.009732271 0.699994028
1662122102663493376.000000 2.610582113 -2.155980110 0.186828852 0.065912195 0.712215602 0.010518765 0.698780298
1662122102705494528.000000 2.620645046 -2.156877995 0.180829525 0.067815863 0.712402046 0.008378869 0.698436916
1662122102747495168.000000 2.620189428 -2.157963514 0.180864334 0.067518055 0.712226689 0.008394410 0.698644459
1662122102789496064.000000 2.653727531 -2.172509909 0.168119907 0.067331575 0.716480911 0.003630308 0.694340348
1662122102834497280.000000 2.670371532 -2.179580927 0.158185244 0.066290744 0.716831088 0.005606945 0.694065750
1662122102876497920.000000 2.685389280 -2.184647083 0.152270555 0.066650279 0.718708515 0.002442589 0.692105412
1662122102918499072.000000 2.702859879 -2.191107035 0.143100500 0.067273721 0.719513476 -0.000567412 0.691212296
1662122102960499712.000000 2.719655991 -2.195901871 0.136789083 0.067708381 0.720427513 -0.002658664 0.690212071
1662122103005500672.000000 2.719972610 -2.195925951 0.135755062 0.068077154 0.720186293 -0.002386160 0.690428495
1662122103044501504.000000 2.749421358 -2.208072901 0.120846033 0.066526167 0.721279740 -0.001016347 0.689441025
1662122103089502464.000000 2.749126196 -2.208633661 0.121116638 0.066384561 0.721337914 -0.001287282 0.689393342
1662122103131503616.000000 2.769904613 -2.205125332 0.130849600 0.069528267 0.725370169 -0.006510792 0.684807777
1662122103176504320.000000 2.783318758 -2.218944311 0.121885777 0.069367215 0.726217449 -0.007457240 0.683915854
1662122103221505280.000000 2.801501989 -2.228479624 0.113498926 0.068331286 0.727242887 -0.004862742 0.682953179
1662122103263506176.000000 2.814524651 -2.233725309 0.106885910 0.066697821 0.728657305 -0.003996811 0.681611359
1662122103308507136.000000 2.833063841 -2.239853144 0.097686768 0.068594545 0.727969646 -0.010600691 0.682086945
1662122103350508288.000000 2.851173162 -2.243216038 0.093365908 0.069303557 0.729005575 -0.012884821 0.680868447
1662122103392508928.000000 2.865894794 -2.243555546 0.089285612 0.069225013 0.729571939 -0.011926236 0.680287123
1662122103437509888.000000 2.879987478 -2.251647711 0.082321882 0.068811364 0.730007708 -0.013644269 0.679829061
1662122103479510784.000000 2.894343376 -2.256810904 0.072823524 0.069944762 0.729552686 -0.016413618 0.680140674
1662122103515511808.000000 2.903833151 -2.263351679 0.068362713 0.070078298 0.730081618 -0.019235723 0.679485083
1662122103557512448.000000 2.922747850 -2.269077301 0.058619499 0.071436912 0.729691386 -0.021051591 0.679708838
1662122103593513216.000000 2.930496693 -2.275123835 0.054768324 0.071046613 0.729849935 -0.022223435 0.679542243
1662122103635514368.000000 2.951973915 -2.280918121 0.045578241 0.070313416 0.729908228 -0.021950774 0.679564774
1662122103680515328.000000 2.964988708 -2.286680937 0.038299084 0.071774468 0.729699671 -0.025841292 0.679499149
1662122103725516032.000000 2.986219406 -2.291619778 0.029992580 0.072286569 0.729865432 -0.027781958 0.679190159
1662122103767517184.000000 2.992520809 -2.300060987 0.023621559 0.070979491 0.729477465 -0.027278231 0.679765046
1662122103809517824.000000 3.013749123 -2.303589582 0.017011166 0.071604818 0.729600012 -0.028802337 0.679505050
1662122103845518592.000000 3.026992559 -2.307198048 0.010029078 0.070219629 0.729174912 -0.027855026 0.680145085
1662122103887519488.000000 3.039110899 -2.317652702 0.005815506 0.070811063 0.729302466 -0.030714156 0.679823875
1662122103932520704.000000 3.060562372 -2.320950031 -0.004343033 0.072088584 0.728266597 -0.035168372 0.680583715
1662122103974521344.000000 3.073575020 -2.325738668 -0.010586262 0.073004402 0.727696002 -0.037824500 0.680953920
1662122104019522304.000000 3.083705902 -2.329433680 -0.015279770 0.070852205 0.727186620 -0.035250992 0.681862891
1662122104061523200.000000 3.106166601 -2.336817741 -0.026000023 0.072501808 0.726111829 -0.039554011 0.682598412
1662122104106524160.000000 3.122747898 -2.341257095 -0.030548811 0.072435401 0.725601017 -0.043000255 0.682940245
1662122104148525312.000000 3.136791706 -2.348269463 -0.040750980 0.072411500 0.723930120 -0.044068396 0.684645712
1662122104184526080.000000 3.148171663 -2.351302862 -0.044528008 0.072093368 0.723065019 -0.047170259 0.685386360
1662122104223526656.000000 3.165748835 -2.351105928 -0.055428267 0.074702151 0.721627355 -0.049189769 0.686479390
1662122104268527872.000000 3.178932905 -2.358598948 -0.062941313 0.074548677 0.719945133 -0.050181940 0.688188434
1662122104310528512.000000 3.193778992 -2.367344856 -0.072257042 0.072420090 0.718649387 -0.051555626 0.689666986
1662122104355529472.000000 3.208214283 -2.371476650 -0.078436613 0.071611971 0.717022717 -0.054267876 0.691234529
1662122104397530624.000000 3.227444172 -2.377417326 -0.085941076 0.072041087 0.715851903 -0.055547252 0.692301095
1662122104439531264.000000 3.239423275 -2.375752926 -0.090583324 0.072995499 0.714654207 -0.057708889 0.693260968
1662122104478532352.000000 3.254948378 -2.389225960 -0.098904610 0.069717720 0.712479889 -0.056485228 0.695931911
1662122104520532992.000000 3.270893812 -2.389947176 -0.101282120 0.070957132 0.711725652 -0.058384780 0.696421564
1662122104562534144.000000 3.287970781 -2.400541544 -0.110536575 0.069867574 0.709510446 -0.061410133 0.698528647
1662122104604534784.000000 3.307230949 -2.403996468 -0.114463329 0.069043323 0.708194733 -0.064353347 0.699679852
1662122104646535936.000000 3.322262049 -2.411895514 -0.123043060 0.068888485 0.705437183 -0.064885959 0.702426195
1662122104688536576.000000 3.327917814 -2.415724754 -0.123611689 0.067838691 0.705332220 -0.065590478 0.702568352
1662122104730537728.000000 3.353876352 -2.418190002 -0.131773710 0.068922304 0.701187849 -0.071254633 0.706051052
1662122104772538368.000000 3.363671064 -2.424523115 -0.131180763 0.066924877 0.700207114 -0.073079549 0.707029283
1662122104814539520.000000 3.378754854 -2.428148985 -0.141320229 0.066691794 0.696557522 -0.074652031 0.710483611
1662122104859540224.000000 3.389614105 -2.431064606 -0.145774603 0.064424030 0.693905294 -0.074660249 0.713281751
1662122104904541184.000000 3.408752441 -2.432542324 -0.151905298 0.066478886 0.690237164 -0.076627649 0.716436744
1662122104949542400.000000 3.416334391 -2.442201138 -0.155729055 0.064178541 0.688549697 -0.079673804 0.717936277
1662122104988542976.000000 3.431010723 -2.446792603 -0.160959959 0.064209074 0.684514940 -0.083413340 0.721359015
1662122105027544064.000000 3.447117090 -2.453225136 -0.167643547 0.063701048 0.681655586 -0.083583012 0.724086821
1662122105072544768.000000 3.458740711 -2.460805893 -0.171342134 0.061157063 0.678555250 -0.083862215 0.727179289
1662122105114545920.000000 3.474387407 -2.466191530 -0.177181244 0.060761210 0.674730062 -0.088144407 0.730258882
1662122105159546624.000000 3.488297224 -2.471413612 -0.179997206 0.060324531 0.672086954 -0.090626799 0.732425392
1662122105201547520.000000 3.499801874 -2.477420092 -0.185893297 0.059231196 0.668054879 -0.092788510 0.735924423
1662122105243548672.000000 3.513346195 -2.482990980 -0.188272953 0.057517722 0.664872885 -0.097010180 0.738393426
1662122105285549312.000000 3.522145748 -2.487989664 -0.192908764 0.055677060 0.661661565 -0.094878547 0.741688669
1662122105327550464.000000 3.537177086 -2.492550611 -0.196857929 0.055804722 0.657254040 -0.100483552 0.744853020
1662122105366551040.000000 3.547973633 -2.495933294 -0.198790312 0.055447295 0.654657364 -0.103011809 0.746818542
1662122105408551936.000000 3.557843447 -2.501688480 -0.202834129 0.054407455 0.650983632 -0.104771234 0.749855399
1662122105450552832.000000 3.573464632 -2.510082006 -0.208096027 0.051212139 0.645424902 -0.106374107 0.754644692
1662122105489553664.000000 3.582970858 -2.514094114 -0.211881399 0.051125232 0.641880751 -0.109176315 0.757268667
1662122105531554816.000000 3.596969604 -2.519714594 -0.215010405 0.049334869 0.637325704 -0.112005465 0.760813236
1662122105573555456.000000 3.607035160 -2.524087191 -0.215879202 0.048398949 0.633598328 -0.114275120 0.763643920
1662122105615556352.000000 3.621216774 -2.531020641 -0.220315456 0.046189275 0.628538251 -0.115592614 0.767753005
1662122105657557248.000000 3.632038593 -2.535889626 -0.223743677 0.044150889 0.623919666 -0.117803320 0.771295905
1662122105699558144.000000 3.638779640 -2.539603949 -0.225424528 0.044143625 0.620815516 -0.119372323 0.773556530
1662122105747559424.000000 3.654188633 -2.546767235 -0.229123831 0.041989267 0.614282191 -0.123391606 0.778247297
1662122105789560064.000000 3.665852785 -2.552647114 -0.230310678 0.040167719 0.609377503 -0.125718474 0.781818628
1662122105834561024.000000 3.675451279 -2.558660269 -0.234371662 0.036988102 0.604443550 -0.124938957 0.785919964
1662122105882562048.000000 3.691504478 -2.564381599 -0.235953808 0.035786755 0.597835898 -0.129834488 0.790224433
1662122105924562944.000000 3.701945066 -2.569711208 -0.239020348 0.034742914 0.592194021 -0.131911471 0.794165373
1662122105969563904.000000 3.709733486 -2.575496435 -0.239404917 0.032161586 0.588057578 -0.134468436 0.796914160
1662122106008564992.000000 3.720788479 -2.580407143 -0.240200996 0.030970551 0.582546651 -0.136160105 0.800712645
1662122106053565696.000000 3.730598927 -2.586920261 -0.242299318 0.027407745 0.576354921 -0.137758866 0.805038154
1662122106092566784.000000 3.740541458 -2.591948032 -0.242373705 0.025915431 0.571084142 -0.140396371 0.808381259
1662122106134567424.000000 3.741457462 -2.591223955 -0.243705511 0.026099874 0.570242882 -0.140286714 0.808988035
1662122106173568256.000000 3.759588957 -2.600830555 -0.244638205 0.022928406 0.560209394 -0.144870803 0.815262020
1662122106215569152.000000 3.767448187 -2.606086969 -0.244574904 0.020112501 0.555643380 -0.145778000 0.818293810
1662122106251569920.000000 3.775258064 -2.609456301 -0.245715857 0.018540511 0.550505042 -0.146329835 0.821698248
1662122106290571008.000000 3.786023617 -2.614325047 -0.244221210 0.016849063 0.544553638 -0.149421334 0.825136840
1662122106326571776.000000 3.792458057 -2.617438555 -0.244895220 0.015541852 0.539836705 -0.151103213 0.827950835
1662122106374572800.000000 3.800780296 -2.621678829 -0.245212674 0.013633429 0.534260809 -0.152650446 0.831310689
1662122106416573440.000000 3.804036617 -2.624843836 -0.245926023 0.011343160 0.530071080 -0.152797177 0.833995879
1662122106461574656.000000 3.816046715 -2.632490635 -0.245579123 0.007543551 0.521453381 -0.153374389 0.839348555
1662122106506575360.000000 3.826394558 -2.635958195 -0.244580388 0.006105993 0.511933982 -0.159262732 0.844110072
1662122106548576256.000000 3.835358143 -2.639567614 -0.243840694 0.004488153 0.504809678 -0.161037013 0.848064959
1662122106584577024.000000 3.841907263 -2.643596649 -0.244119644 0.002651927 0.499927133 -0.162053764 0.850767016
1662122106626578176.000000 3.847322464 -2.647260189 -0.241255641 0.000054885 0.494934112 -0.163976878 0.853318095
1662122106665578752.000000 3.854367256 -2.650038242 -0.240589380 -0.000618634 0.489032775 -0.165491521 0.856422305
1662122106707579904.000000 3.861224890 -2.654559374 -0.238226414 -0.002819091 0.482326299 -0.168071568 0.859712362
1662122106752580608.000000 3.865738392 -2.655600071 -0.236841798 -0.002914945 0.479123086 -0.169252589 0.861270130
1662122106794581760.000000 3.875603199 -2.661063671 -0.234962225 -0.007138261 0.469193488 -0.171185538 0.866315246
1662122106836582400.000000 3.883909464 -2.664607048 -0.232833862 -0.008701588 0.462058514 -0.172172621 0.869932652
1662122106881583360.000000 3.890469551 -2.667610645 -0.230509996 -0.011008460 0.455553532 -0.173505723 0.873066783
1662122106923584512.000000 3.895659685 -2.669914007 -0.229159594 -0.012391449 0.449129790 -0.175519288 0.875969112
1662122106965585152.000000 3.901168346 -2.672340870 -0.226760387 -0.014798502 0.442861736 -0.176029608 0.879015386
1662122107007586304.000000 3.908751011 -2.675522804 -0.224017680 -0.016244695 0.434649795 -0.178177103 0.882648647
1662122107055587328.000000 3.909156322 -2.678133011 -0.221058130 -0.018010411 0.431998879 -0.179532573 0.883640587
1662122107097587968.000000 3.913748503 -2.682566643 -0.219142556 -0.020696301 0.422857583 -0.182486534 0.887390494
1662122107136588800.000000 3.919145346 -2.686264515 -0.215658724 -0.024445498 0.416075140 -0.182427078 0.890507936
1662122107172589824.000000 3.922967434 -2.689064264 -0.213468313 -0.025734410 0.409379810 -0.183684647 0.893311739
1662122107214590464.000000 3.927201271 -2.693081379 -0.209704757 -0.027917624 0.403262019 -0.184886932 0.895777404
1662122107259591680.000000 3.935124874 -2.694370985 -0.202808440 -0.029545546 0.395984977 -0.184908852 0.898961484
1662122107307592704.000000 3.935952663 -2.697288275 -0.202095419 -0.031654067 0.390806913 -0.187261552 0.900667071
1662122107349593344.000000 3.942015171 -2.699658871 -0.197619379 -0.034963816 0.380237013 -0.189110205 0.904673874
1662122107394594304.000000 3.946177483 -2.701951504 -0.192262590 -0.035901591 0.373404175 -0.190466106 0.907195210
1662122107433595136.000000 3.947278738 -2.702611685 -0.191520602 -0.035263855 0.366809100 -0.192346662 0.909511089
1662122107472596224.000000 3.952482224 -2.704592228 -0.185402691 -0.038033150 0.361050516 -0.193348184 0.911489129
1662122107517596928.000000 3.956074715 -2.706242323 -0.181249052 -0.040141813 0.356069058 -0.194019794 0.913214028
1662122107556598016.000000 3.959903240 -2.708060741 -0.176260486 -0.042945884 0.346469790 -0.194842190 0.916597486
1662122107598598656.000000 3.962996721 -2.709451199 -0.172226951 -0.043466434 0.341233402 -0.194267482 0.918657005
1662122107643599872.000000 3.965691566 -2.711569071 -0.168544978 -0.044283025 0.334445566 -0.196538836 0.920628965
1662122107682600448.000000 3.968892574 -2.713421822 -0.163300991 -0.045696210 0.327492476 -0.197152421 0.922925472
1662122107724601600.000000 3.972339630 -2.715278387 -0.159140795 -0.047743194 0.319802880 -0.197334900 0.925475895
1662122107769602304.000000 3.974095345 -2.716321230 -0.156338081 -0.049592327 0.315491438 -0.198465168 0.926616073
1662122107814603264.000000 3.976937771 -2.719820499 -0.150036484 -0.051684737 0.306045711 -0.198937029 0.929563761
1662122107862604288.000000 3.979806900 -2.720760822 -0.144762471 -0.052061036 0.298531711 -0.198907286 0.931989491
1662122107904605440.000000 3.982624292 -2.721844673 -0.141366899 -0.053488802 0.291920245 -0.200055659 0.933755457
1662122107949606144.000000 3.983277798 -2.723457336 -0.133394226 -0.056189843 0.285843939 -0.201498672 0.935165405
1662122107991607296.000000 3.984573364 -2.725344419 -0.131374285 -0.057744633 0.282588601 -0.201348931 0.936091781
1662122108030607872.000000 3.986749172 -2.725703239 -0.123892210 -0.057569623 0.273503214 -0.201298445 0.938808143
1662122108075609088.000000 3.988617659 -2.728365183 -0.117472522 -0.059771966 0.265983224 -0.202052549 0.940667331
1662122108117609728.000000 3.986804008 -2.733547449 -0.112330973 -0.062474377 0.260169595 -0.203978196 0.941701472
1662122108159610624.000000 3.990568161 -2.732727528 -0.108560443 -0.064784452 0.254478872 -0.202577293 0.943401277
1662122108207611904.000000 3.991800308 -2.736277580 -0.101904519 -0.066997260 0.246288881 -0.203466877 0.945227206
1662122108249612544.000000 3.990606308 -2.736235142 -0.094441824 -0.067378223 0.240900323 -0.203780755 0.946520269
1662122108291613696.000000 3.992031813 -2.736489058 -0.089820646 -0.069054134 0.235431239 -0.204089701 0.947708368
1662122108339614720.000000 3.990763664 -2.738152266 -0.081815206 -0.069255225 0.229015306 -0.204624429 0.949149370
1662122108387615744.000000 3.991622686 -2.739783049 -0.076135695 -0.070114985 0.221891657 -0.204256684 0.950856090
1662122108429616384.000000 3.989655972 -2.741628408 -0.069212854 -0.071778819 0.217555329 -0.204989493 0.951575994
1662122108471617536.000000 3.991416931 -2.741945505 -0.067617714 -0.071732834 0.211588755 -0.205247894 0.952868283
1662122108516618240.000000 3.988561153 -2.745999575 -0.053778715 -0.075159632 0.205973968 -0.205222860 0.953839302
1662122108558619136.000000 3.987704754 -2.747462511 -0.048379123 -0.077675104 0.201340720 -0.205047801 0.954664290
1662122108600620032.000000 3.986499071 -2.748217344 -0.041967869 -0.077968448 0.196968794 -0.205247864 0.955509067
1662122108642620928.000000 3.984532833 -2.743339777 -0.032389544 -0.076498426 0.191369414 -0.206871361 0.956415236
1662122108687622144.000000 3.995138168 -2.743485928 -0.028467603 -0.076444879 0.183426067 -0.203680709 0.958658040
1662122108729622784.000000 3.992879868 -2.742008686 -0.021422036 -0.076756954 0.180555448 -0.204071343 0.959094882
1662122108774623744.000000 3.994433165 -2.742070198 -0.017637432 -0.078962885 0.174826607 -0.204154164 0.959959149
1662122108816624640.000000 3.994630814 -2.740293503 -0.013361409 -0.079176269 0.170665294 -0.203014359 0.960931659
1662122108861625600.000000 3.992350340 -2.739559650 -0.006387383 -0.077774048 0.165418357 -0.203454301 0.961870253
1662122108909626624.000000 3.992729187 -2.739209175 -0.006209716 -0.077212274 0.164180204 -0.203284502 0.962163508
1662122108951627776.000000 3.991250277 -2.739902020 0.005952269 -0.077839829 0.156182125 -0.201494902 0.963819504
1662122108990628608.000000 3.980440378 -2.738322973 0.027048834 -0.082250640 0.155122086 -0.203615323 0.963178515
1662122109035629568.000000 3.983672142 -2.737251043 0.023188561 -0.080240086 0.150218591 -0.201859370 0.964494050
1662122109083630336.000000 3.983267784 -2.736705303 0.025477439 -0.077267386 0.145803854 -0.202522874 0.965274811
1662122109125631232.000000 3.984148264 -2.734636068 0.036887519 -0.077486366 0.140653476 -0.200925604 0.966354728
1662122109164632064.000000 3.987527370 -2.729447603 0.038349018 -0.075475901 0.136694536 -0.200508356 0.967168272
1662122109206633216.000000 3.997102022 -2.734920979 0.050989844 -0.078089945 0.130163863 -0.199152276 0.968141377
1662122109245633792.000000 3.995768547 -2.732577324 0.055324495 -0.079245344 0.128655955 -0.198410615 0.968401372
1662122109287634944.000000 3.995232105 -2.730462313 0.063097052 -0.078113094 0.125075385 -0.198286161 0.968987703
1662122109332635648.000000 3.994140148 -2.737675190 0.074246861 -0.081104167 0.121551238 -0.197420463 0.969367206
1662122109368636672.000000 3.991471291 -2.732053280 0.079015888 -0.078662246 0.119042069 -0.197087958 0.969947219
1662122109410637312.000000 3.989386082 -2.729456186 0.083351552 -0.078139096 0.119724557 -0.196739897 0.969976246
1662122109452638464.000000 3.995874166 -2.727858543 0.090794466 -0.079144046 0.112779282 -0.195753276 0.970926225
1662122109491639040.000000 3.991900921 -2.726817608 0.095463134 -0.077740483 0.111571513 -0.194034547 0.971524000
1662122109539640064.000000 3.993964195 -2.724208593 0.107899591 -0.077423535 0.107607916 -0.194199443 0.971963346
1662122109587641344.000000 3.996063709 -2.723240376 0.111613199 -0.075357407 0.104632013 -0.193071172 0.972675145
1662122109635642368.000000 3.989967823 -2.723731041 0.122222163 -0.077292271 0.103137709 -0.193013862 0.972694278
1662122109674642944.000000 3.990109921 -2.721493721 0.126538098 -0.076547861 0.100893840 -0.192390963 0.973111868
1662122109716644096.000000 3.992627859 -2.721936703 0.140421540 -0.076828621 0.098799512 -0.190718964 0.973633587
1662122109761644800.000000 3.993639708 -2.724128485 0.146084636 -0.076796860 0.096063599 -0.189986527 0.974052966
1662122109803645952.000000 3.985134840 -2.721709251 0.155380487 -0.076974720 0.098185502 -0.188464791 0.974123001
1662122109845646592.000000 3.984096289 -2.719642878 0.158607185 -0.076419309 0.097241685 -0.187905431 0.974369407
1662122109887647744.000000 3.986634016 -2.722579718 0.166800931 -0.078652501 0.096218228 -0.187362447 0.974397838
1662122109929648384.000000 3.981790543 -2.716402769 0.175290763 -0.076361924 0.096342422 -0.185809627 0.974865079
1662122109968649472.000000 3.985125780 -2.716459513 0.188693836 -0.076608725 0.093585543 -0.184241489 0.975411713
1662122110010650112.000000 3.986152887 -2.716543913 0.195419297 -0.075953230 0.092715114 -0.183518723 0.975682318
1662122110055651072.000000 3.985056162 -2.713616133 0.203187168 -0.076608814 0.092258394 -0.183267981 0.975721478
1662122110097651968.000000 3.986716747 -2.714243412 0.208385974 -0.075720906 0.090329856 -0.182174698 0.976175904
1662122110136653056.000000 3.979104280 -2.710839272 0.216771990 -0.074192062 0.092879958 -0.181834936 0.976117313
1662122110178653696.000000 3.979704618 -2.709726095 0.222719297 -0.072563753 0.092112526 -0.181505516 0.976373732
1662122110220654848.000000 3.978485346 -2.710244894 0.232120469 -0.072843075 0.092115320 -0.179856643 0.976657748
1662122110265655808.000000 3.979737759 -2.707523584 0.239483953 -0.072101325 0.091832921 -0.179375827 0.976827741
1662122110307656448.000000 3.980416059 -2.704084635 0.248757362 -0.073123582 0.092448972 -0.177837089 0.976975024
1662122110352657664.000000 3.982413769 -2.701957703 0.255771130 -0.070900314 0.091918148 -0.176938459 0.977352083
1662122110394658304.000000 3.979152441 -2.703031540 0.264954448 -0.070602059 0.093105547 -0.175631434 0.977496982
1662122110436659456.000000 3.981623650 -2.700954914 0.270751953 -0.069586299 0.093532614 -0.174243808 0.977777362
1662122110481660416.000000 3.979014635 -2.697895288 0.281106770 -0.070383780 0.095449053 -0.173182026 0.977723718
1662122110526661120.000000 3.977208138 -2.694008112 0.287209034 -0.069768101 0.097534746 -0.172306538 0.977716684
1662122110571662080.000000 3.977465153 -2.695096254 0.298019171 -0.068293929 0.098072074 -0.171304464 0.977943063
1662122110613663232.000000 3.976664066 -2.695247412 0.302266389 -0.067386329 0.099347197 -0.170380026 0.978038847
1662122110661664000.000000 3.980579376 -2.692039013 0.312916756 -0.065624483 0.100451566 -0.169638291 0.978174746
1662122110703664896.000000 3.980926752 -2.691678524 0.318511486 -0.066124566 0.102192037 -0.168498516 0.978157818
1662122110748666112.000000 3.979980946 -2.687752962 0.330718845 -0.065410063 0.105216585 -0.167530775 0.978051364
1662122110793666816.000000 3.981141090 -2.687985659 0.337171257 -0.063232481 0.106406927 -0.166797429 0.978191137
1662122110835667968.000000 3.982357979 -2.687372446 0.346848965 -0.062509730 0.108664803 -0.165158361 0.978267491
1662122110880668928.000000 3.981539965 -2.682841063 0.352737844 -0.060464364 0.111412555 -0.163357094 0.978389442
1662122110919669504.000000 3.983417749 -2.681926250 0.361587405 -0.061677739 0.113785639 -0.162509799 0.978181601
1662122110970670592.000000 3.986768246 -2.679480314 0.362942159 -0.058990642 0.114628851 -0.161324129 0.978445113
1662122111012671744.000000 3.988389254 -2.678273439 0.376633912 -0.057720389 0.118624933 -0.158731610 0.978468597
1662122111054672384.000000 3.990192652 -2.677379131 0.384798825 -0.057201244 0.120615669 -0.157715380 0.978420019
1662122111093673216.000000 3.990412712 -2.673433065 0.389865041 -0.057495367 0.124442898 -0.156486586 0.978120744
1662122111138674176.000000 3.995399237 -2.673481464 0.394239336 -0.055479530 0.125690445 -0.155954689 0.978162587
1662122111186675200.000000 3.997789621 -2.670854807 0.406863928 -0.054741103 0.129506096 -0.153776139 0.978051364
1662122111225676032.000000 4.001404762 -2.670229435 0.411770880 -0.053880997 0.131588191 -0.151996538 0.978099406
1662122111267677184.000000 4.002085209 -2.670109749 0.418049842 -0.054012146 0.134813532 -0.150825277 0.977834225
1662122111309677824.000000 4.006075382 -2.670392275 0.422833443 -0.055490054 0.136993706 -0.148690104 0.977775514
1662122111351678976.000000 4.008442402 -2.664479971 0.432459146 -0.051384840 0.141744077 -0.147999644 0.977427423
1662122111393679616.000000 4.010879040 -2.662761211 0.435470819 -0.049767841 0.143533558 -0.147509828 0.977324009
1662122111435680512.000000 4.013288498 -2.662358046 0.445409238 -0.049740750 0.149253339 -0.145475253 0.976773381
1662122111477681408.000000 4.013787270 -2.659772158 0.449661314 -0.047621746 0.152566090 -0.145023927 0.976434290
1662122111522682368.000000 4.019641399 -2.660454988 0.460533619 -0.050480377 0.156105682 -0.142885834 0.976046324
1662122111570683392.000000 4.025133133 -2.660330057 0.463836461 -0.049185708 0.159862220 -0.140487537 0.975852489
1662122111615684608.000000 4.033142090 -2.657826900 0.469927609 -0.047966167 0.162508532 -0.138975680 0.975692570
1662122111657685248.000000 4.029874325 -2.651405334 0.481271058 -0.044816405 0.170031831 -0.139958501 0.974418938
1662122111702686208.000000 4.038630486 -2.653307676 0.482423693 -0.044698410 0.170411736 -0.137626871 0.974690139
1662122111747687424.000000 4.041399956 -2.650350094 0.489941448 -0.042738214 0.176233456 -0.137565836 0.973750889
1662122111789688064.000000 4.047996044 -2.649037361 0.495093495 -0.041830514 0.180144817 -0.134825632 0.973457813
1662122111834689024.000000 4.050669193 -2.647571564 0.501761615 -0.041372750 0.185740918 -0.134046152 0.972532928
1662122111876689920.000000 4.055135727 -2.648441792 0.507020116 -0.041031796 0.190093249 -0.132891372 0.971864641
1662122111918690816.000000 4.060449123 -2.646844864 0.511857629 -0.039787181 0.193055272 -0.131302431 0.971548438
1662122111963692032.000000 4.065946579 -2.644840717 0.518434048 -0.038980182 0.198472023 -0.129675344 0.970707834
1662122112005692672.000000 4.070242405 -2.644150496 0.523008823 -0.038751673 0.202635154 -0.128571033 0.970003545
1662122112047693824.000000 4.078248501 -2.644177675 0.528528273 -0.038286641 0.206508130 -0.127329990 0.969368637
1662122112089694464.000000 4.083458900 -2.640320301 0.532532811 -0.035990309 0.211378798 -0.126273096 0.968544662
1662122112134695424.000000 4.090025425 -2.640300274 0.539732218 -0.036322732 0.216825306 -0.124558076 0.967549860
1662122112182696704.000000 4.095435143 -2.637193203 0.543508708 -0.035361599 0.220565930 -0.121907875 0.967077434
1662122112224697344.000000 4.100600719 -2.636671305 0.547985971 -0.035518371 0.225319982 -0.119964093 0.966218412
1662122112266698240.000000 4.109171867 -2.633843422 0.552918434 -0.032382872 0.231522366 -0.119275041 0.964946747
1662122112308699136.000000 4.115586758 -2.633059978 0.558402061 -0.031257395 0.236913219 -0.119184494 0.963685751
1662122112353700096.000000 4.123833179 -2.631930828 0.563841820 -0.030269753 0.241176590 -0.118163303 0.962785065
1662122112395701248.000000 4.128518105 -2.630344152 0.568536997 -0.030863073 0.246255830 -0.114893220 0.961875796
1662122112434701824.000000 4.135025501 -2.627979755 0.572305918 -0.029175553 0.252952099 -0.112961814 0.960418522
1662122112476702976.000000 4.143066406 -2.624554157 0.578283727 -0.026358690 0.258114636 -0.112921178 0.959130287
1662122112521703680.000000 4.151997566 -2.624660015 0.581381679 -0.025429623 0.263309211 -0.112949558 0.957739055
1662122112572704768.000000 4.160676003 -2.624157906 0.586386919 -0.024274293 0.269293159 -0.112198353 0.956192195
1662122112617705728.000000 4.168172836 -2.622474670 0.590941072 -0.023183307 0.275281906 -0.109545015 0.954820633
1662122112656706560.000000 4.174530983 -2.621881723 0.594736516 -0.022395544 0.279235661 -0.110603191 0.953568459
1662122112698707456.000000 4.181856155 -2.619728088 0.600708663 -0.020641228 0.285938948 -0.109956771 0.951694548
1662122112746708736.000000 4.193407059 -2.619066238 0.602799535 -0.019070366 0.290241569 -0.108659305 0.950573146
1662122112788709376.000000 4.198986530 -2.615890741 0.606974244 -0.017251056 0.296816319 -0.106489994 0.948821604
1662122112833710336.000000 4.209136486 -2.617354631 0.609532475 -0.018613108 0.299171716 -0.103914887 0.948341489
1662122112875711488.000000 4.219337940 -2.619124651 0.612122655 -0.018370451 0.303797007 -0.103458442 0.946924686
1662122112914712064.000000 4.227328777 -2.617297888 0.615850329 -0.016218688 0.309357375 -0.103410564 0.945167303
1662122112953712896.000000 4.235712528 -2.616982937 0.617112756 -0.014814217 0.313300014 -0.103045247 0.943930864
1662122112998713856.000000 4.244779587 -2.616015911 0.623421133 -0.015159954 0.319309086 -0.101398319 0.942088246
1662122113037714688.000000 4.252374172 -2.614809036 0.626233220 -0.013765588 0.324117661 -0.100020483 0.940613747
1662122113079715840.000000 4.263555527 -2.616339684 0.626894891 -0.012759989 0.328571379 -0.100579686 0.939021707
1662122113118716416.000000 4.270857334 -2.615583658 0.629847527 -0.011611718 0.333352715 -0.100885525 0.937317073
1662122113154717184.000000 4.276328564 -2.616334200 0.631851852 -0.011639601 0.335165590 -0.100206256 0.936742902
1662122113196718336.000000 4.284930229 -2.614680052 0.639471233 -0.011226246 0.344585657 -0.096947297 0.933668077
1662122113235718912.000000 4.298794270 -2.615533829 0.638224840 -0.010761606 0.346219450 -0.094514333 0.933318436
1662122113277720064.000000 4.307555199 -2.616191864 0.637630999 -0.009042612 0.351069331 -0.094684377 0.931506038
1662122113319720704.000000 4.317273140 -2.610487223 0.641855478 -0.006833243 0.355918467 -0.097797699 0.929360569
1662122113355721472.000000 4.323427200 -2.612940788 0.640475452 -0.005575140 0.357885480 -0.095872447 0.928813934
1662122113400722432.000000 4.337418556 -2.612816572 0.644584477 -0.005333054 0.364653468 -0.093377106 0.926434159
1662122113448723456.000000 4.347712517 -2.612117767 0.639809787 -0.004952784 0.364912063 -0.090291075 0.926640332
1662122113487724288.000000 4.357960701 -2.616981745 0.651823521 -0.005551118 0.375716805 -0.089982457 0.922339022
1662122113529725440.000000 4.367833138 -2.614513397 0.660894215 -0.006301351 0.384396136 -0.090695105 0.918680787
1662122113571726080.000000 4.376822472 -2.615162611 0.656435311 -0.002884181 0.385697931 -0.090541832 0.918167233
1662122113613726976.000000 4.386141777 -2.614570618 0.655384421 -0.002775964 0.389178097 -0.090560429 0.916696072
1662122113655727872.000000 4.397277832 -2.612370253 0.660085678 -0.001663096 0.394920737 -0.088601649 0.914431274
1662122113700728832.000000 4.409732819 -2.614060640 0.659426093 -0.002760775 0.396852255 -0.085537247 0.913884044
1662122113742729984.000000 4.418797493 -2.615062714 0.661713839 -0.000713937 0.402642131 -0.086567953 0.911254585
1662122113784730624.000000 4.428540707 -2.615610600 0.663702607 -0.000671947 0.407312661 -0.087775230 0.909060776
1662122113826731776.000000 4.440475941 -2.615755796 0.663989067 0.000102296 0.410507917 -0.086354978 0.907758892
1662122113871732480.000000 4.442386150 -2.615017176 0.664347172 0.000568884 0.410910338 -0.086707950 0.907542944
1662122113913733376.000000 4.449681282 -2.611804008 0.667476296 0.001830200 0.422926545 -0.085717209 0.902098954
1662122113958734592.000000 4.476439476 -2.611011028 0.668322444 0.004632165 0.424975395 -0.084813230 0.901210964
1662122114006735616.000000 4.487892628 -2.610852957 0.668373466 0.004429408 0.429118037 -0.087355390 0.899003446
1662122114048736256.000000 4.494387150 -2.610827208 0.670064926 0.007082619 0.434301168 -0.085850902 0.896639347
1662122114090737408.000000 4.512948990 -2.612951756 0.673554778 0.006910346 0.438175231 -0.085819080 0.894756854
1662122114132738048.000000 4.523717880 -2.614598513 0.673004746 0.006935230 0.441169858 -0.085061707 0.893356383
1662122114177739264.000000 4.538404465 -2.616833925 0.673798680 0.005232614 0.445428699 -0.081295371 0.891603589
1662122114222740224.000000 4.552565575 -2.619156599 0.672923803 0.005097695 0.447960973 -0.082386352 0.890234530
1662122114264740864.000000 4.563034058 -2.615931273 0.676450849 0.009507651 0.453993142 -0.082908459 0.887088597
1662122114309742080.000000 4.575587273 -2.614826679 0.677608252 0.010168210 0.458598167 -0.083940230 0.884611964
1662122114354743040.000000 4.588896751 -2.615606308 0.677483559 0.011175491 0.462312371 -0.084106736 0.882648587
1662122114396743680.000000 4.599841595 -2.614418745 0.679356694 0.010263986 0.465757340 -0.081550196 0.881087065
1662122114438744832.000000 4.613123894 -2.615090370 0.681223631 0.011810669 0.470618755 -0.082547717 0.878387392
1662122114489745920.000000 4.624824524 -2.614970684 0.679615736 0.014045643 0.472204447 -0.083899453 0.877374828
1662122114534746624.000000 4.635393620 -2.616043806 0.681035995 0.014482326 0.475368112 -0.083875954 0.875659883
1662122114579747584.000000 4.655092716 -2.616889477 0.681758523 0.016299587 0.480521709 -0.084686570 0.872732222
1662122114627748608.000000 4.660372734 -2.618123055 0.682366848 0.016233696 0.482162833 -0.084477328 0.871848166
1662122114669749504.000000 4.680578709 -2.618658066 0.683153629 0.014161690 0.485861003 -0.080498375 0.870206058
1662122114708750592.000000 4.694882393 -2.619340420 0.683149099 0.016697388 0.489209741 -0.083886266 0.867962122
1662122114750751232.000000 4.707927227 -2.620905876 0.684225082 0.017198700 0.492326915 -0.083426416 0.866232336
1662122114792752384.000000 4.720420361 -2.621430159 0.684794426 0.018595945 0.494485974 -0.084447622 0.864873707
1662122114837753344.000000 4.733170509 -2.622072697 0.685029507 0.018963199 0.497624516 -0.084649086 0.863043904
1662122114882754048.000000 4.745669365 -2.621632338 0.685141802 0.020718329 0.500227511 -0.084472977 0.861514688
1662122114921755136.000000 4.756870747 -2.622283459 0.685964823 0.021652713 0.503513575 -0.083797403 0.859641433
1662122114966755840.000000 4.772223473 -2.623123646 0.685552120 0.022603689 0.505504072 -0.084361419 0.858392656
1662122115008756992.000000 4.783876896 -2.623761177 0.686594486 0.024022825 0.508516014 -0.084412508 0.856568158
1662122115059757824.000000 4.784702301 -2.623843670 0.686326981 0.023913337 0.507611990 -0.084532395 0.857095420
1662122115110758912.000000 4.812471867 -2.624782562 0.688839197 0.021859512 0.513472915 -0.084002204 0.853704572
1662122115149759744.000000 4.831349373 -2.626538754 0.688818693 0.023931645 0.514319241 -0.085391074 0.853001416
1662122115194760704.000000 4.839118004 -2.628718376 0.691623926 0.024067439 0.518511653 -0.085470475 0.850447655
1662122115236761856.000000 4.847206116 -2.628926039 0.691259384 0.024727568 0.519783199 -0.087073185 0.849489391
1662122115278762496.000000 4.863017082 -2.627609491 0.689091682 0.027572928 0.521574140 -0.086883634 0.848322690
1662122115320763648.000000 4.875040054 -2.629696608 0.690634489 0.027522299 0.523812294 -0.086959034 0.846936524
1662122115365764352.000000 4.891260147 -2.630751848 0.690691471 0.026434710 0.525130510 -0.086412437 0.846210480
1662122115404765440.000000 4.899012566 -2.630686998 0.690475702 0.026210045 0.525861859 -0.084432110 0.845963180
1662122115446766080.000000 4.915905952 -2.633346081 0.691601038 0.028204000 0.527381122 -0.087652966 0.844624579
1662122115491767296.000000 4.928078175 -2.634339333 0.693389177 0.029736750 0.529287398 -0.088689446 0.843270361
1662122115533767936.000000 4.941115379 -2.633981705 0.689152479 0.029642653 0.529711187 -0.088714629 0.843004882
1662122115575768832.000000 4.951846123 -2.634811640 0.690012693 0.030004494 0.530231714 -0.089352258 0.842597306
1662122115620770048.000000 4.964749813 -2.636121273 0.690335512 0.027746066 0.531970918 -0.086880475 0.841836631
1662122115662770688.000000 4.976188660 -2.637571335 0.689741850 0.029083870 0.532401800 -0.088784769 0.841320217
1662122115707771904.000000 4.994204521 -2.641771793 0.693464041 0.028700504 0.534602761 -0.089595146 0.839850605
1662122115749772544.000000 5.005880833 -2.641350746 0.693094254 0.030095080 0.535988927 -0.089304961 0.838948607
1662122115788773632.000000 5.015756607 -2.643743515 0.693432808 0.028598934 0.535819471 -0.090098843 0.839024365
1662122115830774272.000000 5.028016567 -2.642671824 0.690034866 0.031491883 0.535141706 -0.091154039 0.839239359
1662122115875775232.000000 5.043513298 -2.642472029 0.688867331 0.030349357 0.535718799 -0.088915162 0.839153409
1662122115917776384.000000 5.055404663 -2.646322966 0.692504168 0.028990328 0.536371291 -0.087342180 0.838949859
1662122115959777024.000000 5.068644524 -2.645124197 0.691443920 0.033158898 0.537127972 -0.091492049 0.837868273
1662122115998777856.000000 5.076476574 -2.645752907 0.693906546 0.033925623 0.536648214 -0.093783699 0.837891638
1662122115998777856.000000 5.076476574 -2.645752907 0.693906546 0.033925623 0.536648214 -0.093783699 0.837891638
1662122115998777856.000000 5.076476574 -2.645752907 0.693906546 0.033925623 0.536648214 -0.093783699 0.837891638
1662122115998777856.000000 5.076476574 -2.645752907 0.693906546 0.033925623 0.536648214 -0.093783699 0.837891638
1662122115998777856.000000 5.076476574 -2.645752907 0.693906546 0.033925623 0.536648214 -0.093783699 0.837891638
1662122115998777856.000000 5.076476574 -2.645752907 0.693906546 0.033925623 0.536648214 -0.093783699 0.837891638
1662122115998777856.000000 5.076476574 -2.645752907 0.693906546 0.033925623 0.536648214 -0.093783699 0.837891638
1662122115998777856.000000 5.076476574 -2.645752907 0.693906546 0.033925623 0.536648214 -0.093783699 0.837891638
1662122115998777856.000000 5.076476574 -2.645752907 0.693906546 0.033925623 0.536648214 -0.093783699 0.837891638
1662122115998777856.000000 5.076476574 -2.645752907 0.693906546 0.033925623 0.536648214 -0.093783699 0.837891638
1662122115998777856.000000 5.076476574 -2.645752907 0.693906546 0.033925623 0.536648214 -0.093783699 0.837891638
1662122115998777856.000000 5.076476574 -2.645752907 0.693906546 0.033925623 0.536648214 -0.093783699 0.837891638
1662122115998777856.000000 5.076476574 -2.645752907 0.693906546 0.033925623 0.536648214 -0.093783699 0.837891638
1662122115998777856.000000 5.076476574 -2.645752907 0.693906546 0.033925623 0.536648214 -0.093783699 0.837891638
1662122115998777856.000000 5.076476574 -2.645752907 0.693906546 0.033925623 0.536648214 -0.093783699 0.837891638
1662122115998777856.000000 5.076476574 -2.645752907 0.693906546 0.033925623 0.536648214 -0.093783699 0.837891638
1662122115998777856.000000 5.076476574 -2.645752907 0.693906546 0.033925623 0.536648214 -0.093783699 0.837891638
1662122115998777856.000000 5.076476574 -2.645752907 0.693906546 0.033925623 0.536648214 -0.093783699 0.837891638
1662122115998777856.000000 5.076476574 -2.645752907 0.693906546 0.033925623 0.536648214 -0.093783699 0.837891638
1662122115998777856.000000 5.076476574 -2.645752907 0.693906546 0.033925623 0.536648214 -0.093783699 0.837891638
1662122115998777856.000000 5.076476574 -2.645752907 0.693906546 0.033925623 0.536648214 -0.093783699 0.837891638
1662122115998777856.000000 5.076476574 -2.645752907 0.693906546 0.033925623 0.536648214 -0.093783699 0.837891638
1662122115998777856.000000 5.076476574 -2.645752907 0.693906546 0.033925623 0.536648214 -0.093783699 0.837891638
1662122115998777856.000000 5.076476574 -2.645752907 0.693906546 0.033925623 0.536648214 -0.093783699 0.837891638
1662122115998777856.000000 5.076476574 -2.645752907 0.693906546 0.033925623 0.536648214 -0.093783699 0.837891638
1662122115998777856.000000 5.076476574 -2.645752907 0.693906546 0.033925623 0.536648214 -0.093783699 0.837891638
1662122115998777856.000000 5.076476574 -2.645752907 0.693906546 0.033925623 0.536648214 -0.093783699 0.837891638
1662122115998777856.000000 5.076476574 -2.645752907 0.693906546 0.033925623 0.536648214 -0.093783699 0.837891638
1662122115998777856.000000 5.076476574 -2.645752907 0.693906546 0.033925623 0.536648214 -0.093783699 0.837891638
1662122115998777856.000000 5.076476574 -2.645752907 0.693906546 0.033925623 0.536648214 -0.093783699 0.837891638
1662122115998777856.000000 5.076476574 -2.645752907 0.693906546 0.033925623 0.536648214 -0.093783699 0.837891638
1662122115998777856.000000 5.076476574 -2.645752907 0.693906546 0.033925623 0.536648214 -0.093783699 0.837891638
1662122115998777856.000000 5.076476574 -2.645752907 0.693906546 0.033925623 0.536648214 -0.093783699 0.837891638
1662122115998777856.000000 5.076476574 -2.645752907 0.693906546 0.033925623 0.536648214 -0.093783699 0.837891638
1662122115998777856.000000 5.076476574 -2.645752907 0.693906546 0.033925623 0.536648214 -0.093783699 0.837891638
1662122115998777856.000000 5.076476574 -2.645752907 0.693906546 0.033925623 0.536648214 -0.093783699 0.837891638
1662122115998777856.000000 5.076476574 -2.645752907 0.693906546 0.033925623 0.536648214 -0.093783699 0.837891638
1662122115998777856.000000 5.076476574 -2.645752907 0.693906546 0.033925623 0.536648214 -0.093783699 0.837891638
1662122115998777856.000000 5.076476574 -2.645752907 0.693906546 0.033925623 0.536648214 -0.093783699 0.837891638
1662122115998777856.000000 5.076476574 -2.645752907 0.693906546 0.033925623 0.536648214 -0.093783699 0.837891638
1662122115998777856.000000 5.076476574 -2.645752907 0.693906546 0.033925623 0.536648214 -0.093783699 0.837891638
1662122115998777856.000000 5.076476574 -2.645752907 0.693906546 0.033925623 0.536648214 -0.093783699 0.837891638
1662122115998777856.000000 5.076476574 -2.645752907 0.693906546 0.033925623 0.536648214 -0.093783699 0.837891638
1662122115998777856.000000 5.076476574 -2.645752907 0.693906546 0.033925623 0.536648214 -0.093783699 0.837891638
1662122115998777856.000000 5.076476574 -2.645752907 0.693906546 0.033925623 0.536648214 -0.093783699 0.837891638
1662122115998777856.000000 5.076476574 -2.645752907 0.693906546 0.033925623 0.536648214 -0.093783699 0.837891638
1662122115998777856.000000 5.076476574 -2.645752907 0.693906546 0.033925623 0.536648214 -0.093783699 0.837891638
1662122115998777856.000000 5.076476574 -2.645752907 0.693906546 0.033925623 0.536648214 -0.093783699 0.837891638
1662122115998777856.000000 5.076476574 -2.645752907 0.693906546 0.033925623 0.536648214 -0.093783699 0.837891638
1662122115998777856.000000 5.076476574 -2.645752907 0.693906546 0.033925623 0.536648214 -0.093783699 0.837891638
1662122115998777856.000000 5.076476574 -2.645752907 0.693906546 0.033925623 0.536648214 -0.093783699 0.837891638
1662122115998777856.000000 5.076476574 -2.645752907 0.693906546 0.033925623 0.536648214 -0.093783699 0.837891638
1662122115998777856.000000 5.076476574 -2.645752907 0.693906546 0.033925623 0.536648214 -0.093783699 0.837891638
1662122115998777856.000000 5.076476574 -2.645752907 0.693906546 0.033925623 0.536648214 -0.093783699 0.837891638
1662122115998777856.000000 5.076476574 -2.645752907 0.693906546 0.033925623 0.536648214 -0.093783699 0.837891638
1662122115998777856.000000 5.076476574 -2.645752907 0.693906546 0.033925623 0.536648214 -0.093783699 0.837891638
1662122115998777856.000000 5.076476574 -2.645752907 0.693906546 0.033925623 0.536648214 -0.093783699 0.837891638
1662122115998777856.000000 5.076476574 -2.645752907 0.693906546 0.033925623 0.536648214 -0.093783699 0.837891638
1662122115998777856.000000 5.076476574 -2.645752907 0.693906546 0.033925623 0.536648214 -0.093783699 0.837891638
1662122115998777856.000000 5.076476574 -2.645752907 0.693906546 0.033925623 0.536648214 -0.093783699 0.837891638
1662122115998777856.000000 5.076476574 -2.645752907 0.693906546 0.033925623 0.536648214 -0.093783699 0.837891638
1662122115998777856.000000 5.076476574 -2.645752907 0.693906546 0.033925623 0.536648214 -0.093783699 0.837891638
1662122115998777856.000000 5.076476574 -2.645752907 0.693906546 0.033925623 0.536648214 -0.093783699 0.837891638
1662122115998777856.000000 5.076476574 -2.645752907 0.693906546 0.033925623 0.536648214 -0.093783699 0.837891638
1662122115998777856.000000 5.076476574 -2.645752907 0.693906546 0.033925623 0.536648214 -0.093783699 0.837891638
1662122115998777856.000000 5.076476574 -2.645752907 0.693906546 0.033925623 0.536648214 -0.093783699 0.837891638
1662122115998777856.000000 5.076476574 -2.645752907 0.693906546 0.033925623 0.536648214 -0.093783699 0.837891638
1662122115998777856.000000 5.076476574 -2.645752907 0.693906546 0.033925623 0.536648214 -0.093783699 0.837891638
1662122115998777856.000000 5.076476574 -2.645752907 0.693906546 0.033925623 0.536648214 -0.093783699 0.837891638
1662122115998777856.000000 5.076476574 -2.645752907 0.693906546 0.033925623 0.536648214 -0.093783699 0.837891638
