0.0 -1.88764601903 2.41126844264 -0.447336717099 0.00174963089313 0.060041009414 0.114444087893 0.991612104972
20.0 -1.83709486848 2.31539811803 -0.416465057756 0.00515984230252 0.0647769699628 0.124799316286 0.990051741499
40.0 -1.80478502891 2.19088528546 -0.34099550563 0.00426588369143 0.0584599623413 0.132904686972 0.989394046485
60.0 -1.77379472828 2.05213170323 -0.253337041829 0.00236093972888 0.0538104138405 0.13792616677 0.988976864161
80.0 -1.73420682869 1.90297363706 -0.181389367659 0.00468473399823 0.0618269872609 0.143714458463 0.987674861147
100.0 -1.69022908141 1.74871030054 -0.113672760942 0.00868131710241 0.0709596816532 0.152450104552 0.985722234676
120.0 -1.65090281051 1.59310303287 -0.0305145750519 0.0102238469676 0.0681783314742 0.160813183512 0.984574176017
140.0 -1.6114804745 1.43028683134 0.0497211537667 0.0106424815266 0.0668148374926 0.16578702212 0.983837983803
160.0 -1.5725516175 1.26305588577 0.122811797962 0.0121341164252 0.0713109088747 0.168531564732 0.983038467804
180.0 -1.53752913179 1.09761910755 0.194647904935 0.0131126557479 0.0735798220618 0.170360006779 0.982543401655
200.0 -1.51640646168 0.944659232614 0.25761122205 0.0129546186185 0.0694044683802 0.170163644282 0.982883274753
220.0 -1.48869650697 0.820209060404 0.290172103121 0.0139427725332 0.0665560875631 0.169961862806 0.983101648607
240.0 -1.45747985613 0.707848390467 0.301232837579 0.0149764901498 0.0701853747363 0.168948380172 0.983008729744
260.0 -1.40751544012 0.598894846911 0.308666143372 0.0160566333461 0.0810764655472 0.173101404665 0.981429923613
280.0 -1.35927612954 0.478431383221 0.341207225012 0.0147048167319 0.0863943919907 0.179412153636 0.979862774334
300.0 -1.31929922072 0.366709615244 0.388927447504 0.0101792361294 0.0823355978774 0.188897302912 0.978486096696
320.0 -1.27020950052 0.248779866285 0.444187287341 0.00647306473302 0.0778650288011 0.197011828453 0.977282700232
340.0 -1.2131384445 0.110670067391 0.494792554576 0.0071918525882 0.0832574972236 0.201245825191 0.975969561132
360.0 -1.16510984687 -0.0442077952357 0.556857183988 0.00934856337527 0.088532374471 0.203729224711 0.974971294979
380.0 -1.12474450299 -0.206449929643 0.624379973873 0.011484514678 0.087178735451 0.205128480297 0.974777041471
400.0 -1.08629352343 -0.366631853025 0.693497731302 0.0123212003302 0.0841937074902 0.203663325842 0.97533627911
420.0 -1.04517637381 -0.495963657295 0.733012426563 0.0113157807561 0.0838353809421 0.200945892346 0.975942790515
440.0 -1.00413819786 -0.618301103462 0.761604417903 0.0113691800323 0.0878558525153 0.19829237976 0.976131252985
460.0 -0.975021901218 -0.755047373754 0.813100527052 0.0114086268041 0.0858776058185 0.193532576814 0.977261490986
480.0 -0.948795562911 -0.890929200191 0.864157880298 0.00876673391149 0.0776073773442 0.190528881065 0.978569867122
500.0 -0.902893246822 -1.01211696875 0.880926614369 0.0103192235113 0.0804109938115 0.189696232222 0.978490125234
520.0 -0.859794583751 -1.11402740371 0.881377454103 0.0123329890801 0.0838745569751 0.187295050161 0.978638605542
540.0 -0.816686671232 -1.20462410521 0.884196452983 0.0112839208241 0.0838592378965 0.185649686289 0.978966033798
560.0 -0.776187072896 -1.30032735871 0.899514369438 0.00845936106368 0.0841708114335 0.185735838495 0.978951434961
580.0 -0.752054572846 -1.42522014403 0.931586477548 0.00658983651257 0.0790720021037 0.183439265864 0.979823569974
600.0 -0.721193113373 -1.55565781013 0.967647247456 0.00505541073725 0.0743263701921 0.18323859789 0.980241628253
620.0 -0.676288529322 -1.70486918837 0.999697117735 0.00610945904821 0.0785771234475 0.182758298962 0.979993731787
640.0 -0.635331978966 -1.85942977156 1.03404792107 0.00866327734777 0.0823576071165 0.182449547566 0.979721559816
660.0 -0.604924860982 -2.00908802969 1.07757972678 0.0101135345801 0.0794699800623 0.182246429575 0.979983917008
680.0 -0.588021907985 -2.15728966861 1.12434632209 0.0101942650781 0.07325918827 0.178865405816 0.98108936132
700.0 -0.563408707519 -2.30692847061 1.17368758032 0.00987109049179 0.0726620098942 0.175698661571 0.981709108755
720.0 -0.540835926264 -2.44892205346 1.22159604694 0.00995720721844 0.0775113332283 0.174545814891 0.981542971932
740.0 -0.520687756682 -2.5815948659 1.27911979964 0.00831500972779 0.0758938481047 0.175990528434 0.981426674966
760.0 -0.501112635531 -2.71970115862 1.33584793896 0.00784530645724 0.0705729797537 0.176136249083 0.981801368635
780.0 -0.471644741656 -2.86460200951 1.37422266735 0.00961063161653 0.0727070604636 0.175387192127 0.981764051061
800.0 -0.446805846663 -3.0165080669 1.39868032511 0.0131183769545 0.0757500000159 0.174202834782 0.981704241632
820.0 -0.416467199461 -3.17237924472 1.42230320176 0.015685406439 0.0767021616672 0.174619160036 0.981518667866
840.0 -0.398023439123 -3.32349905161 1.44616033347 0.0159957970381 0.0731033791654 0.173659118771 0.981958523004
860.0 -0.370306481097 -3.47781519077 1.4711444817 0.0147049494682 0.0710006756188 0.1730787035 0.982235425404
880.0 -0.3315134604 -3.63301595167 1.48542489155 0.0140068857351 0.0788694811499 0.173662743007 0.981541982692
900.0 -0.297952176585 -3.77087657832 1.49068641985 0.0140224984409 0.0864595480297 0.178385332214 0.980054482844
920.0 -0.262553773694 -3.89464900531 1.50414806705 0.0132558748283 0.0847540488718 0.188271971475 0.978363274934
940.0 -0.219625540364 -4.00468683805 1.51868008464 0.0113262039708 0.0827115599663 0.202775701227 0.975660048349
960.0 -0.170318042228 -4.10938875294 1.52708902422 0.0100143817135 0.0879011972924 0.218917007358 0.971724464837
980.0 -0.114989173094 -4.21069003715 1.53110764761 0.00893047645818 0.0978726862481 0.236155102765 0.966732616247
1000.0 -0.0538229882082 -4.30551511431 1.53517611435 0.0088502065149 0.105719125087 0.254478407938 0.961241842789
1020.0 0.00900051146942 -4.39094640193 1.53608453703 0.00859159017417 0.106014058765 0.27073946023 0.956758772417
1040.0 0.0822241409238 -4.45688007318 1.52005177451 0.00931465371987 0.109861296432 0.28528930227 0.952078645272
1060.0 0.15645225961 -4.51592216407 1.48873626907 0.00987605148677 0.121278003032 0.297551249619 0.946919935072
1080.0 0.233233586124 -4.56187471794 1.46009238 0.00823574596883 0.131263015786 0.310264212061 0.941508529908
1100.0 0.314243787809 -4.59139082793 1.4410717541 0.00409442641857 0.135826626244 0.324519368776 0.936067060934
1120.0 0.399625940477 -4.60835269155 1.42892474441 0.000633178696537 0.137896066714 0.340024847026 0.930251244167
1140.0 0.488237394834 -4.6211314797 1.40849516243 -0.00057635450802 0.141971333892 0.355333688962 0.923894895352
1160.0 0.577892618487 -4.6273696925 1.37940712774 0.00141922628671 0.149415143521 0.369618988884 0.917090455593
1180.0 0.680987259362 -4.56478043996 1.30786544147 0.00509472574708 0.168979020852 0.3995484914 0.900988977347
1200.0 0.799888973656 -4.44252231137 1.21757856514 0.00768480367518 0.194303741514 0.447675292322 0.872796558466
1220.0 0.906106251623 -4.27348448448 1.13293241729 0.00943349248152 0.215053206732 0.504971242654 0.835863129697
1240.0 0.985057166182 -4.06439512908 1.06836806524 0.00755161241143 0.230329699127 0.565063352241 0.792208691447
1260.0 1.03465594314 -3.84552015476 1.00271814049 0.00338932577893 0.248364056821 0.619469620718 0.7446886576
1280.0 1.05394881783 -3.65266055975 0.95965594821 0.00333021011461 0.259078178032 0.662106999783 0.703193947789
1300.0 1.05311548595 -3.48214152654 0.914496553819 0.00718927140579 0.26845990381 0.696038522198 0.665888857122
1320.0 1.03305483714 -3.32082022391 0.856678512182 0.0111791478426 0.283158588845 0.724483020786 0.628347509591
1340.0 0.993589533311 -3.16164397794 0.801619432764 0.0150330456138 0.29838194528 0.750858132237 0.589028256983
1360.0 0.939457235075 -3.00004417197 0.75352262057 0.0196860220808 0.30927436517 0.777357447346 0.54742782779
1380.0 0.874224719525 -2.84234951814 0.709304620933 0.0220201544193 0.317989264869 0.802867175222 0.50378789106
1400.0 0.801602105898 -2.68667094708 0.667403502532 0.0221853229624 0.326397521503 0.82573639414 0.459490888695
1420.0 0.725761949338 -2.54260122707 0.625925095661 0.021015425969 0.335745265565 0.845464285096 0.414757291858
1440.0 0.648082571146 -2.40301832287 0.585845429123 0.0221823957993 0.342650041675 0.863218518603 0.370071181528
1460.0 0.589348378451 -2.27302739594 0.558892531966 0.0261995094417 0.345957396929 0.877270187867 0.331698783076
1480.0 0.573473371267 -2.13994605185 0.516463560378 0.0290792852269 0.348054147683 0.886397464841 0.303829293805
1500.0 0.58014348552 -2.01439593184 0.45285937481 0.0279578187256 0.355673819359 0.891037594493 0.28065370084
1520.0 0.59663537737 -1.8908328053 0.378459201369 0.0276646646937 0.362175182377 0.894683931669 0.260008588341
1540.0 0.572924595342 -1.77451409681 0.292356335719 0.0256782306115 0.371129998687 0.899426109577 0.22942498983
1560.0 0.569809167667 -1.63907912551 0.214865521363 0.026355463968 0.370814845644 0.905340559604 0.205329517863
1580.0 0.552960086914 -1.51552304423 0.125068132375 0.0227477565212 0.375266736561 0.910081599519 0.174381473275
1600.0 0.549568645817 -1.37913826607 0.0394073225266 0.0254857063165 0.372822630248 0.914974993515 0.152231817932
1620.0 0.579135977619 -1.24314801178 -0.0341129717205 0.0309211962959 0.367922008909 0.918719291606 0.140114732312
1640.0 0.639896477514 -1.09438142946 -0.11734269394 0.0341094558332 0.362769346379 0.921499582193 0.134437592841
1660.0 0.727421862485 -0.938535178635 -0.201363687813 0.0377452593597 0.360940744896 0.921407415202 0.138944050899
1680.0 0.85043135286 -0.770912108553 -0.294936777086 0.0391816188269 0.361106629965 0.918540840617 0.156043348655
1700.0 0.950713682054 -0.62930615055 -0.391692361987 0.031599301258 0.368020580364 0.913734373357 0.169268519028
1720.0 1.02564264257 -0.490790023558 -0.482716670805 0.0249136013813 0.371161173615 0.911458109697 0.175678143021
1740.0 1.09526982771 -0.350897559175 -0.548329152521 0.0257903124609 0.368246202016 0.911778411234 0.179971451323
1760.0 1.15293191368 -0.205267472901 -0.604560179323 0.0325951453216 0.363434910403 0.912992780922 0.182474119773
1780.0 1.20481041805 -0.0634284336129 -0.666521062568 0.0349865298869 0.361444578914 0.913517597252 0.183355825135
1800.0 1.25495691467 0.0698075337599 -0.736266022968 0.0306748693897 0.365080389437 0.912275536452 0.183108457551
1820.0 1.3023281301 0.204282037055 -0.799867289031 0.0277127179241 0.36816326368 0.911366496269 0.181931102398
1840.0 1.34365000172 0.341103541658 -0.84052652698 0.0302039686118 0.366911046576 0.912170365664 0.180025632022
1860.0 1.38197897673 0.482491614984 -0.879940261292 0.0329330902838 0.36341355794 0.913951067764 0.177593477366
1880.0 1.43389943794 0.595076653823 -0.917773116103 0.0337820242781 0.360046841408 0.913231661377 0.187704500445
1900.0 1.53268406159 0.679157203937 -0.934240524931 0.03476968116 0.353290786776 0.908478361172 0.220553296355
1920.0 1.6671150688 0.738986757314 -0.945225417866 0.0350147517877 0.34469958767 0.898204494699 0.270526980391
1940.0 1.81444227544 0.76783817279 -0.941839316694 0.0306671688008 0.337146570372 0.881954482411 0.3279451262
1960.0 1.93895014592 0.788285668587 -0.934307063452 0.0212321448905 0.333140020555 0.863625758658 0.377779660266
1980.0 2.03184630198 0.815223606157 -0.909504567774 0.0175036001197 0.330402780389 0.846803738239 0.416474555763
2000.0 2.13194878999 0.821445478885 -0.842024372787 0.0215546247283 0.314017836115 0.824712011311 0.469870508922
2020.0 2.22883183513 0.815622382422 -0.754349537986 0.0207791291649 0.296269005551 0.796545324306 0.526600845486
2040.0 2.30237859542 0.797773453725 -0.657382397609 0.0165350924061 0.282208560091 0.761614152945 0.583119885927
2060.0 2.36141332916 0.781578354239 -0.56867178407 0.0120341871561 0.265988146471 0.722008889419 0.638598972656
2080.0 2.40118156162 0.729409476732 -0.465851371632 0.00663989412291 0.246657911744 0.676051964672 0.694312269403
2100.0 2.40380634531 0.732040590475 -0.457073891265 0.0145571577664 0.210917264972 0.621279901527 0.754528515335
2140.0 2.28850770926 0.585195897103 -0.129387014599 0.00213122066135 0.178058104261 0.50285686005 0.845828438696
2160.0 2.21872130135 0.506968840671 -0.130244554725 -0.00525591022534 0.165189286133 0.435954951038 0.884662735634
2180.0 2.18447790575 0.510236362208 -0.0990293663379 -0.00736484665632 0.163487596113 0.396227723122 0.903449587072
2200.0 2.14553246572 0.498847457118 -0.0738775959557 -0.010443863704 0.149013660995 0.359897802682 0.92095571347
2220.0 2.04589045794 0.535752860334 -0.00735331216336 -0.00926478276261 0.112814076411 0.310530597396 0.943799711827
2240.0 1.96832584846 0.542947675343 0.0153795182305 -0.0169159070788 0.100390005558 0.26082315732 0.960003635138
2260.0 1.87480172453 0.571918218695 0.029540569708 -0.0184566690763 0.0908798010187 0.208910441895 0.97352793509
2280.0 1.75905534947 0.601947648036 0.0561939845247 -0.0234031141201 0.0670408716028 0.152210258827 0.985794021534
2300.0 1.65150543054 0.629216207879 0.076816769066 -0.0291159765826 0.0357639122431 0.0955809237904 0.99435279931
2320.0 1.54042711655 0.647943884793 0.0703893834359 -0.0308789814938 0.00663330829911 0.0341314486561 0.998918180801
2340.0 1.40780776776 0.658181244872 0.0326172901457 -0.0285047585146 -0.0134813564772 -0.0339749547196 0.998925139448
2360.0 1.28492647637 0.728066711196 0.0310929235272 -0.0269867044072 -0.0298527609747 -0.096597090096 0.994509694589
2380.0 1.19920912962 0.807394538804 0.0250838173159 -0.0269552812237 -0.0399572992797 -0.1357449917 0.989570676747
2400.0 1.10351655185 0.908050389792 0.0274464904512 -0.0337732866325 -0.0682831977263 -0.178855150726 0.980921813947
2420.0 0.990363351062 1.00666783136 0.0121235932766 -0.0408237048121 -0.0972581522011 -0.234108193077 0.966471743451
2440.0 0.868701262683 1.09211238889 -0.0442092045506 -0.0384200162935 -0.117318480613 -0.295842879565 0.947226090786
2460.0 0.741768418994 1.18039547276 -0.122530113151 -0.035260468195 -0.136892177651 -0.358763875398 0.922662296179
2480.0 0.6314761779 1.24902631926 -0.204588165394 -0.0326914050815 -0.156229287291 -0.413987967327 0.896179471275
2500.0 0.494938715972 1.32848166691 -0.284832868988 -0.0324163432001 -0.177569504092 -0.467079191359 0.86559533323
2520.0 0.357828449176 1.41795996335 -0.392596834954 -0.025780824193 -0.195446147111 -0.51188943072 0.836125207969
2540.0 0.246374690956 1.4947205284 -0.508952973254 -0.0149204047669 -0.208240229872 -0.54322132435 0.813218286167
2560.0 0.143266296651 1.57192124542 -0.603767895845 -0.0140895444625 -0.221722151567 -0.566271083363 0.793711428914
2580.0 0.0432972282239 1.6431177906 -0.67424144496 -0.0202698311172 -0.232407625925 -0.583317653238 0.778020786856
2600.0 -0.0844381993518 1.74170236894 -0.735113872293 -0.0287967805179 -0.241828278259 -0.604198191608 0.75870572327
2620.0 -0.203208182088 1.82584147038 -0.797219369847 -0.0308488181905 -0.247014431324 -0.621982976652 0.742407837976
2640.0 -0.31872168357 1.88120099223 -0.854719636783 -0.0226975360991 -0.245744816756 -0.632216572777 0.734436186471
2660.0 -0.436813229689 1.92580349917 -0.895304785286 -0.0147530034534 -0.243671494913 -0.632411488371 0.735161384209
2680.0 -0.552613436746 2.00899983774 -0.911957954424 -0.0260093467415 -0.24989665082 -0.634946817275 0.730559865462
2700.0 -0.663173828855 2.09413525636 -0.920055130337 -0.0403709495266 -0.25686623635 -0.63777910094 0.725001890661
2720.0 -0.764178929994 2.14596500717 -0.948964036394 -0.0377326535585 -0.259040769536 -0.640019541138 0.722391246857
2740.0 -0.858906096633 2.18371687546 -0.986490857432 -0.0260799196315 -0.25573365876 -0.641242817119 0.722999158411
2760.0 -0.951084132809 2.22940007979 -1.00596574115 -0.024031716644 -0.253509700279 -0.640843219984 0.724206652731
2780.0 -1.0569731712 2.3060375108 -1.00632236402 -0.0340016997886 -0.254926956959 -0.641228712608 0.722967405319
2800.0 -1.16114104891 2.38787308517 -1.0045747193 -0.0425487098284 -0.257557589715 -0.642330368061 0.720600717137
2820.0 -1.27463686536 2.47270743772 -1.01951041985 -0.0415710232568 -0.258503935368 -0.645549413786 0.717435376731
2840.0 -1.38745481185 2.56202523502 -1.04427621152 -0.0352316273001 -0.261035506907 -0.650611666213 0.712266562713
2860.0 -1.50930887701 2.66088210253 -1.06646076197 -0.0320051483234 -0.263265533276 -0.656593359934 0.706082211333
2880.0 -1.61642393827 2.74257967518 -1.07595535115 -0.0312224771272 -0.26547808367 -0.660867841356 0.701284707001
2900.0 -1.72467005786 2.8083338302 -1.088891415 -0.0291265280402 -0.264888836992 -0.663654718401 0.698962062021
2920.0 -1.82742173214 2.86467481203 -1.09874844827 -0.0288523362621 -0.265702207676 -0.664167382263 0.698177318356
2940.0 -1.93269854892 2.91692962385 -1.10339850344 -0.0309604493442 -0.265913850289 -0.663457743459 0.698680969717
2960.0 -2.03657398271 2.96659424035 -1.10762042414 -0.0324825653502 -0.265548741454 -0.661641772256 0.700470494787
2980.0 -2.13696662752 3.00445951005 -1.11164811611 -0.0311737227128 -0.263491493524 -0.659564929878 0.703259934255
3000.0 -2.22888710003 3.04417454011 -1.11483055082 -0.0290535267981 -0.261150139014 -0.656888243317 0.70672083121
3020.0 -2.32099492727 3.07754807543 -1.11574429065 -0.0295242906656 -0.260164081421 -0.652892428501 0.710756247813
3040.0 -2.40736694429 3.1058114073 -1.12264679476 -0.0285329591706 -0.260163949506 -0.64833808132 0.714953370458
3060.0 -2.50788210927 3.12914284256 -1.12078000573 -0.0307023361799 -0.258524860436 -0.642731810886 0.720498495741
3080.0 -2.60772381343 3.1445827329 -1.12008205941 -0.0323958516501 -0.254589872484 -0.637216248124 0.726697983175
3100.0 -2.68294186866 3.1669438287 -1.12389224386 -0.0296246749149 -0.251985795267 -0.630505405184 0.733545139479
3120.0 -2.77787326704 3.17526931165 -1.11323950062 -0.0316125452598 -0.249312886934 -0.622901786909 0.74083540362
3140.0 -2.8493510847 3.19473906128 -1.10617366969 -0.0330369456973 -0.247721398322 -0.616634658937 0.74652820873
3160.0 -2.90588560135 3.23671404017 -1.10890164325 -0.0389991113107 -0.248859630512 -0.621994348703 0.741397992849
3180.0 -2.94834650753 3.2778720918 -1.11565299786 -0.0420746308432 -0.249770837699 -0.630451055898 0.733740908081
3200.0 -2.99892755373 3.30789428784 -1.1439367373 -0.0334784073413 -0.245388893799 -0.630835651252 0.735329768302
3220.0 -3.04861276717 3.31710841838 -1.15543445349 -0.0266406536761 -0.244250664555 -0.624100605608 0.741707706928
3240.0 -3.11566856187 3.33286960174 -1.16058138104 -0.0322987044234 -0.244542205755 -0.616875937968 0.747408844243
3260.0 -3.15972763316 3.36736593823 -1.16854040798 -0.0373300060819 -0.245173307178 -0.615681465845 0.747952440138
3280.0 -3.2378214613 3.40255778303 -1.15565371118 -0.0392187359555 -0.24407530226 -0.616962944831 0.747158525537
3300.0 -3.34370206938 3.4618175901 -1.15498200646 -0.0387124776654 -0.244792742196 -0.622707316023 0.742168078007
3320.0 -3.46724654189 3.54520077926 -1.16079294963 -0.0381648298243 -0.249159034977 -0.633003986106 0.731962550017
3340.0 -3.60141535687 3.62996976623 -1.17331224538 -0.0379858783345 -0.25432488446 -0.64524962799 0.719394776023
3360.0 -3.70399791826 3.68738508151 -1.18818758655 -0.0309002590077 -0.25658144499 -0.651820599403 0.712980394032
3380.0 -3.79835764342 3.72949893229 -1.19214680789 -0.0277342121696 -0.257752239502 -0.653620710852 0.711037666268
3400.0 -3.88491259464 3.76738683085 -1.17986748646 -0.0306832463747 -0.257985916201 -0.652435490661 0.711919753877
3420.0 -3.97098948144 3.80148704905 -1.16218202013 -0.0336874095291 -0.257009564391 -0.650122082903 0.714249619932
3440.0 -4.05666868682 3.83169709585 -1.14853064874 -0.0340662118916 -0.25527733089 -0.647150307808 0.717544045091
3460.0 -4.16259331791 3.89023148853 -1.14441101411 -0.0347944239411 -0.257434804709 -0.648899723919 0.71515440129
3480.0 -4.29544839787 3.99289976949 -1.14647471009 -0.0395401213268 -0.264472408631 -0.658866533863 0.703125745819
3500.0 -4.43996605227 4.11820489577 -1.16622850456 -0.0413505479444 -0.271333268588 -0.675840544803 0.684037972295
3520.0 -4.56759462869 4.22433313997 -1.19811106074 -0.0342569268416 -0.275609287924 -0.691975030503 0.666360668508
3540.0 -4.6672355218 4.30481924112 -1.22255635654 -0.0242468237609 -0.276002645107 -0.7024671173 0.655571949174
3560.0 -4.76438577163 4.37638837193 -1.22540407546 -0.025712212983 -0.277426844829 -0.708467505427 0.648418862793
3580.0 -4.86187558472 4.44109188441 -1.22032954319 -0.0332258155421 -0.279364039144 -0.711486681237 0.643924282223
3600.0 -4.93450464575 4.46354395071 -1.21832601924 -0.0327376866675 -0.279739081955 -0.707376756816 0.648299632743
3620.0 -4.98384232366 4.43997605791 -1.21342030156 -0.0260800830521 -0.274276712957 -0.696372154607 0.662689924689
3640.0 -5.05134724241 4.44574487208 -1.20300107989 -0.0267333306158 -0.270059028115 -0.68926361219 0.671765675871
3660.0 -5.13701386042 4.47036345174 -1.19420929819 -0.0257249751483 -0.26664573096 -0.678154106614 0.684357572836
3680.0 -5.28777702367 4.54036983897 -1.18330275222 -0.0275114187742 -0.265550967173 -0.665830337764 0.696703500051
3700.0 -5.46550260748 4.6181166883 -1.17701590332 -0.0254076448945 -0.264652550702 -0.651561601006 0.71047938681
3720.0 -5.62693489992 4.69536297345 -1.18919630358 -0.0210897368065 -0.263249258839 -0.636502282267 0.724651568267
3740.0 -5.78157107603 4.77834919791 -1.20078272351 -0.023714912333 -0.2627644324 -0.625988194592 0.733846875193
3760.0 -5.92177600099 4.87041395711 -1.21215922825 -0.030813047529 -0.261076990451 -0.623628354262 0.736190897064
3780.0 -6.049908452 4.93809670616 -1.22423252447 -0.0314918315415 -0.255468958806 -0.620996203827 0.74034288709
3800.0 -6.1665644767 4.98852828738 -1.24783690905 -0.0243156591653 -0.248646544333 -0.617338607234 0.745973651498
3820.0 -6.28493647131 5.02468072317 -1.26401152137 -0.0218206695418 -0.244830788962 -0.611127252328 0.752399644218
3840.0 -6.38573444345 5.05958091842 -1.27866708418 -0.0229413041202 -0.245766299866 -0.602356413056 0.759104323572
3860.0 -6.49232888426 5.07758313962 -1.28815187469 -0.0249428408527 -0.244907133064 -0.593059231702 0.766602307952
3880.0 -6.57749518997 5.09316896256 -1.29895417865 -0.0209579926235 -0.242240205024 -0.583744987719 0.77467556753
3900.0 -6.66814404936 5.10449418997 -1.30582496182 -0.0176612834028 -0.23578972475 -0.574661089962 0.783489576481
3920.0 -6.75385178229 5.11394076024 -1.29705655298 -0.0184500281359 -0.229402418488 -0.564809597767 0.792479807392
3940.0 -6.82701242659 5.12238043273 -1.28926333023 -0.0189674323422 -0.225510547576 -0.55363872814 0.801417112461
3960.0 -6.90941222205 5.11534403448 -1.27590042335 -0.020396826325 -0.221384818557 -0.541887154103 0.810512827663
3980.0 -6.98559286393 5.09970351017 -1.26711414297 -0.0197871863747 -0.217028214334 -0.528916569661 0.820216120164
4000.0 -7.04413238837 5.09475472109 -1.26773993968 -0.0149588560031 -0.212543875404 -0.515787501674 0.829797919238
4020.0 -7.0965507945 5.05899827381 -1.27915238292 -0.0123399289832 -0.209588842983 -0.500398219564 0.839953489729
4040.0 -7.13535144123 5.09328525168 -1.23903792074 -0.00557636294944 -0.204015944526 -0.487123628692 0.849150733925
4060.0 -7.16719567522 5.08746176558 -1.10547073442 -0.0166729371165 -0.199365788053 -0.471483675403 0.858882087106
4080.0 -7.18537501126 5.11332597475 -1.00817388317 -0.0182035812695 -0.190460815703 -0.457856913138 0.868193730916
4180.0 -6.67413386766 4.89808040025 -0.762205980142 -0.0036366178395 -0.0855992409731 -0.21182526287 0.973544864382
4200.0 -6.49302775501 4.8990371917 -0.720374804243 -0.00645385671669 -0.0488008558867 -0.140603746677 0.988841448675
4220.0 -6.38408594258 4.89281576292 -0.672197313466 -0.016194871138 -0.0271182628327 -0.0887867322401 0.995549718572
4240.0 -6.25867848929 4.88520068404 -0.658001359486 -0.0154337545139 -0.00815781254266 -0.040456964874 0.999028770011
4260.0 -6.18068463362 4.86328815298 -0.661431682715 -0.00824176097891 0.00302043892775 -0.00785160633326 0.999930648897
4280.0 -6.09913833565 4.82587909016 -0.687089979972 0.00365518170312 0.016177589445 0.0218011408872 0.999624747344
4300.0 -5.95887642407 4.74805188315 -0.721780422173 0.0215207034222 0.0565186656099 0.0698871314446 0.995719985046
4320.0 -5.75531328727 4.6633981526 -0.751421614858 0.0326699795772 0.0959242037061 0.132919211247 0.985932909918
4340.0 -5.53079287618 4.62239545704 -0.738578642443 0.0327536006136 0.118758240895 0.21090080775 0.969713633583
4360.0 -5.32563310496 4.60348167696 -0.680503050667 0.0206215264633 0.120197660242 0.281186378462 0.951872625768
4380.0 -5.14009252134 4.56941468631 -0.626819785327 0.0112278388441 0.120756157508 0.324241833705 0.938167959021
4400.0 -4.95718877104 4.47618431008 -0.583560528595 0.00844463041484 0.145637848816 0.343499237789 0.927753511903
4420.0 -4.77897888296 4.37857921019 -0.564375489703 0.013385338269 0.170098564409 0.355806714268 0.918851943018
4440.0 -4.63418597628 4.31016338345 -0.544928321088 0.0203750342675 0.169235309227 0.372438064103 0.91226868657
4460.0 -4.49883966382 4.25948533386 -0.533695156513 0.0251485982168 0.160791592967 0.387866027586 0.907234014069
4480.0 -4.36605552676 4.20783690857 -0.539011312545 0.024211931784 0.163449806486 0.397731914539 0.902500563587
4500.0 -4.19700898607 4.12382160219 -0.543804780307 0.0221742750188 0.176593497338 0.401396761302 0.898445144815
4520.0 -4.05515895542 4.0507803096 -0.559208440364 0.0211177740154 0.184079149851 0.404100931145 0.895751831513
4540.0 -3.92185632507 3.99439116472 -0.567976360347 0.0191801825051 0.182672994957 0.407907171483 0.894356996375
4560.0 -3.78433893339 3.94645851295 -0.566694102235 0.0164792023093 0.175877746003 0.410383293917 0.894640154714
4580.0 -3.62994954159 3.89086945951 -0.567920706669 0.0136077735904 0.174245694663 0.410230115549 0.895077940006
4600.0 -3.47391175402 3.8496368609 -0.58255963981 0.0142684073534 0.185329169212 0.41137949184 0.892309601699
4620.0 -3.33242750998 3.86660697598 -0.523708592426 0.011614950323 0.180236431558 0.417932625421 0.890343889897
4640.0 -3.20653174609 3.89059515669 -0.455612021971 0.00583869944264 0.166464893044 0.426201905356 0.889161000519
4660.0 -3.07147378864 3.90118513846 -0.423193962371 0.00320377311067 0.168446215094 0.431183834638 0.886395007435
4680.0 -2.95191805405 3.89811339251 -0.425374618182 0.00787241337731 0.181332600027 0.432041182451 0.88340077538
4700.0 -2.84048804603 3.89218583136 -0.435162337362 0.0156749593779 0.18781492447 0.433041534004 0.881450440821
4720.0 -2.72950721482 3.88562390136 -0.444385542781 0.0209463495202 0.187879673459 0.435580105736 0.880075252595
4740.0 -2.64084631735 3.87080580401 -0.44853385525 0.0210306204382 0.180467563589 0.431606211113 0.883575265625
4760.0 -2.58645368227 3.84116265349 -0.450937426733 0.0136432907519 0.171973466291 0.413707479555 0.893915605004
4780.0 -2.54523556936 3.7892005156 -0.456243187499 0.00553325872922 0.163280184401 0.388173126089 0.906989850336
4800.0 -2.52514569988 3.70317386373 -0.46158074705 0.0012719659775 0.148720780955 0.353956128926 0.923361018351
4820.0 -2.51041322821 3.61602863086 -0.487840118316 0.000728089292737 0.136792252326 0.320496365815 0.937320344967
4840.0 -2.47057912601 3.5466406533 -0.536437856175 0.00407686711109 0.137516373389 0.300987827615 0.943651924086
4860.0 -2.41863021813 3.48758926269 -0.575242906495 0.00610780041442 0.137134593639 0.289496891809 0.947284723636
4880.0 -2.34352753734 3.47191908219 -0.624011877677 0.00726151971814 0.138741373501 0.291955399503 0.946287560053
4900.0 -2.21624353613 3.4985419751 -0.682569473779 0.00757711560233 0.151444149405 0.313214821604 0.93749865731
4920.0 -2.05814571882 3.51533139153 -0.731028817184 0.00897847452245 0.167260164964 0.341330658065 0.924898267961
4940.0 -1.88466334599 3.54065323967 -0.770841424326 0.0123037983874 0.180849104658 0.377163898846 0.908234337215
4960.0 -1.6905664997 3.56567930862 -0.788953587179 0.0154973122197 0.197159627057 0.418737802509 0.886310649559
4980.0 -1.4771716506 3.59382144093 -0.788725848645 0.0190709553291 0.213590855667 0.464939079713 0.858980149476
5000.0 -1.23994028934 3.55440043474 -0.722890714336 0.0233702769698 0.212898894078 0.499471405 0.839438030257
5020.0 -0.999679143335 3.47747141368 -0.636190533736 0.0270840104109 0.202542901195 0.519245420985 0.829835539334
5040.0 -0.770403182707 3.38080301647 -0.600399160122 0.0287231104957 0.210817712942 0.524526886827 0.824380021488
5060.0 -0.558362684085 3.27646612608 -0.590123540935 0.0285696289673 0.224942352579 0.524932986348 0.820384101602
5080.0 -0.366849414098 3.18744718747 -0.583363686196 0.028793125298 0.226928569097 0.526871708655 0.818584499659
5100.0 -0.200438843063 3.11777268366 -0.592614607497 0.0287880719256 0.222768155425 0.529656191232 0.817930262879
5120.0 -0.0450082139348 3.04944460583 -0.617989231947 0.0263321230049 0.22378225082 0.528525488884 0.818467428256
5140.0 0.101839309398 2.9880548776 -0.64688681349 0.0241229849185 0.226081138872 0.527091158162 0.818828621405
5160.0 0.244145588495 2.93219259756 -0.671527506947 0.021361350959 0.225786361111 0.525762630575 0.819840147902
5180.0 0.381956087033 2.88424114226 -0.687718501851 0.0189095346011 0.221764408392 0.524711977759 0.821669226068
5200.0 0.515727730101 2.83950809236 -0.704524547491 0.0169933777289 0.21833723961 0.523322443959 0.823513020275
5220.0 0.604184438974 2.78292260351 -0.715129220167 0.0146943840145 0.217433157571 0.516549559883 0.828060051718
5240.0 0.628544684565 2.72454898851 -0.713619230326 0.0101535504327 0.212047592107 0.507732870939 0.834949133698
5260.0 0.634266861294 2.67765773193 -0.698877428464 0.00612147449793 0.200750212912 0.498428687954 0.843344960612
5280.0 0.631352179584 2.63487202547 -0.686153619425 0.0030051239892 0.192499235948 0.488554357471 0.85102858541
5300.0 0.650578855676 2.55589661719 -0.643767554578 0.000923310814161 0.18374468075 0.473578317389 0.861371358412
5320.0 0.726436175821 2.38810837485 -0.562587900981 0.00672701482133 0.176182139526 0.450672077605 0.875105296208
5340.0 0.817747291481 2.14376639033 -0.454998553636 0.0136594851835 0.169092607037 0.418713236256 0.892132464656
5360.0 0.927455809977 1.87194131442 -0.342046975193 0.0181868093062 0.166292948794 0.387388535121 0.906612385755
5380.0 1.04051473314 1.62142775233 -0.251587106327 0.023889344281 0.16877404933 0.368664759019 0.913800259882
5400.0 1.13516541614 1.42536970568 -0.180309625903 0.0286808976841 0.159468948597 0.364496216371 0.917000310138
5420.0 1.22780122955 1.27186099502 -0.119984853502 0.0278351408033 0.146848707678 0.365484962403 0.918739029457
5440.0 1.32075786994 1.14443366261 -0.0929124816147 0.0222254975905 0.145863165448 0.363340673304 0.919898646235
5460.0 1.41380987868 1.04573768364 -0.10529107799 0.0174245139497 0.159343364232 0.363807971183 0.917578246632
5480.0 1.51353407784 0.991953077848 -0.126710235829 0.0135881179221 0.168550001393 0.374882288859 0.911520449349
5500.0 1.60768720621 0.93988689153 -0.125958248536 0.010063309747 0.153615689268 0.380316788829 0.911953995519
5520.0 1.68851551348 0.935414934161 -0.160777650623 0.00735158496432 0.134421610158 0.373856203336 0.917664603299
5540.0 1.74776052913 0.950493540281 -0.236756049617 0.00382402758889 0.125564688968 0.351376055393 0.927768157135
5560.0 1.78820813064 0.958441342799 -0.297699906549 -0.00532029443996 0.117881337734 0.314924467472 0.941752761859
5580.0 1.81256090074 0.972761298024 -0.333798250844 -0.0160869034021 0.107136828139 0.272595505315 0.95600972907
5600.0 1.84163894352 1.00170218715 -0.369483674445 -0.023001365405 0.101004605636 0.231539496151 0.967294406348
5620.0 1.88255610866 1.03600691678 -0.400655965084 -0.0242654829918 0.0930837614152 0.195240189751 0.976026571361
5640.0 1.94453301628 1.06819734852 -0.425456353102 -0.0212420447625 0.0841361733672 0.168717540423 0.981837191911
5660.0 2.03853986694 1.09500152301 -0.440881201708 -0.0194313931293 0.0745744717212 0.152606118496 0.985277850013
5680.0 2.17306188065 1.11040249707 -0.45570888022 -0.017378877983 0.0745963223304 0.146843840127 0.986189763642
5700.0 2.33926151058 1.11743540274 -0.48058960191 -0.0129852246129 0.0880357677945 0.155025276157 0.983894430965
5720.0 2.45944382632 1.11078643656 -0.485516913321 -0.00773603354185 0.0961046672261 0.166063811037 0.981390267624
5740.0 2.54110837628 1.09994642274 -0.464160111405 -0.00331021034385 0.0835232524586 0.176075583824 0.980821236305
5760.0 2.60883750225 1.085463886 -0.446446760607 -0.000633591442878 0.0740158361538 0.181437678798 0.980612881454
5780.0 2.71311558668 1.07695924167 -0.457388849944 0.00231419383007 0.0860767325797 0.18843991053 0.978302530271
5800.0 2.82148110621 1.04824486862 -0.458035342683 0.00356246671733 0.103191097327 0.194495557878 0.975453937523
5820.0 2.86787422618 0.944827940097 -0.383031034465 0.00241504520088 0.0953753571583 0.184935958853 0.978108582892
5840.0 2.86069465524 0.811675447992 -0.273035874193 -0.00435662243089 0.0625541826745 0.161348406998 0.984903388983
5860.0 2.8369462243 0.678638011078 -0.224760367426 -0.00494608553578 0.0473225589939 0.128163236948 0.990611072189
5880.0 2.81737859348 0.54840362484 -0.230359858046 0.00340298053901 0.0558374461412 0.0943563337017 0.993965533418
5900.0 2.78941091485 0.438804573144 -0.242728196768 0.0099940970047 0.0587793725858 0.0684026768848 0.99587457904
5920.0 2.75299161454 0.328959000056 -0.210602574717 0.00675118674156 0.0405455742135 0.0489313893347 0.997956009565
5940.0 2.72934879558 0.241003977769 -0.178387866646 -0.00207720627079 0.0179572547723 0.035534535281 0.999204943451
5960.0 2.71425044582 0.153299423645 -0.163197873148 -0.00693105737599 0.0135414882398 0.023831887331 0.999600234937
5980.0 2.68143645735 0.0308448165996 -0.144392955042 -0.00354768287784 0.020463485301 0.012087545744 0.999711233784
6000.0 2.63754872164 -0.110167768675 -0.0985429627885 0.000132229045059 0.0218087615169 0.00757735288075 0.999733436552
6020.0 2.5848154542 -0.264620735399 -0.0232844829188 -0.000513699065331 0.0118071679068 0.007519081773 0.999901890342
6040.0 2.52263881408 -0.431102354748 0.0582466511051 -0.000981563315504 0.00252582208364 0.00798617844583 0.999964438223
6060.0 2.45224902864 -0.603090226266 0.150969327763 -0.000536052369302 0.00217800766143 0.00541421530897 0.999982827454
6080.0 2.37511222663 -0.757040465715 0.308170329996 -0.00433692249475 0.00294352116172 0.0015678860934 0.999985034148
6100.0 2.29505804697 -0.911263991193 0.460928555787 -0.00990146156206 0.0011257547841 -0.00135163129804 0.999949432135
6120.0 2.23528851209 -1.03114109964 0.551933539235 -0.00930949202228 -0.00187102217896 -0.00304943725023 0.999950265547
6140.0 2.18835270515 -1.13816382766 0.601273980077 -0.00240716341119 -0.00346262451859 -0.00472435219849 0.999979947945
6160.0 2.14771464913 -1.23995467865 0.625151362508 0.00520583612259 -0.00291861082837 -0.00605041735738 0.999963886063
6180.0 2.11420327458 -1.33242020508 0.650213561409 0.00773094816961 -0.00168202256312 -0.00598026575963 0.999950818622
6200.0 2.08829246188 -1.42420238673 0.677604346424 0.00365528605002 -0.000247684255892 -0.00364336171408 0.999986651637
6220.0 2.06653355651 -1.52292564099 0.692397915573 -0.000160685936311 0.00298723185081 -0.00140676791474 0.9999945358
6240.0 2.04296844176 -1.62735205689 0.691933075955 -0.00251753479209 0.00541846139097 0.000517298989155 0.999982017187
6260.0 2.00230248812 -1.74268677414 0.684139429482 -0.00386879026359 0.00419394286718 7.47794548567e-05 0.999983718724
6280.0 1.960053714 -1.85720964151 0.679664215654 -0.00533421915679 -0.000241100953205 -0.000924549488508 0.999985316484
6300.0 1.914708038 -1.96847406889 0.680408997129 -0.00571985708616 -0.00568734747969 -0.00330906596923 0.999961992976
6320.0 1.86348770043 -2.0770139924 0.683814152506 -0.0054423633986 -0.00757010461523 -0.00677220904334 0.999933603486
6340.0 1.79520904866 -2.19659961713 0.708519118408 -0.00357395316453 -0.00862681622029 -0.0125458746417 0.999877695486
6360.0 1.70765495303 -2.32268412373 0.745180167859 -0.00384042574263 -0.00967817996886 -0.0227576932542 0.999686786629
6380.0 1.60768626693 -2.45542612534 0.795365216592 -0.00643909371343 -0.0119172202054 -0.0364673246126 0.999243039591
6400.0 1.51569985849 -2.6146523402 0.860797706648 -0.0074312674834 -0.0131685516128 -0.0453065036836 0.998858691826
6420.0 1.42664345686 -2.79799373457 0.936484348441 -0.00209354991646 -0.00972878847027 -0.0474889698104 0.998822189116
6440.0 1.33698650729 -2.9935763579 1.02232342877 0.00254275367593 -0.0108865681967 -0.0449538531347 0.99892650787
6460.0 1.25793398855 -3.17610988574 1.09980784018 0.00309079868748 -0.0196676158955 -0.0389538899435 0.999042654899
6480.0 1.19075581358 -3.33866012309 1.15598505709 0.00206265509645 -0.0240935547708 -0.0340828305088 0.999126421799
6500.0 1.14441526386 -3.4737519764 1.17606501222 0.00137333867217 -0.0193515169257 -0.0334154821078 0.99925324032
6520.0 1.10907367402 -3.59771401643 1.1766741685 0.00258574352825 -0.00994661189336 -0.0346367988981 0.999347122378
6540.0 1.07365840601 -3.71284677532 1.18144699151 0.00230350032462 -0.0037484503106 -0.0324628914927 0.999463257795
6560.0 1.02698431473 -3.82403376513 1.20790197335 -0.000260412090954 -0.00382892486665 -0.0248141261942 0.999684715628
6580.0 0.984180545653 -3.9302591975 1.24551880298 -0.00593386692202 -0.00917448211549 -0.0122512543681 0.999865253356
6600.0 0.943001029218 -4.04727088007 1.27081988075 -0.00582415798663 -0.00813630050065 -0.00230475026588 0.999947282572
6620.0 0.889270829929 -4.17783490364 1.30003255827 -0.00227587583479 -0.00484602008722 0.000607748878781 0.999985483455
6640.0 0.823757215454 -4.31190761849 1.33746488061 3.26873823545e-05 -0.000105436158202 -1.04358870815e-05 0.999999993853
6660.0 0.742076195531 -4.45110900641 1.39107051642 -0.000546160950421 -1.36785918812e-05 -0.00403875286811 0.999991694964
6680.0 0.644107151055 -4.59833948789 1.45450918078 -0.00366808740232 -0.00798304098975 -0.0120071547177 0.999889316088
6700.0 0.531083405584 -4.75421326503 1.51360329894 -0.00498190808134 -0.0156173780358 -0.0261947804045 0.999522441756
6720.0 0.447698251009 -4.91325544493 1.55131021556 -0.00114951164921 -0.0116718801544 -0.0353625012882 0.999305728663
6740.0 0.404508790733 -5.06425392787 1.57358472721 0.00540947023908 -0.00075529177998 -0.0317362638205 0.999481353865
6760.0 0.355159360407 -5.21939241894 1.62495270946 0.00440256625575 -0.00389257763915 -0.0243742839455 0.999685630352
6780.0 0.300308247095 -5.36089509973 1.6804005994 -0.00085179913159 -0.0142734885359 -0.0172313349038 0.9997492801
6800.0 0.241605200755 -5.50478592488 1.72468943466 -0.00456227961657 -0.0217838659062 -0.0161100757481 0.999622485867
6820.0 0.170908168162 -5.65887087818 1.74266823504 -0.00116360298025 -0.0161068259288 -0.0234192603857 0.999595295322
6840.0 0.0908898150864 -5.80869097998 1.75873534418 0.00256330744241 -0.00874204736329 -0.0331504660089 0.999408851605
6860.0 0.0127062318415 -5.94325143463 1.7887552365 0.00181546871027 -0.0123141185458 -0.039462358466 0.999143527639
6880.0 -0.0580070005052 -6.07579679763 1.82447800199 -0.000567456091564 -0.0192662275086 -0.0427279758535 0.998900801156
6900.0 -0.084590113012 -6.20931406258 1.85287181518 0.000870879652363 -0.0128101735704 -0.0367757039873 0.999241056311
6920.0 -0.102028759163 -6.3198967985 1.86519072895 0.000530204086688 -0.00859549498082 -0.029346832138 0.999532190474
6940.0 -0.115434557356 -6.41850261824 1.8731436601 -0.00223438002259 -0.00832693358539 -0.0249789982922 0.999650798713
6960.0 -0.113959432987 -6.50608811453 1.87093736256 -0.00363855551235 -0.00525126296974 -0.0200001033685 0.999779566213
6980.0 -0.0560576856893 -6.55779720465 1.84867099527 -0.0036924824635 0.00611482004871 -0.00211365517235 0.99997225312
7000.0 0.0438961407089 -6.59358065598 1.81546131681 -0.00273417631715 0.0238161465457 0.0289749576738 0.999292633452
7020.0 0.174381809774 -6.60314142743 1.78364369503 -0.00139862619577 0.0440886042871 0.074368301054 0.996254783986
7040.0 0.313552370746 -6.59132653652 1.76551133232 -0.00186637164654 0.0633753703841 0.129232607207 0.98958527289
7060.0 0.460844943737 -6.56207683472 1.76357881733 -0.005467231292 0.0814400180224 0.187975708928 0.978776157096
7080.0 0.619635834216 -6.54613456201 1.76889379323 -0.005394880267 0.107059842599 0.245945305301 0.963337942868
7100.0 0.770400510791 -6.52818386972 1.77785979494 -0.00121164157148 0.135395955218 0.302205162399 0.94357750453
7120.0 0.904958652441 -6.48938401462 1.78343491884 0.00524135857857 0.160971085097 0.363659065022 0.917503636151
7140.0 1.01577102608 -6.41220710087 1.79273019906 0.0104012236461 0.182458444658 0.434134379965 0.882115678725
7160.0 1.11334602061 -6.30924308378 1.79405198225 0.0133306177543 0.208176877542 0.507638775412 0.835935138623
7180.0 1.19247024324 -6.18443171951 1.77860308755 0.0148866083278 0.242828927264 0.580392418319 0.777146795486
7200.0 1.24457005724 -6.03798628771 1.76518485953 0.017562092752 0.273078235435 0.652223631048 0.706911723861
7220.0 1.26675481216 -5.88333459849 1.76156985107 0.0219276937132 0.293521390356 0.718709304053 0.629937541284
7240.0 1.30724123061 -5.77769528151 1.80256938373 0.0270438247888 0.295804066102 0.766543915157 0.569367203265
7260.0 1.40466917212 -5.73225442161 1.84407734719 0.0287611492608 0.300417220918 0.79629817532 0.524243746411
7280.0 1.54109841545 -5.68935748521 1.83978700551 0.0287908299931 0.319201363813 0.817530767447 0.4784610974
7300.0 1.64667069718 -5.61953307601 1.77373927634 0.029175747929 0.346325960206 0.836143744635 0.424347432333
7320.0 1.6825504288 -5.53783049299 1.68160461831 0.0369876034177 0.368118144684 0.856368335323 0.36021413493
7340.0 1.68676836641 -5.44685194819 1.60674177722 0.0443113295526 0.376674050964 0.876831781529 0.295498210325
7360.0 1.72817905485 -5.34348722898 1.54489114148 0.0440320568112 0.372061675033 0.893569297855 0.247315987911
7380.0 1.79542260907 -5.22053961639 1.48912613975 0.044500331207 0.360705927525 0.906504716869 0.214849139317
7400.0 1.90242778524 -5.08115625821 1.40849407795 0.0452296025808 0.358845760437 0.911529537167 0.195698508268
7420.0 2.03785668886 -4.93821093563 1.29529770993 0.0418521443181 0.364526050926 0.91087306936 0.188889935485
7440.0 2.21499905073 -4.80774341049 1.17341953735 0.0376020049737 0.370318124556 0.906339915781 0.199996332241
7460.0 2.35414089598 -4.69668211848 1.05281033838 0.0335165727319 0.375159690169 0.902185145749 0.210223236143
7480.0 2.45409757223 -4.58472534024 0.940251444635 0.0316086171331 0.377908864536 0.899845013695 0.215556806333
7500.0 2.56183013976 -4.44238847431 0.824937199255 0.0309490999175 0.379853422652 0.898423380447 0.218148939901
7520.0 2.69643593545 -4.27254411565 0.721576372179 0.0322528644487 0.381403450497 0.897810439631 0.217778729848
7540.0 2.84472184224 -4.08159939798 0.635480345636 0.0367359534432 0.377132157317 0.899386931872 0.218002184437
7560.0 3.00233026174 -3.88689277932 0.546605636781 0.0356357025273 0.375150368524 0.899747388423 0.220106643988
7580.0 3.15780263061 -3.70295518046 0.451741576702 0.0323579694724 0.377706491612 0.897804615156 0.224137549311
7600.0 3.29879068792 -3.5448315324 0.36430827834 0.0311040977419 0.379927152194 0.89570695305 0.228903797234
7620.0 3.40552972515 -3.40210633882 0.284561769066 0.0341200631559 0.378923414021 0.894390205175 0.235199975518
7640.0 3.50071623835 -3.26648155263 0.203960783182 0.0345171591413 0.378178883705 0.893171877316 0.240901007089
7660.0 3.59335671895 -3.13772917432 0.125681631576 0.03286211377 0.376248350657 0.892153413943 0.247829671542
7680.0 3.7331849625 -3.04484905471 0.0856631868466 0.0371463060031 0.36212109379 0.886649107869 0.285204882317
7700.0 3.88402446685 -2.97190756805 0.0680713822636 0.0410753576329 0.342971424353 0.875319431782 0.338377465884
7720.0 4.01974566867 -2.93166422608 0.0501328477561 0.0387295838704 0.328777034368 0.856207821139 0.396628097878
7740.0 4.13795450922 -2.9473768487 0.0314614694549 0.0314605013019 0.318787358332 0.827207838494 0.461640605839
7760.0 4.25861336037 -2.97932792367 0.032913880183 0.0231768091146 0.303751460357 0.790159995617 0.531831803465
7780.0 4.33858999055 -3.02793875643 0.0694144685282 0.017694637258 0.28278404599 0.747158808651 0.601226910409
7800.0 4.37889192739 -3.09474203977 0.119912082468 0.0145109386421 0.262661483832 0.698412313936 0.665596437275
7820.0 4.40096046295 -3.1416043454 0.186057082326 0.0127421325224 0.239218626136 0.644387691487 0.726206988418
7840.0 4.37899304147 -3.19192198003 0.271996658597 0.0107007608696 0.215133558816 0.585828075333 0.781286446663
7860.0 4.37763877642 -3.26727142658 0.354293109658 0.000778745675674 0.186112744325 0.52318666072 0.831647255752
7880.0 4.32263323931 -3.36962997644 0.454946395361 -0.0105351587594 0.162788522269 0.454394215518 0.87573672091
7900.0 4.16820014807 -3.26097576463 0.532623171383 0.0102836880014 0.141638512481 0.389819811775 0.909875426578
7920.0 4.13791317706 -3.27262008701 0.562437180499 0.00808796622747 0.13652520747 0.338788731098 0.93086929706
7940.0 4.0955494373 -3.28662713214 0.618690394567 0.00475398264528 0.128217972171 0.302437842892 0.944493992807
7960.0 4.07811885818 -3.26788261074 0.685497881168 -0.00171162269483 0.109048017077 0.279620997551 0.953896062497
7980.0 4.0550695154 -3.24755804753 0.765597909164 -0.014930401782 0.0944815800177 0.258900992698 0.961155861513
8000.0 3.98577839755 -3.22061938234 0.855025035496 -0.0293815671315 0.064779859183 0.209973631705 0.975116078908
8020.0 3.85780684827 -3.17520727679 0.922563395312 -0.0401728839387 0.037081680028 0.140136331468 0.988621715827
8040.0 3.6792024015 -3.12206155786 0.962432509918 -0.0456363090672 0.0152111613119 0.0585491267817 0.997124840539
8060.0 3.47866191648 -3.01884804964 0.984579355666 -0.0394295910479 -0.00769042259037 -0.0201926172149 0.998988700116
8080.0 3.28442620907 -2.94243940274 0.99908850268 -0.0417819928134 -0.0379821237781 -0.0971882893762 0.993662950783
8100.0 3.14705666798 -2.86399003781 0.983350524815 -0.0347299530906 -0.054508795686 -0.151231695856 0.98638308771
8120.0 2.97595133654 -2.75391729329 0.958680271698 -0.0321158389622 -0.0808597012765 -0.215295508602 0.972665474648
8140.0 2.84827778808 -2.67631836676 0.914938309448 -0.0304119829952 -0.0958039002779 -0.262090925832 0.959794285552
8160.0 2.74575870761 -2.58611722912 0.861858371895 -0.0271356006073 -0.115193571922 -0.30366315306 0.945400861879
8180.0 2.60140101449 -2.47870138696 0.814863748592 -0.0370858580496 -0.145418289357 -0.360081261052 0.920771223319
8200.0 2.45491087455 -2.36236453589 0.759153461736 -0.0491594655687 -0.176661803352 -0.426727112759 0.885594673323
8220.0 2.31601151403 -2.22088583949 0.66766351209 -0.0518431373246 -0.200537614621 -0.500055904561 0.840857328295
8240.0 2.19434487191 -2.04240384208 0.56141401308 -0.05145294345 -0.224698449654 -0.574289602292 0.785528264312
8260.0 2.11708841369 -1.87488907454 0.45402892112 -0.039673864225 -0.236832063685 -0.629133734835 0.739274848619
8280.0 2.06543289917 -1.73492981556 0.367764808241 -0.0284016841064 -0.247903897627 -0.660833934522 0.707838620637
8300.0 2.02179827684 -1.61166639454 0.308887937572 -0.0319467016659 -0.264614367274 -0.680672968256 0.682380359602
8320.0 1.96928124375 -1.50830674892 0.25983762328 -0.0334750363351 -0.277101324476 -0.69098307726 0.666810816391
8340.0 1.89821184026 -1.42882556404 0.218629111938 -0.0274029887512 -0.281460100983 -0.692361411743 0.663826003777
8360.0 1.80596780019 -1.36184071296 0.195353766493 -0.0202466291013 -0.279504239506 -0.68638758615 0.671073420489
8380.0 1.70702395752 -1.32492323352 0.195824690731 -0.0193311163943 -0.274690104961 -0.671672858955 0.687769746876
8400.0 1.60238010378 -1.27294176273 0.202580432 -0.0251170333246 -0.270504029492 -0.655642356277 0.704506781601
8420.0 1.47417186855 -1.18768703134 0.212945174875 -0.0377232997088 -0.270538614154 -0.645093788577 0.713610408311
8440.0 1.3242944659 -1.09217825085 0.204410899593 -0.0394425123569 -0.270069900058 -0.639699176299 0.718534272769
8460.0 1.15465929953 -0.986959966549 0.178071707191 -0.0299168336382 -0.26850021442 -0.638723037223 0.720448124185
8480.0 0.967094193377 -0.857417395151 0.14110756052 -0.0246491038044 -0.268490746139 -0.642520017848 0.717267849261
8500.0 0.772882927187 -0.707244696186 0.104945438897 -0.0253893111183 -0.274046552652 -0.649361664901 0.708931095395
8520.0 0.575532426825 -0.549695008495 0.0641088386983 -0.0299897243092 -0.281406643372 -0.656490670781 0.699235952079
8540.0 0.383402079451 -0.400360973532 0.017199686639 -0.0297084017662 -0.285101619593 -0.663404213687 0.691179663064
8560.0 0.217780412575 -0.292053270914 -0.0340002050783 -0.0258197000113 -0.284025824915 -0.668510203271 0.686845529937
8580.0 0.0686275037599 -0.199486129245 -0.0863028849174 -0.0220357845617 -0.281317718142 -0.673505382455 0.683202214182
8600.0 -0.0743918092843 -0.115097088201 -0.12864744307 -0.0240038758951 -0.279001830101 -0.677497403043 0.680131650206
8620.0 -0.208617262106 -0.0354056934076 -0.16510522404 -0.0288856760303 -0.278213812469 -0.680863235188 0.676895817125
8640.0 -0.338449851678 0.0363154834758 -0.201944565097 -0.0323217868497 -0.27723764019 -0.683812596056 0.67416238877
8660.0 -0.462826503234 0.095149131427 -0.254761780634 -0.030651215618 -0.277027930486 -0.68538802514 0.672725266142
8680.0 -0.581613485959 0.146061266226 -0.315690071752 -0.027290571524 -0.278069033032 -0.685567154699 0.672257773457
8700.0 -0.700431559984 0.19043881427 -0.372432352848 -0.0270293356486 -0.279675570307 -0.685168768412 0.672007997854
8720.0 -0.821623720492 0.236731425275 -0.423980260452 -0.028786822163 -0.278439721043 -0.685653128195 0.671954186244
8740.0 -0.934959550209 0.28064590382 -0.46130679542 -0.0305768999232 -0.275523067277 -0.686002982445 0.672719853033
8760.0 -1.04531997239 0.32024195169 -0.492358657555 -0.031565590862 -0.27144023528 -0.685796826048 0.674541715187
8780.0 -1.14944295742 0.35990499951 -0.515393714365 -0.0333617280269 -0.269760769469 -0.684293045359 0.676652902478
8800.0 -1.23939487411 0.442845679578 -0.551499548801 -0.0427592226805 -0.276541001517 -0.694832463911 0.662498732414
8820.0 -1.30232665739 0.581902322661 -0.608402036335 -0.0525956358992 -0.288195120068 -0.721209722906 0.627721122346
8840.0 -1.3418592965 0.736097996467 -0.68131373462 -0.0540979583068 -0.296381238741 -0.753162784678 0.584788330941
8860.0 -1.35278441786 0.900515981509 -0.76675188634 -0.0501005642159 -0.302505480242 -0.787230227032 0.535022371061
8880.0 -1.35976805855 1.03142438036 -0.853167866604 -0.0400165174134 -0.306121349535 -0.811579105332 0.496011848125
8900.0 -1.38784713272 1.11928426449 -0.932670421904 -0.0313569538834 -0.312515443448 -0.820575332139 0.477500746946
8920.0 -1.40218962479 1.19883112148 -0.991533577594 -0.0350319783716 -0.323046190871 -0.825750553841 0.461031389264
8940.0 -1.40176206609 1.28143106106 -1.0339961142 -0.0465634703137 -0.330215324189 -0.836209916593 0.435364971368
8960.0 -1.39389462944 1.34540743739 -1.07159395317 -0.0455251781647 -0.331305982217 -0.84597804981 0.415313066903
8980.0 -1.41760320962 1.36453810332 -1.1063367171 -0.0310926384686 -0.328320164331 -0.845960656607 0.419034228912
