0 0.000281249885455138 0.000123453959259531 0.000170460268343478 2.95716482307737e-05 -6.49485759060872e-05 4.56830009166286e-05 0.999999996410132
0  0.115978787749084 0.0809145481806052  0.102349390847514 0.030458921998736 -0.0340837604493729 -0.0183569098804177 0.998786050765602
0  0.173874489731626 0.0869136729780583   0.16519845654192 0.0351720890252338 -0.0554094420347452 -0.0234741706083601 0.997567883004084
0 0.219379632686861 0.101275625227508 0.238400939053011 0.0352023249225874 -0.0785726920054223 -0.0194501230102148 0.996096793040693
0 0.226630968413122 0.126316034803451 0.304100801932654 0.047864734716065 -0.0911194262310663 -0.0274779305768163 0.994309398861892
0 0.197022417874571 0.117940422296532  0.32917478745112 0.0472710650751677 -0.083092129766017 -0.0276535509605359 0.995035891562149
0 0.186823352083352 0.130429885232175 0.365293958854898 0.0576916981986238 -0.0929826216438496 -0.0415530455518994 0.993125996254532
0 0.180791837099286 0.128677177365598 0.398498430065791 0.0608593654675725 -0.10697370569131 -0.0519653803120793 0.991036004983963
0 0.171271868790173 0.126727099096716  0.43787157684511 0.0621799122831749 -0.123590781779601 -0.0622013684172958 0.988428028201639
0 0.152220459841239 0.120047290031487 0.478203668109584 0.0597108960578289 -0.146979088898349 -0.0798064646033665 0.984105017021097
0 0.132812065872435  0.11781426138818 0.502088471600717 0.0584305941002932 -0.166420902033836 -0.0951720773895913 0.979710275910527
0 0.121316941427202 0.110052887097843  0.52479685513672 0.0527212054823219 -0.191311196680191 -0.106019057204188 0.974361565347699
0  0.10306921338137 0.108639983820427 0.552211392207175 0.0551570393755572 -0.213926071588759 -0.117366543102999 0.968203713823685
0  0.09843143606508 0.105929555388894 0.566989347548489 0.0527286483371112 -0.24304320219483 -0.121322757900338 0.960952902033643
0 0.0974717792434795  0.105552586814074  0.575116756343696 0.0558550729108129 -0.265867967374397 -0.125423787609459 0.954182010025358
0 0.0938186525990734  0.103782877980262  0.586686106427754 0.0563591240684933 -0.296836638970697 -0.13196518359277 0.944085191716372
0 0.088542718213536 0.103360672041987 0.598302445465156 0.0597747356269906 -0.321289790948987 -0.136911607170645 0.935123020267724
